서울특별시  (1100000000),9588711,9588711,607863,770905,1448195,1458508,1508768,1511117,1259839,697684,282213,40883,2736,4661711,4661711,311894,394929,700106,729046,747653,743744,594968,318032,110235,10401,703,4927000,4927000,295969,375976,748089,729462,761115,767373,664871,379652,171978,30482,2033
서울특별시 종로구 (1111000000),147113,147113,7306,10859,23240,19729,21690,25125,20153,12006,5990,951,64,71567,71567,3655,5401,11375,9786,10578,12685,10036,5318,2417,295,21,75546,75546,3651,5458,11865,9943,11112,12440,10117,6688,3573,656,43
서울특별시 종로구 청운효자동(1111051500),12063,12063,785,1144,1575,1608,2125,1917,1372,941,520,69,7,5598,5598,398,614,779,735,958,880,619,378,212,24,1,6465,6465,387,530,796,873,1167,1037,753,563,308,45,6
서울특별시 종로구 사직동(1111053000),9535,9535,571,678,1245,1455,1489,1546,1228,771,469,78,5,4280,4280,281,302,575,627,663,701,575,318,204,32,2,5255,5255,290,376,670,828,826,845,653,453,265,46,3
서울특별시 종로구 삼청동(1111054000),2519,2519,107,190,308,332,358,394,400,253,143,28,6,1208,1208,48,109,165,158,169,200,184,115,47,12,1,1311,1311,59,81,143,174,189,194,216,138,96,16,5
서울특별시 종로구 부암동(1111055000),9771,9771,527,899,1301,1209,1602,1687,1325,767,375,75,4,4673,4673,258,483,686,584,735,770,633,344,156,23,1,5098,5098,269,416,615,625,867,917,692,423,219,52,3
서울특별시 종로구 평창동(1111056000),18294,18294,1155,1614,2416,2238,2719,3270,2583,1357,772,160,10,8523,8523,589,806,1219,1036,1216,1500,1205,598,308,41,5,9771,9771,566,808,1197,1202,1503,1770,1378,759,464,119,5
서울특별시 종로구 무악동(1111057000),8347,8347,691,996,915,947,1445,1400,1010,596,301,43,3,3902,3902,317,453,422,439,679,735,464,253,126,12,2,4445,4445,374,543,493,508,766,665,546,343,175,31,1
서울특별시 종로구 교남동(1111058000),10220,10220,836,822,1253,1661,1808,1584,1170,718,323,44,1,4731,4731,425,387,589,750,856,763,540,283,126,12,0,5489,5489,411,435,664,911,952,821,630,435,197,32,1
서울특별시 종로구 가회동(1111060000),4197,4197,188,327,486,559,732,703,579,396,188,37,2,1941,1941,92,175,226,253,351,327,270,161,76,9,1,2256,2256,96,152,260,306,381,376,309,235,112,28,1
서울특별시 종로구 종로1.2.3.4가동(1111061500),7250,7250,187,224,928,936,959,1320,1414,833,385,59,5,4335,4335,97,107,478,528,596,926,910,487,186,17,3,2915,2915,90,117,450,408,363,394,504,346,199,42,2
서울특별시 종로구 종로5.6가동(1111063000),5241,5241,110,276,1110,734,577,926,758,498,219,32,1,2826,2826,52,136,559,428,345,529,437,234,98,8,0,2415,2415,58,140,551,306,232,397,321,264,121,24,1
서울특별시 종로구 이화동(1111064000),7390,7390,234,410,1641,1250,941,1083,932,556,303,38,2,3488,3488,119,191,770,612,462,538,441,238,103,13,1,3902,3902,115,219,871,638,479,545,491,318,200,25,1
서울특별시 종로구 혜화동(1111065000),16707,16707,649,1385,4404,2045,2213,2355,1644,1245,663,99,5,8030,8030,315,685,2170,1080,1060,1140,793,495,263,29,0,8677,8677,334,700,2234,965,1153,1215,851,750,400,70,5
서울특별시 종로구 창신제1동(1111067000),5049,5049,128,231,613,532,614,1079,1044,533,242,33,0,2714,2714,64,123,326,308,318,610,594,273,88,10,0,2335,2335,64,108,287,224,296,469,450,260,154,23,0
서울특별시 종로구 창신제2동(1111068000),8175,8175,225,465,1154,889,1035,1819,1424,792,321,46,5,4198,4198,124,241,604,527,538,968,715,337,127,17,0,3977,3977,101,224,550,362,497,851,709,455,194,29,5
서울특별시 종로구 창신제3동(1111069000),6727,6727,368,505,946,929,923,1246,1021,511,237,40,1,3301,3301,197,251,508,451,457,601,508,228,83,16,1,3426,3426,171,254,438,478,466,645,513,283,154,24,0
서울특별시 종로구 숭인제1동(1111070000),6014,6014,281,352,806,825,899,1145,899,532,234,35,6,2920,2920,148,160,402,423,474,570,422,220,88,10,3,3094,3094,133,192,404,402,425,575,477,312,146,25,3
서울특별시 종로구 숭인제2동(1111071000),9614,9614,264,341,2139,1580,1251,1651,1350,707,295,35,1,4899,4899,131,178,897,847,701,927,726,356,126,10,0,4715,4715,133,163,1242,733,550,724,624,351,169,25,1
서울특별시 중구 (1114000000),124477,124477,6588,6699,18376,19937,17838,20457,17881,10639,4961,910,191,60787,60787,3399,3334,8652,9970,9146,10362,8916,4793,1867,281,67,63690,63690,3189,3365,9724,9967,8692,10095,8965,5846,3094,629,124
서울특별시 중구 소공동(1114052000),2193,2193,160,124,249,466,482,306,241,105,45,10,5,1068,1068,84,41,100,221,256,155,135,53,18,4,1,1125,1125,76,83,149,245,226,151,106,52,27,6,4
서울특별시 중구 회현동(1114054000),5096,5096,192,200,507,533,661,945,1033,592,299,89,45,2695,2695,107,81,231,252,366,546,611,298,143,39,21,2401,2401,85,119,276,281,295,399,422,294,156,50,24
서울특별시 중구 명동(1114055000),2938,2938,84,133,361,413,425,496,524,312,151,29,10,1258,1258,50,61,166,214,184,205,216,111,41,7,3,1680,1680,34,72,195,199,241,291,308,201,110,22,7
서울특별시 중구 필동(1114057000),4018,4018,187,177,728,627,492,594,611,352,189,52,9,2086,2086,103,92,359,339,287,342,307,169,70,16,2,1932,1932,84,85,369,288,205,252,304,183,119,36,7
서울특별시 중구 장충동(1114058000),4575,4575,181,276,1166,668,571,591,523,375,192,29,3,2303,2303,94,136,607,356,302,300,257,169,73,9,0,2272,2272,87,140,559,312,269,291,266,206,119,20,3
서울특별시 중구 광희동(1114059000),5353,5353,132,196,1000,863,634,853,860,542,215,43,15,2738,2738,69,93,423,478,344,480,465,278,84,18,6,2615,2615,63,103,577,385,290,373,395,264,131,25,9
서울특별시 중구 을지로동(1114060500),1778,1778,43,35,196,305,197,304,395,202,71,22,8,1070,1070,19,15,86,172,125,222,269,114,35,9,4,708,708,24,20,110,133,72,82,126,88,36,13,4
서울특별시 중구 신당동(1114061500),7670,7670,251,288,1357,1296,1049,1370,1072,658,262,59,8,3813,3813,103,139,620,665,573,733,546,311,107,12,4,3857,3857,148,149,737,631,476,637,526,347,155,47,4
서울특별시 중구 다산동(1114062500),14101,14101,542,793,2366,2208,2030,2297,2008,1221,540,82,14,6839,6839,288,424,1134,1157,1039,1087,933,552,202,20,3,7262,7262,254,369,1232,1051,991,1210,1075,669,338,62,11
서울특별시 중구 약수동(1114063500),16914,16914,1055,948,1972,2367,2409,2816,2738,1624,822,154,9,7978,7978,523,479,969,1142,1188,1336,1276,716,298,47,4,8936,8936,532,469,1003,1225,1221,1480,1462,908,524,107,5
서울특별시 중구 청구동(1114064500),13893,13893,750,865,1952,2152,1915,2355,1993,1197,620,85,9,6573,6573,379,429,949,1067,937,1134,956,464,232,23,3,7320,7320,371,436,1003,1085,978,1221,1037,733,388,62,6
서울특별시 중구 신당제5동(1114065000),10472,10472,564,536,1658,1701,1543,1867,1353,840,357,47,6,5087,5087,281,269,760,845,795,973,660,362,128,14,0,5385,5385,283,267,898,856,748,894,693,478,229,33,6
서울특별시 중구 동화동(1114066500),10558,10558,708,853,1393,1340,1563,1955,1459,772,430,72,13,5115,5115,399,424,697,630,766,945,738,341,148,23,4,5443,5443,309,429,696,710,797,1010,721,431,282,49,9
서울특별시 중구 황학동(1114067000),12613,12613,729,518,2091,2781,1842,1763,1577,910,338,60,4,6033,6033,379,258,874,1372,916,902,764,430,123,15,0,6580,6580,350,260,1217,1409,926,861,813,480,215,45,4
서울특별시 중구 중림동(1114068000),12305,12305,1010,757,1380,2217,2025,1945,1494,937,430,77,33,6131,6131,521,393,677,1060,1068,1002,783,425,165,25,12,6174,6174,489,364,703,1157,957,943,711,512,265,52,21
서울특별시 용산구 (1117000000),228755,228755,13270,15290,33752,38345,35259,36771,29073,16811,8630,1440,114,110038,110038,6803,7754,15966,19109,17337,18151,13918,7303,3231,431,35,118717,118717,6467,7536,17786,19236,17922,18620,15155,9508,5399,1009,79
서울특별시 용산구 후암동(1117051000),17332,17332,939,1237,2569,2787,2729,2799,2244,1307,594,109,18,8409,8409,485,673,1290,1430,1317,1375,1050,563,196,27,3,8923,8923,454,564,1279,1357,1412,1424,1194,744,398,82,15
서울특별시 용산구 용산2가동(1117052000),9833,9833,340,511,1548,1717,1364,1445,1456,932,441,77,2,4746,4746,176,261,818,883,704,675,655,412,144,16,2,5087,5087,164,250,730,834,660,770,801,520,297,61,0
서울특별시 용산구 남영동(1117053000),7549,7549,175,256,955,1058,1072,1620,1373,670,295,56,19,4603,4603,86,150,441,580,679,1130,968,388,152,20,9,2946,2946,89,106,514,478,393,490,405,282,143,36,10
서울특별시 용산구 청파동(1117055500),19676,19676,664,1137,4239,3146,2689,3091,2402,1505,703,97,3,9219,9219,332,605,1670,1698,1350,1530,1118,613,279,23,1,10457,10457,332,532,2569,1448,1339,1561,1284,892,424,74,2
서울특별시 용산구 원효로제1동(1117056000),16042,16042,1296,867,2476,3665,2626,2213,1648,820,358,63,10,7687,7687,642,459,1046,1761,1343,1095,798,371,150,19,3,8355,8355,654,408,1430,1904,1283,1118,850,449,208,44,7
서울특별시 용산구 원효로제2동(1117057000),14100,14100,906,1222,1897,2106,2267,2317,1748,1020,549,64,4,6633,6633,445,496,884,1062,1115,1138,834,457,183,18,1,7467,7467,461,726,1013,1044,1152,1179,914,563,366,46,3
서울특별시 용산구 효창동(1117058000),10258,10258,768,740,1593,1873,1562,1604,1074,651,336,54,3,4841,4841,391,387,739,906,739,769,491,274,124,20,1,5417,5417,377,353,854,967,823,835,583,377,212,34,2
서울특별시 용산구 용문동(1117059000),12187,12187,735,794,1844,2003,1812,1972,1557,984,410,68,8,5813,5813,370,409,888,982,896,971,704,416,161,14,2,6374,6374,365,385,956,1021,916,1001,853,568,249,54,6
서울특별시 용산구 한강로동(1117062500),21705,21705,1186,1006,3628,4649,2915,3497,2611,1401,694,112,6,10383,10383,617,535,1551,2220,1433,1720,1321,652,294,38,2,11322,11322,569,471,2077,2429,1482,1777,1290,749,400,74,4
서울특별시 용산구 이촌제1동(1117063000),27705,27705,2707,2866,2918,3568,4866,4559,3032,1764,1202,217,6,12992,12992,1416,1436,1433,1583,2195,2190,1463,738,455,81,2,14713,14713,1291,1430,1485,1985,2671,2369,1569,1026,747,136,4
서울특별시 용산구 이촌제2동(1117064000),8494,8494,537,516,907,1427,1230,1369,1350,732,366,56,4,3997,3997,274,256,453,724,610,635,602,316,116,11,0,4497,4497,263,260,454,703,620,734,748,416,250,45,4
서울특별시 용산구 이태원제1동(1117065000),6824,6824,235,267,1083,1138,879,1095,1075,612,357,76,7,3286,3286,112,135,578,620,434,513,499,237,137,20,1,3538,3538,123,132,505,518,445,582,576,375,220,56,6
서울특별시 용산구 이태원제2동(1117066000),9190,9190,423,473,1402,1678,1416,1274,1203,819,428,72,2,4246,4246,217,213,699,832,689,568,503,346,158,21,0,4944,4944,206,260,703,846,727,706,700,473,270,51,2
서울특별시 용산구 한남동(1117068500),20738,20738,1147,1175,2708,3902,3357,3220,2779,1572,718,145,15,9990,9990,609,576,1382,1911,1665,1546,1287,687,279,42,6,10748,10748,538,599,1326,1991,1692,1674,1492,885,439,103,9
서울특별시 용산구 서빙고동(1117069000),13115,13115,773,1457,1795,1496,2422,2232,1458,785,601,93,3,6286,6286,396,727,887,731,1145,1102,729,315,218,35,1,6829,6829,377,730,908,765,1277,1130,729,470,383,58,2
서울특별시 용산구 보광동(1117070000),14007,14007,439,766,2190,2132,2053,2464,2063,1237,578,81,4,6907,6907,235,436,1207,1186,1023,1194,896,518,185,26,1,7100,7100,204,330,983,946,1030,1270,1167,719,393,55,3
서울특별시 성동구 (1120000000),291534,291534,19940,19576,44600,48132,44433,47016,37230,20622,8748,1135,102,142277,142277,10170,9766,22023,23639,22258,23433,18187,9178,3287,302,34,149257,149257,9770,9810,22577,24493,22175,23583,19043,11444,5461,833,68
서울특별시 성동구 왕십리제2동(1120052000),16894,16894,1190,1189,2461,2905,2584,2751,2134,1179,441,58,2,8183,8183,589,606,1169,1454,1290,1331,1040,512,177,14,1,8711,8711,601,583,1292,1451,1294,1420,1094,667,264,44,1
서울특별시 성동구 왕십리도선동(1120053500),26832,26832,2312,1573,4305,4631,4043,4403,3085,1633,746,99,2,12807,12807,1200,800,1999,2148,2016,2091,1526,735,269,23,0,14025,14025,1112,773,2306,2483,2027,2312,1559,898,477,76,2
서울특별시 성동구 마장동(1120054000),22608,22608,1183,1638,4261,3228,2995,3675,3046,1737,729,106,10,11167,11167,604,811,2157,1673,1505,1803,1510,781,295,26,2,11441,11441,579,827,2104,1555,1490,1872,1536,956,434,80,8
서울특별시 성동구 사근동(1120055000),11973,11973,416,820,4658,1571,1129,1294,968,743,326,38,10,6138,6138,220,358,2547,871,598,634,450,322,124,9,5,5835,5835,196,462,2111,700,531,660,518,421,202,29,5
서울특별시 성동구 행당제1동(1120056000),14039,14039,972,998,2228,2252,2172,2276,1682,985,402,61,11,6778,6778,492,479,1080,1097,1065,1103,842,437,158,22,3,7261,7261,480,519,1148,1155,1107,1173,840,548,244,39,8
서울특별시 성동구 행당제2동(1120057000),23807,23807,1777,2068,2980,3640,3992,3922,2868,1744,723,90,3,11163,11163,880,941,1402,1731,1925,1914,1323,753,272,21,1,12644,12644,897,1127,1578,1909,2067,2008,1545,991,451,69,2
서울특별시 성동구 응봉동(1120058000),15667,15667,1168,1632,1767,2222,2890,2496,1701,1168,547,68,8,7443,7443,594,803,865,1089,1383,1220,762,504,202,19,2,8224,8224,574,829,902,1133,1507,1276,939,664,345,49,6
서울특별시 성동구 금호1가동(1120059000),15621,15621,1281,1062,1822,2674,2557,2363,2156,1123,520,62,1,7451,7451,634,557,914,1232,1308,1137,984,487,181,17,0,8170,8170,647,505,908,1442,1249,1226,1172,636,339,45,1
서울특별시 성동구 금호2.3가동(1120061500),23117,23117,1725,1423,2835,4157,3693,3682,2993,1744,763,95,7,11008,11008,890,699,1433,1995,1810,1755,1384,754,254,31,3,12109,12109,835,724,1402,2162,1883,1927,1609,990,509,64,4
서울특별시 성동구 금호4가동(1120062000),14564,14564,1350,959,1478,2692,2583,2114,1817,1068,444,55,4,6941,6941,690,499,745,1259,1273,1048,810,447,152,16,2,7623,7623,660,460,733,1433,1310,1066,1007,621,292,39,2
서울특별시 성동구 옥수동(1120064500),26445,26445,2547,1657,2885,5018,4462,3892,3298,1754,776,138,18,12309,12309,1268,858,1317,2254,2192,1793,1512,766,307,37,5,14136,14136,1279,799,1568,2764,2270,2099,1786,988,469,101,13
서울특별시 성동구 성수1가제1동(1120065000),16885,16885,1004,1122,2642,2884,2410,3150,2250,981,398,41,3,8450,8450,541,584,1366,1442,1169,1599,1138,452,143,14,2,8435,8435,463,538,1276,1442,1241,1551,1112,529,255,27,1
서울특별시 성동구 성수1가제2동(1120066000),13116,13116,722,876,2107,2391,2010,2019,1704,897,352,36,2,6452,6452,373,443,1033,1173,975,1043,849,430,124,7,2,6664,6664,349,433,1074,1218,1035,976,855,467,228,29,0
서울특별시 성동구 성수2가제1동(1120067000),16364,16364,801,868,2256,2599,2263,3090,2663,1264,488,59,13,8553,8553,423,447,1185,1401,1210,1669,1423,579,204,9,3,7811,7811,378,421,1071,1198,1053,1421,1240,685,284,50,10
서울특별시 성동구 성수2가제3동(1120069000),11105,11105,579,520,1990,1947,1454,1806,1546,841,369,46,7,5619,5619,299,268,929,1019,748,968,826,394,145,20,3,5486,5486,280,252,1061,928,706,838,720,447,224,26,4
서울특별시 성동구 송정동(1120072000),10628,10628,512,565,1701,1606,1528,1944,1663,757,309,43,0,5618,5618,265,306,880,879,846,1062,893,356,120,11,0,5010,5010,247,259,821,727,682,882,770,401,189,32,0
서울특별시 성동구 용답동(1120079000),11869,11869,401,606,2224,1715,1668,2139,1656,1004,415,40,1,6197,6197,208,307,1002,922,945,1263,915,469,160,6,0,5672,5672,193,299,1222,793,723,876,741,535,255,34,1
서울특별시 광진구 (1121500000),343006,343006,18733,25430,62496,55324,51659,53974,43036,22072,9024,1185,73,165555,165555,9538,12903,29255,27408,25478,26421,20488,10147,3571,327,19,177451,177451,9195,12527,33241,27916,26181,27553,22548,11925,5453,858,54
서울특별시 광진구 화양동(1121571000),22854,22854,370,752,9875,4415,2180,2062,1733,998,411,53,5,10892,10892,175,346,4262,2334,1209,1114,809,458,169,15,1,11962,11962,195,406,5613,2081,971,948,924,540,242,38,4
서울특별시 광진구 군자동(1121573000),19790,19790,844,1008,4520,3629,2585,2874,2386,1339,540,61,4,9749,9749,440,522,2121,1865,1348,1449,1153,627,214,10,0,10041,10041,404,486,2399,1764,1237,1425,1233,712,326,51,4
서울특별시 광진구 중곡제1동(1121574000),15575,15575,720,728,2843,2969,2155,2450,2108,1145,402,54,1,7574,7574,367,372,1278,1519,1119,1214,995,524,175,10,1,8001,8001,353,356,1565,1450,1036,1236,1113,621,227,44,0
서울특별시 광진구 중곡제2동(1121575000),21696,21696,1148,1356,3879,3876,2967,3525,2911,1456,507,69,2,10245,10245,586,685,1701,1889,1467,1654,1355,686,209,11,2,11451,11451,562,671,2178,1987,1500,1871,1556,770,298,58,0
서울특별시 광진구 중곡제3동(1121576000),16382,16382,738,916,2662,2674,2283,2882,2403,1274,482,62,6,8123,8123,409,471,1297,1394,1169,1428,1170,586,182,16,1,8259,8259,329,445,1365,1280,1114,1454,1233,688,300,46,5
서울특별시 광진구 중곡제4동(1121577000),28912,28912,1381,1902,4395,4318,4075,5256,4435,2263,775,100,12,14172,14172,720,1016,2205,2175,2068,2508,2085,1060,308,23,4,14740,14740,661,886,2190,2143,2007,2748,2350,1203,467,77,8
서울특별시 광진구 능동(1121578000),11406,11406,540,530,2362,2604,1612,1409,1266,744,295,42,2,5220,5220,273,270,1006,1150,821,651,573,334,124,18,0,6186,6186,267,260,1356,1454,791,758,693,410,171,24,2
서울특별시 광진구 광장동(1121581000),35120,35120,3187,5462,4085,3730,7603,5553,3075,1449,833,138,5,16986,16986,1666,2774,2031,1619,3493,2830,1529,663,338,41,2,18134,18134,1521,2688,2054,2111,4110,2723,1546,786,495,97,3
서울특별시 광진구 자양제1동(1121582000),22530,22530,950,1486,4368,3721,3349,3593,2859,1514,618,71,1,10868,10868,462,779,2069,1864,1680,1749,1349,640,256,20,0,11662,11662,488,707,2299,1857,1669,1844,1510,874,362,51,1
서울특별시 광진구 자양제2동(1121583000),25239,25239,1587,1826,3774,3851,3968,4192,3696,1660,596,85,4,12271,12271,809,972,1848,1901,1951,1991,1773,782,220,23,1,12968,12968,778,854,1926,1950,2017,2201,1923,878,376,62,3
서울특별시 광진구 자양제3동(1121584000),28485,28485,2268,2615,3873,4269,4564,4680,3583,1633,874,121,5,13650,13650,1126,1274,1917,2007,2172,2230,1783,746,348,46,1,14835,14835,1142,1341,1956,2262,2392,2450,1800,887,526,75,4
서울특별시 광진구 자양제4동(1121584700),17519,17519,678,858,2733,2566,2393,3028,2990,1589,612,70,2,8745,8745,335,418,1346,1392,1248,1602,1435,720,232,16,1,8774,8774,343,440,1387,1174,1145,1426,1555,869,380,54,1
서울특별시 광진구 구의제1동(1121585000),21859,21859,810,1145,4783,4288,3181,3129,2476,1391,578,63,15,10439,10439,416,567,2185,2148,1595,1518,1150,616,223,19,2,11420,11420,394,578,2598,2140,1586,1611,1326,775,355,44,13
서울특별시 광진구 구의제2동(1121586000),26604,26604,1693,2340,3702,3780,4263,4509,3557,1910,759,87,4,12833,12833,855,1184,1834,1890,2077,2166,1625,888,290,23,1,13771,13771,838,1156,1868,1890,2186,2343,1932,1022,469,64,3
서울특별시 광진구 구의제3동(1121587000),29035,29035,1819,2506,4642,4634,4481,4832,3558,1707,742,109,5,13788,13788,899,1253,2155,2261,2061,2317,1704,817,283,36,2,15247,15247,920,1253,2487,2373,2420,2515,1854,890,459,73,3
서울특별시 동대문구 (1123000000),338480,338480,20127,23424,56144,49476,49710,52522,46548,27505,11533,1414,77,167643,167643,10331,11838,27753,25515,25679,26604,22537,12452,4523,390,21,170837,170837,9796,11586,28391,23961,24031,25918,24011,15053,7010,1024,56
서울특별시 동대문구 용신동(1123053600),30974,30974,1230,1400,6206,5424,4130,4632,4176,2517,1124,130,5,15687,15687,630,722,2922,2814,2270,2498,2158,1177,458,37,1,15287,15287,600,678,3284,2610,1860,2134,2018,1340,666,93,4
서울특별시 동대문구 제기동(1123054500),24690,24690,1004,1379,4405,3204,3045,3806,3935,2584,1179,139,10,12669,12669,520,721,2391,1776,1668,2032,1898,1171,453,38,1,12021,12021,484,658,2014,1428,1377,1774,2037,1413,726,101,9
서울특별시 동대문구 전농제1동(1123056000),29453,29453,1829,1868,4590,4210,4241,4852,4211,2457,1075,112,8,14800,14800,950,917,2342,2154,2257,2504,2127,1111,413,24,1,14653,14653,879,951,2248,2056,1984,2348,2084,1346,662,88,7
서울특별시 동대문구 전농제2동(1123057000),18886,18886,1201,1716,2293,2242,3034,3234,2755,1566,766,76,3,9096,9096,610,837,1175,1141,1462,1579,1275,657,333,26,1,9790,9790,591,879,1118,1101,1572,1655,1480,909,433,50,2
서울특별시 동대문구 답십리제1동(1123060000),29065,29065,2689,1998,4140,5298,4734,4222,3317,1775,792,92,8,14074,14074,1364,1022,1904,2503,2468,2070,1614,802,297,27,3,14991,14991,1325,976,2236,2795,2266,2152,1703,973,495,65,5
서울특별시 동대문구 답십리제2동(1123061000),28785,28785,1800,1948,3742,4444,4132,4878,4246,2461,1013,118,3,14009,14009,905,967,1871,2271,2092,2391,2005,1112,370,24,1,14776,14776,895,981,1871,2173,2040,2487,2241,1349,643,94,2
서울특별시 동대문구 장안제1동(1123065000),38399,38399,2480,2629,5279,6317,6248,6020,5470,2848,972,127,9,19106,19106,1290,1350,2497,3269,3253,3000,2640,1375,390,41,1,19293,19293,1190,1279,2782,3048,2995,3020,2830,1473,582,86,8
서울특별시 동대문구 장안제2동(1123066000),32652,32652,2794,2804,3834,5004,5775,4929,4335,2276,787,106,8,16322,16322,1433,1510,1971,2513,2945,2468,2074,1076,303,25,4,16330,16330,1361,1294,1863,2491,2830,2461,2261,1200,484,81,4
서울특별시 동대문구 청량리동(1123070500),19158,19158,742,1075,2240,2155,2418,3330,3754,2322,987,131,4,9577,9577,382,556,1195,1178,1260,1694,1862,1038,373,39,0,9581,9581,360,519,1045,977,1158,1636,1892,1284,614,92,4
서울특별시 동대문구 회기동(1123071000),10390,10390,428,708,3214,1479,1290,1231,964,678,346,51,1,4970,4970,226,336,1519,780,636,629,418,284,127,14,1,5420,5420,202,372,1695,699,654,602,546,394,219,37,0
서울특별시 동대문구 휘경제1동(1123072000),13703,13703,794,806,3428,2137,1685,1935,1522,934,403,56,3,6569,6569,406,396,1479,1111,870,959,749,406,178,14,1,7134,7134,388,410,1949,1026,815,976,773,528,225,42,2
서울특별시 동대문구 휘경제2동(1123073000),24102,24102,1215,2050,5310,2968,3475,3514,2959,1792,716,100,3,11990,11990,639,978,2830,1578,1708,1742,1413,802,260,39,1,12112,12112,576,1072,2480,1390,1767,1772,1546,990,456,61,2
서울특별시 동대문구 이문제1동(1123074000),18013,18013,677,1261,4661,2140,2331,2567,2141,1463,679,88,5,8986,8986,337,641,2313,1214,1194,1345,1001,631,286,23,1,9027,9027,340,620,2348,926,1137,1222,1140,832,393,65,4
서울특별시 동대문구 이문제2동(1123075000),20210,20210,1244,1782,2802,2454,3172,3372,2763,1832,694,88,7,9788,9788,639,885,1344,1213,1596,1693,1303,810,282,19,4,10422,10422,605,897,1458,1241,1576,1679,1460,1022,412,69,3
서울특별시 중랑구 (1126000000),391502,391502,22289,26154,55811,57337,56929,68616,59389,31248,11996,1626,107,193444,193444,11520,13270,27613,29558,29402,33879,28836,14280,4699,359,28,198058,198058,10769,12884,28198,27779,27527,34737,30553,16968,7297,1267,79
서울특별시 중랑구 면목제2동(1126052000),24667,24667,1224,1563,3359,3261,3659,4865,3766,2071,769,120,10,12291,12291,623,767,1666,1727,1935,2481,1834,935,293,29,1,12376,12376,601,796,1693,1534,1724,2384,1932,1136,476,91,9
서울특별시 중랑구 면목제4동(1126054000),19189,19189,1066,1201,2525,2730,2982,3299,2948,1814,549,71,4,9550,9550,559,620,1300,1419,1586,1662,1374,797,212,20,1,9639,9639,507,581,1225,1311,1396,1637,1574,1017,337,51,3
서울특별시 중랑구 면목제5동(1126055000),14634,14634,1323,883,1778,2692,2222,2470,1912,967,354,32,1,7386,7386,658,455,903,1370,1211,1249,949,446,135,9,1,7248,7248,665,428,875,1322,1011,1221,963,521,219,23,0
서울특별시 중랑구 면목본동(1126056500),34230,34230,1518,1902,5404,5274,4979,6263,5009,2774,997,107,3,16993,16993,776,932,2725,2776,2613,3112,2435,1207,397,19,1,17237,17237,742,970,2679,2498,2366,3151,2574,1567,600,88,2
서울특별시 중랑구 면목제7동(1126057000),22120,22120,1169,1232,3075,3352,3154,3847,3592,1929,675,94,1,11117,11117,644,644,1562,1727,1676,1894,1762,924,266,18,0,11003,11003,525,588,1513,1625,1478,1953,1830,1005,409,76,1
서울특별시 중랑구 면목제3.8동(1126057500),25321,25321,1095,1461,3801,3546,3474,4657,4088,2263,825,108,3,12593,12593,558,754,1917,1902,1815,2275,1975,1026,338,32,1,12728,12728,537,707,1884,1644,1659,2382,2113,1237,487,76,2
서울특별시 중랑구 상봉제1동(1126058000),24623,24623,1819,1932,3568,3647,3551,4311,3429,1586,685,92,3,12020,12020,948,1020,1756,1846,1753,2054,1668,694,265,16,0,12603,12603,871,912,1812,1801,1798,2257,1761,892,420,76,3
서울특별시 중랑구 상봉제2동(1126059000),20094,20094,777,773,4174,4236,2616,3079,2530,1357,476,65,11,9723,9723,383,412,1734,2171,1371,1550,1223,650,209,18,2,10371,10371,394,361,2440,2065,1245,1529,1307,707,267,47,9
서울특별시 중랑구 중화제1동(1126060000),20054,20054,1235,1303,2868,3159,2812,3316,3155,1572,561,72,1,9822,9822,643,634,1410,1652,1458,1552,1517,714,228,13,1,10232,10232,592,669,1458,1507,1354,1764,1638,858,333,59,0
서울특별시 중랑구 중화제2동(1126061000),25207,25207,1028,1166,3741,3642,3410,4835,4179,2236,875,89,6,12963,12963,565,626,1862,1934,1846,2583,2142,1025,352,26,2,12244,12244,463,540,1879,1708,1564,2252,2037,1211,523,63,4
서울특별시 중랑구 묵제1동(1126062000),35016,35016,2279,3068,4970,4840,5744,5549,4794,2602,1024,132,14,16922,16922,1167,1546,2392,2425,2819,2664,2248,1201,432,22,6,18094,18094,1112,1522,2578,2415,2925,2885,2546,1401,592,110,8
서울특별시 중랑구 묵제2동(1126063000),19303,19303,1034,1200,2692,3056,2836,3259,3011,1561,575,69,10,9493,9493,528,623,1309,1593,1442,1598,1414,730,233,19,4,9810,9810,506,577,1383,1463,1394,1661,1597,831,342,50,6
서울특별시 중랑구 망우본동(1126065500),30206,30206,1460,1858,4177,4048,4061,5647,5174,2613,1009,151,8,15148,15148,754,922,2110,2105,2183,2833,2589,1251,364,34,3,15058,15058,706,936,2067,1943,1878,2814,2585,1362,645,117,5
서울특별시 중랑구 망우제3동(1126066000),16816,16816,746,1139,2306,2036,2365,3259,2808,1472,571,99,15,8436,8436,398,525,1184,1100,1205,1655,1428,685,234,19,3,8380,8380,348,614,1122,936,1160,1604,1380,787,337,80,12
서울특별시 중랑구 신내1동(1126068000),39068,39068,3202,3755,4846,4929,5904,6456,5665,2810,1266,224,11,19022,19022,1654,1923,2487,2413,2932,3063,2741,1296,477,36,0,20046,20046,1548,1832,2359,2516,2972,3393,2924,1514,789,188,11
서울특별시 중랑구 신내2동(1126069000),20954,20954,1314,1718,2527,2889,3160,3504,3329,1621,785,101,6,9965,9965,662,867,1296,1398,1557,1654,1537,699,264,29,2,10989,10989,652,851,1231,1491,1603,1850,1792,922,521,72,4
서울특별시 성북구 (1129000000),434383,434383,28613,36901,66420,59426,69092,69103,55505,32900,14371,1950,102,209667,209667,14604,18731,31930,29655,34064,34105,26117,14367,5588,480,26,224716,224716,14009,18170,34490,29771,35028,34998,29388,18533,8783,1470,76
서울특별시 성북구 성북동(1129052500),16700,16700,758,1169,2783,2466,2530,2729,2096,1317,705,129,18,7793,7793,366,620,1260,1179,1212,1294,972,553,294,36,7,8907,8907,392,549,1523,1287,1318,1435,1124,764,411,93,11
서울특별시 성북구 삼선동(1129055500),23115,23115,1091,1854,4212,3238,3554,3681,2762,1789,819,101,14,11028,11028,566,972,1880,1605,1726,1834,1350,752,313,27,3,12087,12087,525,882,2332,1633,1828,1847,1412,1037,506,74,11
서울특별시 성북구 동선동(1129057500),15510,15510,572,967,4453,2490,1992,1947,1501,1042,468,67,11,6527,6527,280,422,1438,1147,953,969,679,444,172,22,1,8983,8983,292,545,3015,1343,1039,978,822,598,296,45,10
서울특별시 성북구 돈암제1동(1129058000),14950,14950,806,1289,1993,1987,2104,2686,2182,1271,561,67,4,6996,6996,396,626,925,978,982,1286,1019,559,206,19,0,7954,7954,410,663,1068,1009,1122,1400,1163,712,355,48,4
서울특별시 성북구 돈암제2동(1129059000),24245,24245,1962,2805,2947,2953,4426,4079,2742,1470,729,129,3,11503,11503,983,1413,1430,1386,2087,1959,1292,639,280,34,0,12742,12742,979,1392,1517,1567,2339,2120,1450,831,449,95,3
서울특별시 성북구 안암동(1129060000),14963,14963,439,848,5126,2009,1622,1999,1454,966,441,53,6,7529,7529,219,440,2660,1130,830,986,686,403,162,11,2,7434,7434,220,408,2466,879,792,1013,768,563,279,42,4
서울특별시 성북구 보문동(1129061000),15501,15501,971,924,2630,2574,2374,2503,1930,1071,462,58,4,7469,7469,484,444,1278,1315,1184,1210,910,461,178,4,1,8032,8032,487,480,1352,1259,1190,1293,1020,610,284,54,3
서울특별시 성북구 정릉제1동(1129062000),18409,18409,1382,1761,2289,2611,3168,2837,2275,1388,616,79,3,8866,8866,732,875,1134,1284,1533,1399,1054,590,246,19,0,9543,9543,650,886,1155,1327,1635,1438,1221,798,370,60,3
서울특별시 성북구 정릉제2동(1129063000),23249,23249,1465,1840,3244,3126,3536,3758,3372,1977,816,112,3,11291,11291,757,954,1630,1598,1748,1815,1565,877,320,25,2,11958,11958,708,886,1614,1528,1788,1943,1807,1100,496,87,1
서울특별시 성북구 정릉제3동(1129064000),15139,15139,589,964,3030,1858,1866,2351,2231,1450,696,102,2,7511,7511,301,492,1681,1067,916,1154,999,618,259,24,0,7628,7628,288,472,1349,791,950,1197,1232,832,437,78,2
서울특별시 성북구 정릉제4동(1129065000),25210,25210,1604,2137,3259,3175,4150,4143,3608,2129,873,126,6,12180,12180,851,1109,1691,1529,2043,1987,1639,949,347,33,2,13030,13030,753,1028,1568,1646,2107,2156,1969,1180,526,93,4
서울특별시 성북구 길음제1동(1129066000),35736,35736,3847,4882,3410,4521,7823,5013,3257,2049,815,115,4,17007,17007,1969,2386,1650,2024,3753,2565,1467,866,305,22,0,18729,18729,1878,2496,1760,2497,4070,2448,1790,1183,510,93,4
서울특별시 성북구 길음제2동(1129068500),16599,16599,1397,1437,2064,2386,2889,2742,2098,1098,432,54,2,8019,8019,727,760,978,1159,1380,1361,995,482,163,13,1,8580,8580,670,677,1086,1227,1509,1381,1103,616,269,41,1
서울특별시 성북구 종암동(1129070500),39128,39128,2611,3645,5722,5119,6328,6313,4827,2867,1462,226,8,19375,19375,1344,1978,3044,2567,3140,3134,2310,1227,559,68,4,19753,19753,1267,1667,2678,2552,3188,3179,2517,1640,903,158,4
서울특별시 성북구 월곡제1동(1129071500),26691,26691,2031,2573,3111,3573,4521,4222,3588,2129,841,102,0,12895,12895,1021,1225,1481,1769,2257,2120,1714,943,340,25,0,13796,13796,1010,1348,1630,1804,2264,2102,1874,1186,501,77,0
서울특별시 성북구 월곡제2동(1129072500),19671,19671,1045,1489,3485,2701,2837,3003,2713,1594,707,94,3,9482,9482,557,742,1494,1407,1432,1525,1307,716,279,23,0,10189,10189,488,747,1991,1294,1405,1478,1406,878,428,71,3
서울특별시 성북구 장위제1동(1129076000),24294,24294,1750,1923,3408,3363,3696,4248,3354,1725,736,89,2,11894,11894,869,1006,1735,1760,1835,2065,1577,753,275,18,1,12400,12400,881,917,1673,1603,1861,2183,1777,972,461,71,1
서울특별시 성북구 장위제2동(1129077000),13732,13732,585,868,1974,1739,1926,2395,2192,1404,572,75,2,6799,6799,294,432,974,925,1046,1219,1040,627,222,20,0,6933,6933,291,436,1000,814,880,1176,1152,777,350,55,2
서울특별시 성북구 장위제3동(1129078000),16275,16275,1755,1349,2084,2635,2645,2549,1923,950,344,36,5,8044,8044,900,676,1012,1286,1349,1302,916,464,133,5,1,8231,8231,855,673,1072,1349,1296,1247,1007,486,211,31,4
서울특별시 성북구 석관동(1129081000),35266,35266,1953,2177,5196,4902,5105,5905,5400,3214,1276,136,2,17459,17459,988,1159,2555,2540,2658,2921,2626,1444,535,32,1,17807,17807,965,1018,2641,2362,2447,2984,2774,1770,741,104,1
서울특별시 강북구 (1130500000),303622,303622,15092,21519,42307,37877,45670,52042,46344,29531,11777,1415,48,148033,148033,7819,11029,20781,19875,23442,25608,21627,12781,4680,377,14,155589,155589,7273,10490,21526,18002,22228,26434,24717,16750,7097,1038,34
서울특별시 강북구 삼양동(1130553400),24104,24104,1247,1921,3144,2912,3570,4361,3783,2188,859,114,5,12012,12012,655,1009,1628,1538,1819,2206,1790,1001,332,31,3,12092,12092,592,912,1516,1374,1751,2155,1993,1187,527,83,2
서울특별시 강북구 미아동(1130553500),21964,21964,744,1329,3832,2832,3032,3791,3386,2064,859,94,1,10624,10624,392,698,1684,1503,1590,1848,1658,891,337,23,0,11340,11340,352,631,2148,1329,1442,1943,1728,1173,522,71,1
서울특별시 강북구 송중동(1130554500),29909,29909,1504,2000,4254,4042,4501,5137,4610,2742,1002,110,7,14383,14383,780,972,2076,2036,2298,2426,2133,1206,426,28,2,15526,15526,724,1028,2178,2006,2203,2711,2477,1536,576,82,5
서울특별시 강북구 송천동(1130555500),26973,26973,1016,1600,3597,3203,3831,5001,4622,2854,1111,129,9,13409,13409,514,808,1846,1715,2028,2522,2255,1252,429,38,2,13564,13564,502,792,1751,1488,1803,2479,2367,1602,682,91,7
서울특별시 강북구 삼각산동(1130557500),31532,31532,2931,3946,3333,3746,6393,4960,3347,1965,818,88,5,15143,15143,1519,1998,1652,1729,3088,2492,1522,836,286,20,1,16389,16389,1412,1948,1681,2017,3305,2468,1825,1129,532,68,4
서울특별시 강북구 번1동(1130559500),18651,18651,657,1073,3176,2711,2863,3099,2643,1729,627,73,0,9403,9403,348,558,1573,1460,1526,1613,1257,784,262,22,0,9248,9248,309,515,1603,1251,1337,1486,1386,945,365,51,0
서울특별시 강북구 번2동(1130560300),16140,16140,639,1050,2227,1750,2350,2718,2655,1981,689,79,2,7805,7805,336,550,1153,975,1192,1336,1208,790,247,18,0,8335,8335,303,500,1074,775,1158,1382,1447,1191,442,61,2
서울특별시 강북구 번3동(1130560800),17198,17198,924,1284,1901,1691,2551,2790,2707,2477,789,81,3,8066,8066,466,654,970,878,1288,1343,1203,941,306,16,1,9132,9132,458,630,931,813,1263,1447,1504,1536,483,65,2
서울특별시 강북구 수유1동(1130561500),20927,20927,996,1325,3045,2784,2933,3565,3365,1948,851,111,4,10369,10369,508,667,1532,1522,1573,1741,1575,872,345,34,0,10558,10558,488,658,1513,1262,1360,1824,1790,1076,506,77,4
서울특별시 강북구 수유2동(1130562500),21432,21432,1053,1426,2943,2523,3064,3759,3400,2137,996,129,2,10269,10269,548,758,1418,1325,1542,1785,1559,908,387,38,1,11163,11163,505,668,1525,1198,1522,1974,1841,1229,609,91,1
서울특별시 강북구 수유3동(1130563500),23209,23209,785,1099,4234,3333,3226,3990,3463,2119,864,96,0,11526,11526,400,591,2015,1831,1711,2032,1590,958,364,34,0,11683,11683,385,508,2219,1502,1515,1958,1873,1161,500,62,0
서울특별시 강북구 우이동(1130564500),20730,20730,1080,1392,2616,2583,2947,3562,3305,2154,958,127,6,10067,10067,570,730,1228,1367,1519,1736,1531,943,405,36,2,10663,10663,510,662,1388,1216,1428,1826,1774,1211,553,91,4
서울특별시 강북구 인수동(1130566000),30853,30853,1516,2074,4005,3767,4409,5309,5058,3173,1354,184,4,14957,14957,783,1036,2006,1996,2268,2528,2346,1399,554,39,2,15896,15896,733,1038,1999,1771,2141,2781,2712,1774,800,145,2
서울특별시 도봉구 (1132000000),321227,321227,18013,25087,42717,40023,47495,56344,50373,27506,11888,1661,120,156570,156570,9327,12923,21727,20490,23554,26867,23932,12686,4575,454,35,164657,164657,8686,12164,20990,19533,23941,29477,26441,14820,7313,1207,85
서울특별시 도봉구 창제1동(1132051100),24976,24976,1511,2122,3265,3319,4024,4207,3491,1981,931,118,7,11870,11870,776,1065,1624,1645,1950,1955,1619,851,349,34,2,13106,13106,735,1057,1641,1674,2074,2252,1872,1130,582,84,5
서울특별시 도봉구 창제2동(1132051200),29374,29374,1724,2246,4110,4058,4543,5092,4225,2294,980,98,4,14331,14331,894,1165,2059,2054,2301,2424,1960,1034,412,27,1,15043,15043,830,1081,2051,2004,2242,2668,2265,1260,568,71,3
서울특별시 도봉구 창제3동(1132051300),14102,14102,745,1071,1785,1665,2123,2557,2209,1371,520,49,7,7062,7062,394,562,933,888,1093,1284,1063,624,211,8,2,7040,7040,351,509,852,777,1030,1273,1146,747,309,41,5
서울특별시 도봉구 창제4동(1132051400),26912,26912,1723,2586,3665,3359,4325,4881,3573,1733,915,143,9,12926,12926,897,1307,1850,1635,2043,2303,1719,794,326,48,4,13986,13986,826,1279,1815,1724,2282,2578,1854,939,589,95,5
서울특별시 도봉구 창제5동(1132051500),24873,24873,1522,1917,3643,3484,3528,4343,3719,1774,812,129,2,11928,11928,790,981,1797,1761,1682,1992,1753,826,306,40,0,12945,12945,732,936,1846,1723,1846,2351,1966,948,506,89,2
서울특별시 도봉구 도봉제1동(1132052100),21301,21301,846,1163,2592,2307,2888,3748,3937,2685,1018,115,2,10793,10793,414,630,1393,1286,1571,1855,1908,1280,416,39,1,10508,10508,432,533,1199,1021,1317,1893,2029,1405,602,76,1
서울특별시 도봉구 도봉제2동(1132052200),27350,27350,1567,1667,3300,3554,3725,4466,4917,2804,1141,186,23,13346,13346,799,854,1660,1805,1876,2186,2322,1355,440,45,4,14004,14004,768,813,1640,1749,1849,2280,2595,1449,701,141,19
서울특별시 도봉구 쌍문제1동(1132066000),21698,21698,1169,1613,3026,2582,3212,3680,3376,2035,877,112,16,10469,10469,608,784,1429,1326,1644,1776,1585,936,346,29,6,11229,11229,561,829,1597,1256,1568,1904,1791,1099,531,83,10
서울특별시 도봉구 쌍문제2동(1132067000),18860,18860,992,1335,2507,2529,2713,3257,3043,1608,754,103,19,9075,9075,514,702,1282,1308,1371,1479,1407,694,284,26,8,9785,9785,478,633,1225,1221,1342,1778,1636,914,470,77,11
서울특별시 도봉구 쌍문제3동(1132068000),16673,16673,757,1028,2499,2307,2384,2864,2512,1617,617,82,6,8096,8096,386,541,1221,1200,1247,1313,1180,711,275,21,1,8577,8577,371,487,1278,1107,1137,1551,1332,906,342,61,5
서울특별시 도봉구 쌍문제4동(1132068100),18920,18920,1173,1969,2519,2286,2893,3358,2862,1172,580,105,3,8931,8931,627,985,1259,1107,1311,1517,1358,548,187,32,0,9989,9989,546,984,1260,1179,1582,1841,1504,624,393,73,3
서울특별시 도봉구 방학제1동(1132069000),28719,28719,1505,2184,3821,3274,4168,5368,4673,2598,968,154,6,14288,14288,741,1113,1974,1698,2066,2700,2279,1285,396,35,1,14431,14431,764,1071,1847,1576,2102,2668,2394,1313,572,119,5
서울특별시 도봉구 방학제2동(1132070000),19905,19905,890,1472,2655,2159,2814,3742,3356,1929,778,103,7,10048,10048,457,769,1447,1197,1464,1856,1652,878,297,29,2,9857,9857,433,703,1208,962,1350,1886,1704,1051,481,74,5
서울특별시 도봉구 방학제3동(1132071000),27564,27564,1889,2714,3330,3140,4155,4781,4480,1905,997,164,9,13407,13407,1030,1465,1799,1580,1935,2227,2127,870,330,41,3,14157,14157,859,1249,1531,1560,2220,2554,2353,1035,667,123,6
서울특별시 노원구 (1135000000),517417,517417,32149,51969,72052,63943,84484,87176,69012,37283,16755,2484,110,249522,249522,16558,26953,36873,31883,40225,42277,32062,16168,5888,616,19,267895,267895,15591,25016,35179,32060,44259,44899,36950,21115,10867,1868,91
서울특별시 노원구 월계1동(1135056000),21869,21869,1141,1683,3766,2625,3348,3442,3114,1901,737,103,9,11270,11270,579,904,2175,1448,1725,1739,1493,863,316,27,1,10599,10599,562,779,1591,1177,1623,1703,1621,1038,421,76,8
서울특별시 노원구 월계2동(1135057000),27183,27183,1718,2092,3183,3182,4231,4589,4438,2517,1047,179,7,13112,13112,870,1078,1697,1612,2139,2210,1990,1130,340,45,1,14071,14071,848,1014,1486,1570,2092,2379,2448,1387,707,134,6
서울특별시 노원구 월계3동(1135058000),30220,30220,2186,2109,3516,4538,4580,4759,4642,2609,1127,148,6,14427,14427,1115,1108,1742,2259,2336,2201,2064,1164,406,32,0,15793,15793,1071,1001,1774,2279,2244,2558,2578,1445,721,116,6
서울특별시 노원구 공릉1동(1135059500),37229,37229,2050,2610,6625,5322,5390,5744,5492,2776,1054,164,2,18131,18131,1042,1321,3273,2715,2748,2780,2537,1266,408,41,0,19098,19098,1008,1289,3352,2607,2642,2964,2955,1510,646,123,2
서울특별시 노원구 공릉2동(1135060000),39299,39299,2826,4321,6641,5146,6426,6014,4583,2216,988,134,4,19141,19141,1475,2213,3275,2574,3032,2944,2180,1042,365,40,1,20158,20158,1351,2108,3366,2572,3394,3070,2403,1174,623,94,3
서울특별시 노원구 하계1동(1135061100),27106,27106,1150,3049,4541,2729,4131,4941,3647,1815,970,126,7,13020,13020,614,1697,2420,1362,1836,2397,1680,696,277,40,1,14086,14086,536,1352,2121,1367,2295,2544,1967,1119,693,86,6
서울특별시 노원구 하계2동(1135061200),22421,22421,1467,2767,3047,2544,3980,3885,2565,1373,692,100,1,10696,10696,769,1412,1560,1214,1853,1872,1191,576,223,26,0,11725,11725,698,1355,1487,1330,2127,2013,1374,797,469,74,1
서울특별시 노원구 중계본동(1135061900),24509,24509,1512,4490,3170,1865,4967,4534,2279,1067,550,71,4,11992,11992,801,2269,1654,891,2153,2357,1193,457,199,18,0,12517,12517,711,2221,1516,974,2814,2177,1086,610,351,53,4
서울특별시 노원구 중계1동(1135062100),27108,27108,1955,5619,2937,2001,6461,4482,2121,967,494,65,6,13199,13199,1054,2958,1520,864,2814,2392,1028,402,146,18,3,13909,13909,901,2661,1417,1137,3647,2090,1093,565,348,47,3
서울특별시 노원구 중계4동(1135062400),20396,20396,1159,2230,2576,1949,3454,3566,2650,1906,782,120,4,9852,9852,596,1225,1324,986,1626,1784,1252,756,273,30,0,10544,10544,563,1005,1252,963,1828,1782,1398,1150,509,90,4
서울특별시 노원구 중계2.3동(1135062500),34847,34847,1977,3117,4248,4193,5738,5622,4856,3283,1591,214,8,16051,16051,991,1511,2170,2032,2793,2662,2120,1211,506,55,0,18796,18796,986,1606,2078,2161,2945,2960,2736,2072,1085,159,8
서울특별시 노원구 상계1동(1135063000),38580,38580,2284,3308,5217,4856,5658,6930,5977,2898,1251,194,7,18694,18694,1164,1741,2641,2427,2711,3278,2874,1319,497,39,3,19886,19886,1120,1567,2576,2429,2947,3652,3103,1579,754,155,4
서울특별시 노원구 상계2동(1135064000),20275,20275,952,1828,3266,2309,2991,3937,2901,1410,584,92,5,10025,10025,467,943,1635,1205,1449,1975,1433,672,226,20,0,10250,10250,485,885,1631,1104,1542,1962,1468,738,358,72,5
서울특별시 노원구 상계3.4동(1135066500),26775,26775,1365,2066,3226,2914,3887,4758,4420,2757,1219,141,22,13307,13307,700,1125,1725,1542,1948,2414,2112,1226,475,32,8,13468,13468,665,941,1501,1372,1939,2344,2308,1531,744,109,14
서울특별시 노원구 상계5동(1135067000),24334,24334,1069,2022,3444,2597,3628,4468,3750,2268,931,150,7,11828,11828,547,1024,1829,1358,1796,2167,1759,977,331,40,0,12506,12506,522,998,1615,1239,1832,2301,1991,1291,600,110,7
서울특별시 노원구 상계6.7동(1135069500),33059,33059,2383,2975,4540,4810,5411,5682,4043,1981,1028,201,5,15324,15324,1234,1540,2192,2266,2488,2567,1799,858,337,43,0,17735,17735,1149,1435,2348,2544,2923,3115,2244,1123,691,158,5
서울특별시 노원구 상계8동(1135070000),22750,22750,2357,1990,2745,4691,3848,3025,2300,1172,534,86,2,10945,10945,1229,988,1365,2309,1913,1428,994,511,183,25,0,11805,11805,1128,1002,1380,2382,1935,1597,1306,661,351,61,2
서울특별시 노원구 상계9동(1135071000),20824,20824,1307,2057,2731,2789,3404,3565,2824,1369,659,116,3,9900,9900,665,1073,1427,1420,1540,1650,1281,603,217,23,1,10924,10924,642,984,1304,1369,1864,1915,1543,766,442,93,2
서울특별시 노원구 상계10동(1135072000),18633,18633,1291,1636,2633,2883,2951,3233,2410,998,517,80,1,8608,8608,646,823,1249,1399,1325,1460,1082,439,163,22,0,10025,10025,645,813,1384,1484,1626,1773,1328,559,354,58,1
서울특별시 은평구 (1138000000),474843,474843,28672,37932,66462,67403,75314,76641,65165,38793,16152,2028,281,227446,227446,14700,19381,31875,33216,37277,36865,30012,17073,6451,555,41,247397,247397,13972,18551,34587,34187,38037,39776,35153,21720,9701,1473,240
서울특별시 은평구 녹번동(1138051000),37114,37114,2412,2274,5044,5994,5717,5887,5168,3142,1296,174,6,17643,17643,1201,1134,2392,2955,2888,2824,2298,1381,531,37,2,19471,19471,1211,1140,2652,3039,2829,3063,2870,1761,765,137,4
서울특별시 은평구 불광제1동(1138052000),39123,39123,2298,2650,5350,5370,5881,6673,5633,3469,1596,191,12,18515,18515,1198,1384,2583,2642,2840,3130,2559,1486,625,66,2,20608,20608,1100,1266,2767,2728,3041,3543,3074,1983,971,125,10
서울특별시 은평구 불광제2동(1138053000),28137,28137,1088,1765,4276,3811,3844,4858,4471,2747,1139,126,12,13644,13644,538,901,2142,1996,1998,2257,2081,1229,463,35,4,14493,14493,550,864,2134,1815,1846,2601,2390,1518,676,91,8
서울특별시 은평구 갈현제1동(1138055100),22736,22736,975,1529,3670,2978,3217,3927,3528,2070,736,100,6,11080,11080,521,789,1854,1589,1643,1793,1629,923,312,25,2,11656,11656,454,740,1816,1389,1574,2134,1899,1147,424,75,4
서울특별시 은평구 갈현제2동(1138055200),28576,28576,1500,2390,4374,3842,4648,4741,3738,2291,928,112,12,13524,13524,777,1188,2115,1874,2259,2202,1698,978,397,32,4,15052,15052,723,1202,2259,1968,2389,2539,2040,1313,531,80,8
서울특별시 은평구 구산동(1138056000),32291,32291,1722,2828,4409,4059,5032,5581,4634,2727,1149,147,3,15940,15940,859,1386,2161,2073,2525,2799,2283,1326,490,38,0,16351,16351,863,1442,2248,1986,2507,2782,2351,1401,659,109,3
서울특별시 은평구 대조동(1138057000),27146,27146,1136,1625,4937,4183,4010,4138,3595,2362,1022,115,23,12641,12641,589,748,2180,2064,1955,2019,1607,1007,431,34,7,14505,14505,547,877,2757,2119,2055,2119,1988,1355,591,81,16
서울특별시 은평구 응암제1동(1138058000),30848,30848,2244,2569,4218,5122,5229,4565,3620,2267,897,115,2,14618,14618,1143,1344,1914,2494,2567,2223,1590,977,331,34,1,16230,16230,1101,1225,2304,2628,2662,2342,2030,1290,566,81,1
서울특별시 은평구 응암제2동(1138059000),27499,27499,3179,2297,2740,4911,5218,3655,2961,1713,715,88,22,13351,13351,1650,1199,1372,2309,2672,1787,1340,724,266,25,7,14148,14148,1529,1098,1368,2602,2546,1868,1621,989,449,63,15
서울특별시 은평구 응암제3동(1138060000),24827,24827,978,1574,3590,3363,3486,4160,3783,2579,1169,143,2,12097,12097,528,821,1797,1775,1787,2068,1756,1074,452,39,0,12730,12730,450,753,1793,1588,1699,2092,2027,1505,717,104,2
서울특별시 은평구 역촌동(1138062500),46082,46082,2579,3475,6566,6493,7508,7629,6331,3829,1498,165,9,21714,21714,1299,1726,3121,3120,3759,3564,2814,1687,584,40,0,24368,24368,1280,1749,3445,3373,3749,4065,3517,2142,914,125,9
서울특별시 은평구 신사제1동(1138063100),27229,27229,1559,2051,3869,4046,4117,4431,3944,2246,872,93,1,13140,13140,753,1086,1959,2047,2042,2071,1829,979,350,24,0,14089,14089,806,965,1910,1999,2075,2360,2115,1267,522,69,1
서울특별시 은평구 신사제2동(1138063200),20576,20576,1065,1619,2938,2757,3136,3462,3186,1632,691,86,4,10260,10260,554,904,1511,1444,1592,1675,1549,740,264,26,1,10316,10316,511,715,1427,1313,1544,1787,1637,892,427,60,3
서울특별시 은평구 증산동(1138064000),15110,15110,729,1153,2048,2003,2229,2524,2450,1379,520,72,3,7351,7351,371,585,1018,1010,1105,1240,1157,626,222,16,1,7759,7759,358,568,1030,993,1124,1284,1293,753,298,56,2
서울특별시 은평구 수색동(1138065000),11221,11221,709,755,1477,1760,1508,1969,1721,872,397,53,0,5525,5525,376,399,746,895,760,995,829,377,136,12,0,5696,5696,333,356,731,865,748,974,892,495,261,41,0
서울특별시 은평구 진관동(1138069000),56328,56328,4499,7378,6956,6711,10534,8441,6402,3468,1527,248,164,26403,26403,2343,3787,3010,2929,4885,4218,2993,1559,597,72,10,29925,29925,2156,3591,3946,3782,5649,4223,3409,1909,930,176,154
서울특별시 서대문구 (1141000000),307825,307825,19629,23293,49676,44594,46526,48770,38799,23641,11259,1528,110,147264,147264,9980,11626,23721,22028,22996,23782,18258,10093,4340,408,32,160561,160561,9649,11667,25955,22566,23530,24988,20541,13548,6919,1120,78
서울특별시 서대문구 천연동(1141052000),17281,17281,1204,1440,2137,2364,2750,2981,2192,1369,751,88,5,8207,8207,605,714,1036,1152,1333,1489,1049,547,259,21,2,9074,9074,599,726,1101,1212,1417,1492,1143,822,492,67,3
서울특별시 서대문구 북아현동(1141055500),16274,16274,1400,1068,2309,2845,2647,2737,1799,973,430,61,5,7802,7802,720,518,1050,1390,1355,1351,842,409,149,17,1,8472,8472,680,550,1259,1455,1292,1386,957,564,281,44,4
서울특별시 서대문구 충현동(1141056500),20566,20566,1214,1359,3446,3306,3008,3303,2680,1418,701,121,10,9875,9875,602,656,1639,1624,1513,1628,1291,625,264,30,3,10691,10691,612,703,1807,1682,1495,1675,1389,793,437,91,7
서울특별시 서대문구 신촌동(1141058500),19326,19326,703,931,7524,3344,1962,1960,1410,914,499,75,4,8565,8565,378,421,2902,1664,947,983,653,399,197,20,1,10761,10761,325,510,4622,1680,1015,977,757,515,302,55,3
서울특별시 서대문구 연희동(1141061500),35601,35601,1617,2395,7644,5603,4858,5191,4089,2699,1299,196,10,17145,17145,822,1197,3860,2817,2323,2484,1906,1126,535,72,3,18456,18456,795,1198,3784,2786,2535,2707,2183,1573,764,124,7
서울특별시 서대문구 홍제제1동(1141062000),23931,23931,1498,1852,3128,3356,3702,4046,3304,1973,953,116,3,11252,11252,754,913,1531,1621,1782,1893,1512,841,372,33,0,12679,12679,744,939,1597,1735,1920,2153,1792,1132,581,83,3
서울특별시 서대문구 홍제제3동(1141064000),15536,15536,756,1082,2080,1954,2131,2642,2315,1612,854,88,22,7530,7530,378,580,1043,1018,1071,1332,1069,675,323,31,10,8006,8006,378,502,1037,936,1060,1310,1246,937,531,57,12
서울특별시 서대문구 홍제제2동(1141065500),13972,13972,769,1058,1811,1882,2012,2518,2050,1229,562,76,5,6609,6609,411,537,887,915,964,1199,972,491,210,20,3,7363,7363,358,521,924,967,1048,1319,1078,738,352,56,2
서울특별시 서대문구 홍은제1동(1141066000),22823,22823,1476,1767,2857,3006,3417,3927,3334,1924,975,134,6,11009,11009,739,870,1438,1522,1675,1930,1611,826,363,35,0,11814,11814,737,897,1419,1484,1742,1997,1723,1098,612,99,6
서울특별시 서대문구 홍은제2동(1141068500),26731,26731,1231,2160,4139,3477,3913,4569,3754,2204,1111,144,29,12911,12911,618,1104,2084,1826,1919,2203,1720,972,432,27,6,13820,13820,613,1056,2055,1651,1994,2366,2034,1232,679,117,23
서울특별시 서대문구 남가좌제1동(1141069000),15635,15635,2106,1461,1497,2389,3075,2141,1562,929,414,57,4,7528,7528,1061,701,727,1048,1621,1050,734,393,177,15,1,8107,8107,1045,760,770,1341,1454,1091,828,536,237,42,3
서울특별시 서대문구 남가좌제2동(1141070000),29706,29706,2633,2408,4225,4482,4880,4395,3408,2169,965,139,2,14325,14325,1319,1191,2071,2155,2460,2188,1608,934,368,30,1,15381,15381,1314,1217,2154,2327,2420,2207,1800,1235,597,109,1
서울특별시 서대문구 북가좌제1동(1141071000),18277,18277,1408,1934,2132,2388,3220,3011,2215,1313,576,78,2,8826,8826,722,1021,1041,1115,1603,1458,1048,565,233,19,1,9451,9451,686,913,1091,1273,1617,1553,1167,748,343,59,1
서울특별시 서대문구 북가좌제2동(1141072000),32166,32166,1614,2378,4747,4198,4951,5349,4687,2915,1169,155,3,15680,15680,851,1203,2412,2161,2430,2594,2243,1290,458,38,0,16486,16486,763,1175,2335,2037,2521,2755,2444,1625,711,117,3
서울특별시 마포구 (1144000000),369577,369577,24367,28204,61684,63991,60530,54271,39995,23755,11111,1564,105,174050,174050,12424,14199,27779,30238,29419,26613,18603,10027,4282,432,34,195527,195527,11943,14005,33905,33753,31111,27658,21392,13728,6829,1132,71
서울특별시 마포구 아현동(1144055500),25410,25410,2784,1675,3104,5015,4297,3809,2776,1183,654,102,11,11934,11934,1365,812,1350,2317,2160,1839,1329,484,250,26,2,13476,13476,1419,863,1754,2698,2137,1970,1447,699,404,76,9
서울특별시 마포구 공덕동(1144056500),37418,37418,2234,2259,6294,6490,5388,6300,4510,2520,1260,150,13,17633,17633,1178,1119,2749,3126,2672,3078,2175,1049,442,43,2,19785,19785,1056,1140,3545,3364,2716,3222,2335,1471,818,107,11
서울특별시 마포구 도화동(1144058500),21395,21395,1470,1592,2924,3634,3150,3452,2680,1524,839,129,1,10257,10257,806,823,1414,1746,1525,1644,1268,694,310,27,0,11138,11138,664,769,1510,1888,1625,1808,1412,830,529,102,1
서울특별시 마포구 용강동(1144059000),21745,21745,2220,2043,2221,3691,4388,2975,2206,1284,623,91,3,10241,10241,1067,997,1023,1702,2093,1496,1050,546,243,24,0,11504,11504,1153,1046,1198,1989,2295,1479,1156,738,380,67,3
서울특별시 마포구 대흥동(1144060000),14361,14361,657,879,3437,2385,2057,2042,1495,868,461,69,11,6935,6935,347,469,1545,1199,1031,1070,713,358,183,16,4,7426,7426,310,410,1892,1186,1026,972,782,510,278,53,7
서울특별시 마포구 염리동(1144061000),14374,14374,1247,1353,2088,2273,2635,2096,1356,832,430,51,13,6951,6951,634,677,999,1083,1340,1062,640,319,180,14,3,7423,7423,613,676,1089,1190,1295,1034,716,513,250,37,10
서울특별시 마포구 신수동(1144063000),22777,22777,1675,1874,3391,3682,3840,3569,2473,1496,672,100,5,11062,11062,847,1000,1729,1801,1785,1792,1190,616,265,35,2,11715,11715,828,874,1662,1881,2055,1777,1283,880,407,65,3
서울특별시 마포구 서강동(1144065500),24890,24890,1790,1757,4965,4141,3964,3642,2488,1380,672,89,2,11836,11836,937,881,2330,1955,1903,1742,1200,588,274,26,0,13054,13054,853,876,2635,2186,2061,1900,1288,792,398,63,2
서울특별시 마포구 서교동(1144066000),25045,25045,816,1200,6268,5363,3689,3068,2277,1497,728,130,9,11482,11482,410,570,2663,2501,1809,1483,1041,653,306,40,6,13563,13563,406,630,3605,2862,1880,1585,1236,844,422,90,3
서울특별시 마포구 합정동(1144068000),17690,17690,1021,926,3385,3667,2606,2344,1940,1181,535,82,3,8218,8218,530,451,1483,1758,1259,1107,893,515,199,22,1,9472,9472,491,475,1902,1909,1347,1237,1047,666,336,60,2
서울특별시 마포구 망원제1동(1144069000),20534,20534,1003,1318,3428,3862,3203,2994,2422,1572,648,80,4,9641,9641,507,655,1590,1841,1556,1472,1093,670,232,24,1,10893,10893,496,663,1838,2021,1647,1522,1329,902,416,56,3
서울특별시 마포구 망원제2동(1144070000),18764,18764,1128,1547,2847,2923,3220,2819,2172,1459,582,61,6,8822,8822,582,763,1311,1362,1583,1382,953,627,238,19,2,9942,9942,546,784,1536,1561,1637,1437,1219,832,344,42,4
서울특별시 마포구 연남동(1144071000),15356,15356,596,787,3248,3070,2323,1985,1708,1063,492,79,5,7265,7265,292,416,1504,1503,1164,940,775,451,190,28,2,8091,8091,304,371,1744,1567,1159,1045,933,612,302,51,3
서울특별시 마포구 성산제1동(1144072000),19126,19126,922,1436,3155,3322,3317,2845,2201,1334,536,55,3,8992,8992,449,709,1488,1600,1591,1342,998,571,226,16,2,10134,10134,473,727,1667,1722,1726,1503,1203,763,310,39,1
서울특별시 마포구 성산제2동(1144073000),39892,39892,2406,3436,6629,6615,6435,5823,4294,2864,1195,189,6,18108,18108,1205,1785,2679,2980,3071,2834,1931,1139,434,45,5,21784,21784,1201,1651,3950,3635,3364,2989,2363,1725,761,144,1
서울특별시 마포구 상암동(1144074000),30800,30800,2398,4122,4300,3858,6018,4508,2997,1698,784,107,10,14673,14673,1268,2072,1922,1764,2877,2330,1354,747,310,27,2,16127,16127,1130,2050,2378,2094,3141,2178,1643,951,474,80,8
서울특별시 양천구 (1147000000),452112,452112,31084,50201,59043,57178,78214,76163,58902,28726,10884,1649,68,221708,221708,15974,26151,30018,28202,37393,37883,28215,13591,3873,394,14,230404,230404,15110,24050,29025,28976,40821,38280,30687,15135,7011,1255,54
서울특별시 양천구 목1동(1147051000),31176,31176,2923,5047,3326,3237,6849,4967,2927,1319,489,87,5,14960,14960,1466,2528,1625,1366,3110,2614,1413,648,165,23,2,16216,16216,1457,2519,1701,1871,3739,2353,1514,671,324,64,3
서울특별시 양천구 목2동(1147052000),30158,30158,1667,2479,4973,5236,4598,4854,3898,1703,658,89,3,14665,14665,855,1302,2433,2668,2210,2294,1845,813,221,24,0,15493,15493,812,1177,2540,2568,2388,2560,2053,890,437,65,3
서울특별시 양천구 목3동(1147053000),22187,22187,1300,1527,3508,3983,3172,3598,3063,1360,593,79,4,10609,10609,688,829,1694,1968,1508,1639,1422,637,204,19,1,11578,11578,612,698,1814,2015,1664,1959,1641,723,389,60,3
서울특별시 양천구 목4동(1147054000),25689,25689,1377,3286,4130,2752,4477,4824,2738,1477,544,74,10,12533,12533,652,1755,2201,1370,1992,2367,1327,676,173,17,3,13156,13156,725,1531,1929,1382,2485,2457,1411,801,371,57,7
서울특별시 양천구 목5동(1147055000),41711,41711,3334,7433,4395,3881,9006,6702,4299,1761,738,158,4,20695,20695,1779,4063,2286,1705,4007,3485,2112,942,273,43,0,21016,21016,1555,3370,2109,2176,4999,3217,2187,819,465,115,4
서울특별시 양천구 신월1동(1147056000),20653,20653,959,1300,2659,2720,3041,3775,3662,1860,580,92,5,10594,10594,497,661,1387,1506,1604,1984,1835,890,214,15,1,10059,10059,462,639,1272,1214,1437,1791,1827,970,366,77,4
서울특별시 양천구 신월2동(1147057000),20994,20994,1416,1775,2628,2933,3290,3290,3318,1720,543,79,2,10277,10277,720,874,1343,1501,1665,1611,1514,832,202,14,1,10717,10717,696,901,1285,1432,1625,1679,1804,888,341,65,1
서울특별시 양천구 신월3동(1147058000),15457,15457,835,1123,1998,1988,2176,2888,2553,1363,478,53,2,8152,8152,458,583,1052,1084,1207,1589,1373,617,178,10,1,7305,7305,377,540,946,904,969,1299,1180,746,300,43,1
서울특별시 양천구 신월4동(1147059000),18182,18182,1402,1613,2159,2405,3021,2841,2767,1394,517,60,3,8903,8903,696,859,1114,1188,1534,1363,1296,662,171,20,0,9279,9279,706,754,1045,1217,1487,1478,1471,732,346,40,3
서울특별시 양천구 신월5동(1147060000),14870,14870,964,1253,2147,2050,2278,2513,2208,1044,361,52,0,7348,7348,483,681,1071,1074,1126,1206,1067,495,137,8,0,7522,7522,481,572,1076,976,1152,1307,1141,549,224,44,0
서울특별시 양천구 신월6동(1147061000),13800,13800,1467,1232,1570,2582,2181,2027,1721,763,221,32,4,6785,6785,762,598,785,1302,1094,978,819,363,79,5,0,7015,7015,705,634,785,1280,1087,1049,902,400,142,27,4
서울특별시 양천구 신월7동(1147061100),20249,20249,1024,1340,2595,2589,2931,3533,3498,1817,824,95,3,9933,9933,538,674,1372,1383,1506,1730,1641,792,275,19,3,10316,10316,486,666,1223,1206,1425,1803,1857,1025,549,76,0
서울특별시 양천구 신정1동(1147062000),20548,20548,1804,2960,2404,2021,4040,3462,2243,1070,446,96,2,10040,10040,933,1515,1243,883,1893,1771,1091,514,174,23,0,10508,10508,871,1445,1161,1138,2147,1691,1152,556,272,73,2
서울특별시 양천구 신정2동(1147063000),19681,19681,1291,2942,2467,1806,3753,3524,2281,1095,445,74,3,9634,9634,642,1534,1263,851,1729,1807,1150,481,157,20,0,10047,10047,649,1408,1204,955,2024,1717,1131,614,288,54,3
서울특별시 양천구 신정3동(1147064000),49439,49439,3748,5590,6211,6129,8482,8440,6213,3230,1200,189,7,24112,24112,1932,2869,3199,3009,4098,4141,2883,1506,434,41,0,25327,25327,1816,2721,3012,3120,4384,4299,3330,1724,766,148,7
서울특별시 양천구 신정4동(1147065000),33073,33073,1606,2299,5223,4977,5154,5356,4805,2678,871,99,5,16187,16187,851,1176,2502,2637,2557,2574,2212,1274,374,29,1,16886,16886,755,1123,2721,2340,2597,2782,2593,1404,497,70,4
서울특별시 양천구 신정6동(1147067000),24811,24811,2065,3621,3123,2719,4708,4352,2668,1023,428,103,1,12053,12053,1053,1880,1610,1202,2125,2151,1311,541,149,31,0,12758,12758,1012,1741,1513,1517,2583,2201,1357,482,279,72,1
서울특별시 양천구 신정7동(1147068000),29434,29434,1902,3381,3527,3170,5057,5217,4040,2049,948,138,5,14228,14228,969,1770,1838,1505,2428,2579,1904,908,293,33,1,15206,15206,933,1611,1689,1665,2629,2638,2136,1141,655,105,4
서울특별시 강서구 (1150000000),577580,577580,38575,44196,86839,98566,90391,85053,77586,38784,15043,2457,90,278466,278466,19675,22546,40065,49848,45418,40800,35953,18163,5422,548,28,299114,299114,18900,21650,46774,48718,44973,44253,41633,20621,9621,1909,62
서울특별시 강서구 염창동(1150051000),41997,41997,4058,4527,5660,7361,7617,5955,4291,1737,696,92,3,20344,20344,2093,2312,2610,3457,3736,2924,2116,818,256,22,0,21653,21653,1965,2215,3050,3904,3881,3031,2175,919,440,70,3
서울특별시 강서구 등촌제1동(1150052000),24205,24205,1283,1311,5040,6073,3240,3042,2290,1125,664,130,7,11325,11325,664,759,1996,2953,1612,1458,1086,504,246,43,4,12880,12880,619,552,3044,3120,1628,1584,1204,621,418,87,3
서울특별시 강서구 등촌제2동(1150053000),20575,20575,1258,1576,3180,3469,3031,3324,2856,1338,458,85,0,10064,10064,659,877,1581,1763,1481,1525,1330,661,170,17,0,10511,10511,599,699,1599,1706,1550,1799,1526,677,288,68,0
서울특별시 강서구 등촌제3동(1150053500),31083,31083,1664,1984,4023,4647,3868,5226,5356,2546,1460,298,11,14754,14754,853,1025,2034,2401,1858,2390,2499,1146,459,85,4,16329,16329,811,959,1989,2246,2010,2836,2857,1400,1001,213,7
서울특별시 강서구 화곡제1동(1150054000),52045,52045,2624,2442,9512,10450,7472,7363,7050,3762,1201,159,10,25312,25312,1320,1244,4300,5564,3898,3479,3165,1839,465,34,4,26733,26733,1304,1198,5212,4886,3574,3884,3885,1923,736,125,6
서울특별시 강서구 화곡제2동(1150055000),18176,18176,1167,1403,2601,2878,3046,2837,2469,1330,385,60,0,8866,8866,593,698,1308,1511,1551,1351,1062,628,154,10,0,9310,9310,574,705,1293,1367,1495,1486,1407,702,231,50,0
서울특별시 강서구 화곡제3동(1150056000),21492,21492,1243,1642,3082,3097,3250,3252,3462,1767,596,94,7,10338,10338,677,828,1462,1555,1566,1541,1602,873,211,21,2,11154,11154,566,814,1620,1542,1684,1711,1860,894,385,73,5
서울특별시 강서구 화곡제4동(1150057000),20921,20921,1127,1366,2969,3300,3247,3341,3219,1665,600,86,1,10239,10239,571,713,1513,1734,1683,1590,1429,757,230,19,0,10682,10682,556,653,1456,1566,1564,1751,1790,908,370,67,1
서울특별시 강서구 화곡본동(1150059000),34508,34508,2148,2385,6011,6374,5503,4867,4315,2084,696,124,1,16798,16798,1108,1286,2765,3398,2832,2291,1879,942,272,25,0,17710,17710,1040,1099,3246,2976,2671,2576,2436,1142,424,99,1
서울특별시 강서구 화곡제6동(1150059100),24824,24824,1213,1631,4332,4191,3610,3895,3666,1631,564,89,2,12092,12092,621,911,2031,2122,1835,1829,1730,804,192,17,0,12732,12732,592,720,2301,2069,1775,2066,1936,827,372,72,2
서울특별시 강서구 화곡제8동(1150059300),24799,24799,1266,1584,3877,4075,3961,3679,3594,2067,613,80,3,11907,11907,634,799,1876,2127,2015,1673,1544,978,242,18,1,12892,12892,632,785,2001,1948,1946,2006,2050,1089,371,62,2
서울특별시 강서구 가양제1동(1150060300),34065,34065,1663,1876,8296,8426,4590,4170,3275,1177,503,85,4,15654,15654,874,944,2809,4181,2404,2005,1650,577,185,24,1,18411,18411,789,932,5487,4245,2186,2165,1625,600,318,61,3
서울특별시 강서구 가양제2동(1150060400),14199,14199,485,463,1634,2351,1476,2098,3243,1543,768,133,5,6687,6687,241,244,734,1188,747,972,1606,701,224,27,3,7512,7512,244,219,900,1163,729,1126,1637,842,544,106,2
서울특별시 강서구 가양제3동(1150060500),15278,15278,685,557,1775,3050,1908,2226,2728,1562,668,117,2,7109,7109,350,277,859,1512,1004,1043,1202,637,204,20,1,8169,8169,335,280,916,1538,904,1183,1526,925,464,97,1
서울특별시 강서구 발산제1동(1150061100),36644,36644,3238,4874,4603,4202,7133,5675,3892,2120,771,130,6,17362,17362,1674,2332,2275,1977,3379,2733,1729,957,285,21,0,19282,19282,1564,2542,2328,2225,3754,2942,2163,1163,486,109,6
서울특별시 강서구 우장산동(1150061500),43243,43243,3637,5461,5274,5383,8465,6546,5024,2566,759,123,5,20643,20643,1784,2657,2492,2562,3954,3279,2329,1253,305,27,1,22600,22600,1853,2804,2782,2821,4511,3267,2695,1313,454,96,4
서울특별시 강서구 공항동(1150062000),29694,29694,3305,2024,3937,5583,4849,4019,3447,1742,682,101,5,15038,15038,1693,1019,1988,2877,2614,2056,1667,837,271,14,2,14656,14656,1612,1005,1949,2706,2235,1963,1780,905,411,87,3
서울특별시 강서구 방화제1동(1150063000),43520,43520,4020,4198,5222,6292,7519,6422,5785,2802,1092,163,5,21230,21230,1983,2119,2525,3088,3808,3154,2751,1360,403,38,1,22290,22290,2037,2079,2697,3204,3711,3268,3034,1442,689,125,4
서울특별시 강서구 방화제2동(1150064000),23237,23237,1179,1429,3336,3692,3204,3608,3708,2065,888,124,4,11502,11502,609,743,1628,1981,1702,1820,1754,923,314,26,2,11735,11735,570,686,1708,1711,1502,1788,1954,1142,574,98,2
서울특별시 강서구 방화제3동(1150064100),23075,23075,1312,1463,2475,3672,3402,3508,3916,2155,979,184,9,11202,11202,674,759,1279,1897,1739,1687,1823,968,334,40,2,11873,11873,638,704,1196,1775,1663,1821,2093,1187,645,144,7
서울특별시 구로구 (1153000000),400399,400399,27064,29669,55115,62080,62311,62668,56530,31716,11713,1479,54,197653,197653,13797,15271,27054,31773,31889,31054,26710,15034,4691,367,13,202746,202746,13267,14398,28061,30307,30422,31614,29820,16682,7022,1112,41
서울특별시 구로구 신도림동(1153051000),35820,35820,3520,3507,4195,6139,6483,5094,4072,1975,735,95,5,17506,17506,1760,1797,2028,2957,3182,2512,1941,1020,290,17,2,18314,18314,1760,1710,2167,3182,3301,2582,2131,955,445,78,3
서울특별시 구로구 구로제1동(1153052000),21062,21062,1811,1957,2804,3771,3617,2996,2671,984,381,66,4,10333,10333,934,1026,1336,1904,1819,1420,1245,487,143,18,1,10729,10729,877,931,1468,1867,1798,1576,1426,497,238,48,3
서울특별시 구로구 구로제2동(1153053000),24167,24167,843,1423,3199,2885,3383,4628,4054,2627,1001,120,4,12247,12247,436,754,1665,1608,1792,2431,1957,1167,413,24,0,11920,11920,407,669,1534,1277,1591,2197,2097,1460,588,96,4
서울특별시 구로구 구로제3동(1153054000),23691,23691,1266,1386,4233,4947,3987,3042,2591,1567,605,66,1,12116,12116,666,691,2077,2704,2211,1609,1188,719,228,23,0,11575,11575,600,695,2156,2243,1776,1433,1403,848,377,43,1
서울특별시 구로구 구로제4동(1153055000),20018,20018,782,1084,2843,2878,2892,3455,3068,2083,844,89,0,9707,9707,410,543,1348,1500,1472,1735,1383,950,340,26,0,10311,10311,372,541,1495,1378,1420,1720,1685,1133,504,63,0
서울특별시 구로구 구로제5동(1153056000),29389,29389,1787,1575,5131,5482,4095,4549,3802,2088,792,85,3,14261,14261,917,801,2255,2736,2086,2300,1849,972,323,22,0,15128,15128,870,774,2876,2746,2009,2249,1953,1116,469,63,3
서울특별시 구로구 가리봉동(1153059500),9071,9071,238,274,1537,1252,1113,1808,1608,834,356,48,3,4937,4937,128,154,811,743,628,1062,884,389,123,14,1,4134,4134,110,120,726,509,485,746,724,445,233,34,2
서울특별시 구로구 고척제1동(1153072000),22755,22755,1273,1897,3229,2821,3424,3881,3544,1928,664,92,2,11318,11318,651,973,1680,1469,1737,1905,1687,945,249,21,1,11437,11437,622,924,1549,1352,1687,1976,1857,983,415,71,1
서울특별시 구로구 고척제2동(1153073000),27035,27035,1750,2200,3530,3225,4233,4688,4051,2333,919,102,4,13371,13371,872,1142,1821,1625,2125,2306,1987,1090,378,25,0,13664,13664,878,1058,1709,1600,2108,2382,2064,1243,541,77,4
서울특별시 구로구 개봉제1동(1153074000),34197,34197,2168,2378,4608,5078,4930,5815,5178,2876,1028,134,4,17106,17106,1068,1219,2364,2677,2507,2908,2514,1378,434,36,1,17091,17091,1100,1159,2244,2401,2423,2907,2664,1498,594,98,3
서울특별시 구로구 개봉제2동(1153075000),31271,31271,2083,2267,3810,4392,4762,4885,5102,2923,924,117,6,15257,15257,1081,1135,1916,2207,2419,2330,2323,1424,384,36,2,16014,16014,1002,1132,1894,2185,2343,2555,2779,1499,540,81,4
서울특별시 구로구 개봉제3동(1153076000),20455,20455,1136,1413,2560,2669,3127,3449,3496,1815,706,79,5,9995,9995,549,755,1313,1381,1611,1615,1609,859,279,22,2,10460,10460,587,658,1247,1288,1516,1834,1887,956,427,57,3
서울특별시 구로구 오류제1동(1153077000),22767,22767,1199,1217,4093,4406,3174,3025,3021,1837,702,90,3,11150,11150,590,624,1824,2274,1685,1523,1443,886,287,14,0,11617,11617,609,593,2269,2132,1489,1502,1578,951,415,76,3
서울특별시 구로구 오류제2동(1153078000),38584,38584,3065,3880,4607,5116,6546,5653,5094,3280,1178,162,3,18591,18591,1571,1972,2250,2510,3285,2699,2281,1501,483,38,1,19993,19993,1494,1908,2357,2606,3261,2954,2813,1779,695,124,2
서울특별시 구로구 수궁동(1153079000),23767,23767,1415,1975,3089,3236,3765,3923,3658,1949,661,92,4,11720,11720,731,1072,1593,1654,1853,1871,1751,918,255,20,2,12047,12047,684,903,1496,1582,1912,2052,1907,1031,406,72,2
서울특별시 구로구 항동(1153080000),16350,16350,2728,1236,1647,3783,2780,1777,1520,617,217,42,3,8038,8038,1433,613,773,1824,1477,828,668,329,82,11,0,8312,8312,1295,623,874,1959,1303,949,852,288,135,31,3
서울특별시 금천구 (1154500000),229639,229639,12043,14431,37090,35335,32222,39657,33600,17815,6559,840,47,116211,116211,6189,7276,18616,19502,17022,19966,16447,8376,2601,203,13,113428,113428,5854,7155,18474,15833,15200,19691,17153,9439,3958,637,34
서울특별시 금천구 가산동(1154551000),23290,23290,663,709,6679,5564,2726,2946,2407,1158,382,53,3,12720,12720,314,346,3102,3442,1721,1729,1302,589,164,10,1,10570,10570,349,363,3577,2122,1005,1217,1105,569,218,43,2
서울특별시 금천구 독산제1동(1154561000),42077,42077,3144,2313,7349,8384,6213,6169,4919,2554,916,107,9,21640,21640,1641,1129,3642,4637,3415,3139,2468,1142,395,30,2,20437,20437,1503,1184,3707,3747,2798,3030,2451,1412,521,77,7
서울특별시 금천구 독산제2동(1154562000),18847,18847,838,1175,2843,2481,2534,3757,3085,1549,516,66,3,9550,9550,431,637,1483,1328,1300,1894,1509,756,194,18,0,9297,9297,407,538,1360,1153,1234,1863,1576,793,322,48,3
서울특별시 금천구 독산제3동(1154563000),24420,24420,970,1337,3958,3569,3190,4692,3955,1912,727,106,4,12246,12246,523,643,1951,1986,1661,2330,1920,925,284,22,1,12174,12174,447,694,2007,1583,1529,2362,2035,987,443,84,3
서울특별시 금천구 독산제4동(1154564000),15404,15404,637,967,2259,2005,2034,3204,2511,1321,419,45,2,7780,7780,332,481,1159,1102,1015,1629,1245,629,174,14,0,7624,7624,305,486,1100,903,1019,1575,1266,692,245,31,2
서울특별시 금천구 시흥제1동(1154567000),33200,33200,1770,2255,4918,4740,4825,5863,4919,2736,1019,151,4,16588,16588,902,1210,2499,2527,2484,2878,2370,1271,401,43,3,16612,16612,868,1045,2419,2213,2341,2985,2549,1465,618,108,1
서울특별시 금천구 시흥제2동(1154568000),21517,21517,1517,2106,2436,2408,3466,3703,3297,1770,711,99,4,10368,10368,764,1040,1253,1173,1706,1753,1573,819,271,15,1,11149,11149,753,1066,1183,1235,1760,1950,1724,951,440,84,3
서울특별시 금천구 시흥제3동(1154569000),10916,10916,530,684,1410,1401,1514,1974,1938,1056,370,38,1,5428,5428,272,334,770,743,783,958,899,517,148,4,0,5488,5488,258,350,640,658,731,1016,1039,539,222,34,1
서울특별시 금천구 시흥제4동(1154570000),20536,20536,1057,1475,2706,2548,2890,3856,3457,1815,648,81,3,10200,10200,532,750,1412,1353,1459,1862,1680,869,255,26,2,10336,10336,525,725,1294,1195,1431,1994,1777,946,393,55,1
서울특별시 금천구 시흥제5동(1154571000),19432,19432,917,1410,2532,2235,2830,3493,3112,1944,851,94,14,9691,9691,478,706,1345,1211,1478,1794,1481,859,315,21,3,9741,9741,439,704,1187,1024,1352,1699,1631,1085,536,73,11
서울특별시 영등포구 (1156000000),377696,377696,25496,24036,59252,69380,55967,56381,47328,26867,11446,1477,66,186652,186652,13014,12514,27594,35546,28831,28681,23040,12376,4638,403,15,191044,191044,12482,11522,31658,33834,27136,27700,24288,14491,6808,1074,51
서울특별시 영등포구 영등포본동(1156051500),21199,21199,1380,1228,2851,3236,3082,3572,3252,1811,684,96,7,10839,10839,690,650,1523,1680,1614,1866,1657,848,276,35,0,10360,10360,690,578,1328,1556,1468,1706,1595,963,408,61,7
서울특별시 영등포구 영등포동(1156053500),28546,28546,1205,874,7112,7144,3558,3562,2965,1481,557,87,1,15209,15209,584,462,3024,3983,2090,2231,1785,779,243,28,0,13337,13337,621,412,4088,3161,1468,1331,1180,702,314,59,1
서울특별시 영등포구 여의동(1156054000),33459,33459,2836,2897,3795,5102,5350,5117,4153,2570,1443,189,7,15743,15743,1415,1452,1719,2327,2515,2498,1959,1163,621,73,1,17716,17716,1421,1445,2076,2775,2835,2619,2194,1407,822,116,6
서울특별시 영등포구 당산제1동(1156055000),20537,20537,1088,966,3557,4235,2830,3027,2672,1421,662,75,4,10103,10103,569,481,1630,2188,1480,1527,1287,646,274,20,1,10434,10434,519,485,1927,2047,1350,1500,1385,775,388,55,3
서울특별시 영등포구 당산제2동(1156056000),37261,37261,2773,2269,7276,8170,5245,4774,3758,1981,880,129,6,17392,17392,1415,1123,2930,3913,2586,2278,1826,934,349,35,3,19869,19869,1358,1146,4346,4257,2659,2496,1932,1047,531,94,3
서울특별시 영등포구 도림동(1156058500),17954,17954,950,931,2735,3216,2688,2946,2342,1416,645,81,4,9050,9050,494,491,1295,1695,1433,1560,1164,639,255,23,1,8904,8904,456,440,1440,1521,1255,1386,1178,777,390,58,3
서울특별시 영등포구 문래동(1156060500),32886,32886,3333,2921,3776,6147,5959,4186,3573,2018,846,119,8,16090,16090,1713,1529,1778,2945,3001,2092,1666,977,349,37,3,16796,16796,1620,1392,1998,3202,2958,2094,1907,1041,497,82,5
서울특별시 영등포구 양평제1동(1156061000),17691,17691,1269,1017,2792,4486,2812,2061,1704,1039,447,61,3,8697,8697,677,512,1198,2306,1506,1067,780,466,167,18,0,8994,8994,592,505,1594,2180,1306,994,924,573,280,43,3
서울특별시 영등포구 양평제2동(1156062000),22237,22237,1612,1529,3741,5208,3271,3051,2192,1091,472,68,2,11021,11021,819,795,1693,2700,1647,1591,1083,491,182,20,0,11216,11216,793,734,2048,2508,1624,1460,1109,600,290,48,2
서울특별시 영등포구 신길제1동(1156063000),17247,17247,567,855,3424,2983,2403,2507,2277,1493,661,73,4,8787,8787,282,437,1683,1720,1318,1308,1102,643,275,19,0,8460,8460,285,418,1741,1263,1085,1199,1175,850,386,54,4
서울특별시 영등포구 신길제3동(1156065000),16720,16720,1146,1146,2174,2506,2435,2859,2451,1399,530,69,5,8240,8240,596,597,1072,1283,1252,1428,1169,638,189,15,1,8480,8480,550,549,1102,1223,1183,1431,1282,761,341,54,4
서울특별시 영등포구 신길제4동(1156066000),12288,12288,852,825,1560,1855,1911,2001,1848,971,413,49,3,6117,6117,424,447,818,959,984,1006,888,423,158,8,2,6171,6171,428,378,742,896,927,995,960,548,255,41,1
서울특별시 영등포구 신길제5동(1156067000),10889,10889,808,745,1334,1579,1615,1864,1682,883,333,44,2,5293,5293,400,372,675,826,822,905,766,407,114,6,0,5596,5596,408,373,659,753,793,959,916,476,219,38,2
서울특별시 영등포구 신길제6동(1156068000),19152,19152,1174,1239,3217,3113,2693,3022,2651,1390,581,71,1,9371,9371,589,713,1512,1568,1386,1467,1235,654,235,12,0,9781,9781,585,526,1705,1545,1307,1555,1416,736,346,59,1
서울특별시 영등포구 신길제7동(1156069000),20010,20010,2079,1705,2710,3447,3296,3022,2164,1078,451,56,2,10007,10007,1109,916,1357,1713,1679,1494,1051,502,170,16,0,10003,10003,970,789,1353,1734,1617,1528,1113,576,281,40,2
서울특별시 영등포구 대림제1동(1156070000),14755,14755,871,859,2162,2001,2090,2524,2176,1458,540,70,4,7310,7310,459,466,1073,1051,1109,1248,1012,658,222,9,3,7445,7445,412,393,1089,950,981,1276,1164,800,318,61,1
서울특별시 영등포구 대림제2동(1156071000),12193,12193,425,586,1900,1667,1628,2148,1870,1386,525,56,2,6009,6009,217,293,968,926,856,1046,850,603,239,11,0,6184,6184,208,293,932,741,772,1102,1020,783,286,45,2
서울특별시 영등포구 대림제3동(1156072000),22672,22672,1128,1444,3136,3285,3101,4138,3598,1981,776,84,1,11374,11374,562,778,1646,1763,1553,2069,1760,905,320,18,0,11298,11298,566,666,1490,1522,1548,2069,1838,1076,456,66,1
서울특별시 동작구 (1159000000),388672,388672,24053,27436,65627,61761,58314,57982,49743,29706,12105,1768,177,188032,188032,12264,14086,31684,31227,29291,27904,22943,13251,4876,455,51,200640,200640,11789,13350,33943,30534,29023,30078,26800,16455,7229,1313,126
서울특별시 동작구 노량진제1동(1159051000),31855,31855,1912,1963,5409,5458,4303,4663,4283,2504,1170,167,23,15914,15914,974,1018,2846,2966,2245,2268,1992,1105,448,48,4,15941,15941,938,945,2563,2492,2058,2395,2291,1399,722,119,19
서울특별시 동작구 노량진제2동(1159052000),12739,12739,332,531,2416,1991,1561,2090,2015,1191,521,80,11,6565,6565,172,277,1247,1170,877,1063,968,541,227,19,4,6174,6174,160,254,1169,821,684,1027,1047,650,294,61,7
서울특별시 동작구 상도제1동(1159053000),44500,44500,2756,3186,9613,6157,6521,6298,5361,3056,1316,210,26,21495,21495,1382,1624,4848,3058,3217,2961,2490,1353,502,54,6,23005,23005,1374,1562,4765,3099,3304,3337,2871,1703,814,156,20
서울특별시 동작구 상도제2동(1159054000),29082,29082,2484,2001,4332,4959,4622,4274,3436,1944,876,141,13,13984,13984,1277,1011,2053,2382,2342,2065,1597,869,349,36,3,15098,15098,1207,990,2279,2577,2280,2209,1839,1075,527,105,10
서울특별시 동작구 상도제3동(1159055000),24747,24747,1192,1618,4169,4138,3594,3841,3219,2068,806,96,6,11831,11831,610,824,1933,2131,1791,1826,1446,922,325,21,2,12916,12916,582,794,2236,2007,1803,2015,1773,1146,481,75,4
서울특별시 동작구 상도제4동(1159056000),28749,28749,1616,1871,4584,4801,4288,4390,3873,2268,932,118,8,13962,13962,836,1013,2193,2484,2176,2085,1807,987,340,37,4,14787,14787,780,858,2391,2317,2112,2305,2066,1281,592,81,4
서울특별시 동작구 흑석동(1159060500),31763,31763,2337,2159,4969,4449,4819,5156,4027,2507,1157,175,8,15484,15484,1184,1120,2594,2209,2482,2460,1878,1091,422,42,2,16279,16279,1153,1039,2375,2240,2337,2696,2149,1416,735,133,6
서울특별시 동작구 사당제1동(1159062000),22895,22895,792,880,5188,4674,2947,3011,3019,1772,545,64,3,10891,10891,408,460,2231,2453,1517,1396,1335,819,261,10,1,12004,12004,384,420,2957,2221,1430,1615,1684,953,284,54,2
서울특별시 동작구 사당제2동(1159063000),26919,26919,1756,1614,3595,4370,3981,4135,3933,2454,911,138,32,12931,12931,895,908,1711,2152,1963,1968,1781,1112,389,38,14,13988,13988,861,706,1884,2218,2018,2167,2152,1342,522,100,18
서울특별시 동작구 사당제3동(1159064000),24788,24788,2090,1635,3364,4031,3818,3609,3413,2055,683,85,5,12032,12032,1053,886,1601,1908,1960,1721,1604,963,312,21,3,12756,12756,1037,749,1763,2123,1858,1888,1809,1092,371,64,2
서울특별시 동작구 사당제4동(1159065000),14254,14254,723,749,2490,2462,2012,2056,2011,1229,448,68,6,6820,6820,390,388,1138,1260,1040,946,902,551,189,16,0,7434,7434,333,361,1352,1202,972,1110,1109,678,259,52,6
서울특별시 동작구 사당제5동(1159065100),14607,14607,1026,1006,2210,2578,2303,2207,1790,1006,410,67,4,7082,7082,531,513,1074,1311,1146,1048,829,458,158,13,1,7525,7525,495,493,1136,1267,1157,1159,961,548,252,54,3
서울특별시 동작구 대방동(1159066000),38385,38385,2159,4127,6374,5354,6472,5863,4225,2529,1081,179,22,18257,18257,1093,2012,3004,2631,3111,2947,1911,1070,420,52,6,20128,20128,1066,2115,3370,2723,3361,2916,2314,1459,661,127,16
서울특별시 동작구 신대방제1동(1159067000),23467,23467,1494,2425,3424,3068,3931,3706,2957,1665,685,104,8,11276,11276,761,1168,1643,1527,1862,1860,1391,761,275,27,1,12191,12191,733,1257,1781,1541,2069,1846,1566,904,410,77,7
서울특별시 동작구 신대방제2동(1159068000),19922,19922,1384,1671,3490,3271,3142,2683,2181,1458,564,76,2,9508,9508,698,864,1568,1585,1562,1290,1012,649,259,21,0,10414,10414,686,807,1922,1686,1580,1393,1169,809,305,55,2
서울특별시 관악구 (1162000000),489464,489464,21264,28135,108707,85746,67213,67363,59325,36629,13357,1622,103,245666,245666,10925,14360,52892,47376,35894,33942,27604,16733,5555,365,20,243798,243798,10339,13775,55815,38370,31319,33421,31721,19896,7802,1257,83
서울특별시 관악구 보라매동(1162052500),24360,24360,1165,1458,4710,4031,3361,3363,3304,2128,733,102,5,11967,11967,592,773,2262,2177,1742,1591,1541,973,294,22,0,12393,12393,573,685,2448,1854,1619,1772,1763,1155,439,80,5
서울특별시 관악구 청림동(1162054500),15271,15271,1222,1128,1842,2533,2481,2292,1952,1199,552,67,3,7473,7473,646,582,953,1267,1267,1125,883,521,210,18,1,7798,7798,576,546,889,1266,1214,1167,1069,678,342,49,2
서울특별시 관악구 성현동(1162056500),29742,29742,1974,2863,3897,3884,4941,4760,3895,2457,944,123,4,14375,14375,1027,1492,1941,1945,2443,2323,1762,1064,346,31,1,15367,15367,947,1371,1956,1939,2498,2437,2133,1393,598,92,3
서울특별시 관악구 행운동(1162057500),29027,29027,1133,1373,7450,5951,3631,3448,3190,2066,696,82,7,14112,14112,582,674,3385,3164,1899,1683,1484,913,306,20,2,14915,14915,551,699,4065,2787,1732,1765,1706,1153,390,62,5
서울특별시 관악구 낙성대동(1162058500),16861,16861,659,870,5480,3494,2004,1651,1354,948,362,35,4,8501,8501,339,425,2622,1944,1058,867,648,440,146,11,1,8360,8360,320,445,2858,1550,946,784,706,508,216,24,3
서울특별시 관악구 청룡동(1162059500),35219,35219,1252,1685,11378,6780,4012,3871,3310,2138,708,83,2,16843,16843,616,821,4939,3604,2080,1942,1525,989,306,20,1,18376,18376,636,864,6439,3176,1932,1929,1785,1149,402,63,1
서울특별시 관악구 은천동(1162060500),33547,33547,2027,2641,5474,5235,5191,4850,4317,2736,967,104,5,16386,16386,1074,1336,2589,2711,2685,2387,1952,1227,410,13,2,17161,17161,953,1305,2885,2524,2506,2463,2365,1509,557,91,3
서울특별시 관악구 중앙동(1162061500),15184,15184,400,564,4470,2979,1725,1796,1682,1101,424,39,4,7264,7264,224,269,1864,1622,935,893,784,486,177,9,1,7920,7920,176,295,2606,1357,790,903,898,615,247,30,3
서울특별시 관악구 인헌동(1162062500),25948,25948,1104,1542,5818,4941,3526,3484,2953,1845,658,74,3,12629,12629,568,805,2767,2549,1778,1701,1348,809,280,24,0,13319,13319,536,737,3051,2392,1748,1783,1605,1036,378,50,3
서울특별시 관악구 남현동(1162063000),18141,18141,955,807,3909,3607,2288,2535,2263,1304,412,60,1,8750,8750,496,373,1762,1927,1168,1175,1018,612,207,12,0,9391,9391,459,434,2147,1680,1120,1360,1245,692,205,48,1
서울특별시 관악구 서원동(1162064500),22592,22592,653,826,6341,4573,2743,2778,2551,1513,555,54,5,11615,11615,339,432,3199,2667,1506,1339,1165,713,239,15,1,10977,10977,314,394,3142,1906,1237,1439,1386,800,316,39,4
서울특별시 관악구 신원동(1162065500),18067,18067,559,850,4415,3197,2242,2413,2233,1524,559,71,4,9059,9059,267,429,2224,1832,1209,1207,981,683,215,11,1,9008,9008,292,421,2191,1365,1033,1206,1252,841,344,60,3
서울특별시 관악구 서림동(1162066500),23428,23428,776,1053,5672,4650,3220,3095,2753,1553,574,76,6,12898,12898,399,532,3159,2883,1951,1652,1319,742,251,10,0,10530,10530,377,521,2513,1767,1269,1443,1434,811,323,66,6
서울특별시 관악구 신사동(1162068500),22634,22634,775,1102,5833,3930,2892,3206,2620,1626,583,63,4,11362,11362,414,587,2774,2229,1498,1601,1237,743,266,12,1,11272,11272,361,515,3059,1701,1394,1605,1383,883,317,51,3
서울특별시 관악구 신림동(1162069500),21799,21799,344,505,8358,5634,2470,1766,1461,917,304,34,6,11504,11504,169,251,4096,3272,1424,1006,707,433,139,6,1,10295,10295,175,254,4262,2362,1046,760,754,484,165,28,5
서울특별시 관악구 난향동(1162071500),15508,15508,1180,1414,1741,1829,2930,2551,2101,1245,463,50,4,7602,7602,595,711,895,890,1478,1296,962,579,182,13,1,7906,7906,585,703,846,939,1452,1255,1139,666,281,37,3
서울특별시 관악구 조원동(1162072500),17293,17293,632,827,4027,3214,2245,2384,2183,1228,495,55,3,8729,8729,319,420,1809,1783,1195,1288,1075,602,220,18,0,8564,8564,313,407,2218,1431,1050,1096,1108,626,275,37,3
서울특별시 관악구 대학동(1162073500),23638,23638,674,998,6166,4795,3542,3204,2338,1317,541,62,1,14248,14248,345,511,3644,3243,2393,2028,1219,601,249,15,0,9390,9390,329,487,2522,1552,1149,1176,1119,716,292,47,1
서울특별시 관악구 삼성동(1162074500),23032,23032,859,1496,2797,2593,3226,4137,4105,2597,1048,167,7,11552,11552,456,800,1505,1470,1733,2089,1897,1154,406,41,1,11480,11480,403,696,1292,1123,1493,2048,2208,1443,642,126,6
서울특별시 관악구 미성동(1162076500),30935,30935,1700,2272,4814,4245,4657,4949,4637,2665,864,115,17,15123,15123,853,1134,2366,2199,2403,2394,2125,1274,345,25,5,15812,15812,847,1138,2448,2046,2254,2555,2512,1391,519,90,12
서울특별시 관악구 난곡동(1162077500),27238,27238,1221,1861,4115,3651,3886,4830,4123,2522,915,106,8,13674,13674,605,1003,2137,1998,2049,2355,1972,1175,361,19,0,13564,13564,616,858,1978,1653,1837,2475,2151,1347,554,87,8
서울특별시 서초구 (1165000000),420318,420318,32899,44925,54113,61953,76336,63090,47874,27308,9913,1764,143,201075,201075,16947,22903,26004,28497,35834,31100,22120,12798,4354,479,39,219243,219243,15952,22022,28109,33456,40502,31990,25754,14510,5559,1285,104
서울특별시 서초구 서초1동(1165051000),20757,20757,1473,1924,2775,3537,3783,2984,2370,1341,482,88,0,10001,10001,770,997,1336,1636,1806,1447,1132,647,203,27,0,10756,10756,703,927,1439,1901,1977,1537,1238,694,279,61,0
서울특별시 서초구 서초2동(1165052000),22122,22122,1911,1972,3093,4382,4028,2932,2122,1233,374,68,7,10536,10536,922,1057,1402,1968,1930,1475,989,580,189,21,3,11586,11586,989,915,1691,2414,2098,1457,1133,653,185,47,4
서울특별시 서초구 서초3동(1165053000),32291,32291,1751,2828,5346,5523,5072,4915,3727,2185,800,135,9,15645,15645,920,1618,2472,2611,2394,2418,1756,1054,361,37,4,16646,16646,831,1210,2874,2912,2678,2497,1971,1131,439,98,5
서울특별시 서초구 서초4동(1165053100),31181,31181,2958,4201,3539,3562,6321,4810,3058,1858,728,124,22,15156,15156,1575,2165,1719,1505,2937,2512,1444,896,356,41,6,16025,16025,1383,2036,1820,2057,3384,2298,1614,962,372,83,16
서울특별시 서초구 잠원동(1165054000),27699,27699,2087,3392,3558,3732,5335,4613,2853,1399,596,117,17,13294,13294,1095,1737,1707,1708,2439,2338,1349,639,240,34,8,14405,14405,992,1655,1851,2024,2896,2275,1504,760,356,83,9
서울특별시 서초구 반포본동(1165055000),11399,11399,536,1811,1451,841,2074,2138,1240,945,318,39,6,5402,5402,273,921,714,374,849,1081,594,416,164,15,1,5997,5997,263,890,737,467,1225,1057,646,529,154,24,5
서울특별시 서초구 반포1동(1165056000),32040,32040,3010,3516,4121,5351,6596,4178,3016,1628,526,90,8,15520,15520,1489,1804,1862,2481,3283,2193,1412,751,222,22,1,16520,16520,1521,1712,2259,2870,3313,1985,1604,877,304,68,7
서울특별시 서초구 반포2동(1165057000),15839,15839,1806,2793,1333,1476,3644,2147,1346,914,323,47,10,7578,7578,964,1370,657,566,1661,1163,624,410,150,8,5,8261,8261,842,1423,676,910,1983,984,722,504,173,39,5
서울특별시 서초구 반포3동(1165058000),22336,22336,1978,2964,2494,2602,4529,3546,2249,1340,515,101,18,10610,10610,1031,1509,1247,1141,2026,1803,1024,590,212,26,1,11726,11726,947,1455,1247,1461,2503,1743,1225,750,303,75,17
서울특별시 서초구 반포4동(1165058100),19179,19179,1666,2159,2236,2573,3566,2886,2325,1245,426,94,3,9049,9049,870,1111,1090,1122,1628,1366,1059,590,184,28,1,10130,10130,796,1048,1146,1451,1938,1520,1266,655,242,66,2
서울특별시 서초구 방배본동(1165059000),20953,20953,1483,2732,2658,2399,3918,3435,2274,1329,615,105,5,9717,9717,754,1281,1245,1049,1733,1719,1058,586,260,32,0,11236,11236,729,1451,1413,1350,2185,1716,1216,743,355,73,5
서울특별시 서초구 방배1동(1165060000),17039,17039,1129,1320,2455,2933,2768,2432,2128,1318,480,70,6,7974,7974,577,699,1158,1330,1276,1128,955,608,215,24,4,9065,9065,552,621,1297,1603,1492,1304,1173,710,265,46,2
서울특별시 서초구 방배2동(1165061000),19869,19869,1137,1616,2786,3066,3040,3099,2871,1633,522,94,5,9304,9304,575,804,1385,1423,1423,1397,1258,773,241,24,1,10565,10565,562,812,1401,1643,1617,1702,1613,860,281,70,4
서울특별시 서초구 방배3동(1165062000),20195,20195,1255,1885,2583,2779,3055,3335,3051,1572,571,105,4,9773,9773,651,964,1342,1338,1386,1563,1447,788,264,30,0,10422,10422,604,921,1241,1441,1669,1772,1604,784,307,75,4
서울특별시 서초구 방배4동(1165062100),23540,23540,1634,2615,3121,3510,4268,3590,2412,1619,686,82,3,10768,10768,809,1197,1376,1572,1906,1732,1108,733,319,16,0,12772,12772,825,1418,1745,1938,2362,1858,1304,886,367,66,3
서울특별시 서초구 양재1동(1165065100),43789,43789,3775,4285,5320,6595,7610,6238,5700,3000,1038,223,5,20938,20938,1940,2201,2614,3158,3719,2955,2505,1401,390,54,1,22851,22851,1835,2084,2706,3437,3891,3283,3195,1599,648,169,4
서울특별시 서초구 양재2동(1165065200),22200,22200,1399,1593,3334,4421,3694,3352,2637,1291,384,90,5,11105,11105,772,795,1680,2283,1895,1652,1236,611,165,15,1,11095,11095,627,798,1654,2138,1799,1700,1401,680,219,75,4
서울특별시 서초구 내곡동(1165066000),17890,17890,1911,1319,1910,2671,3035,2460,2495,1458,529,92,10,8705,8705,960,673,998,1232,1543,1158,1170,725,219,25,2,9185,9185,951,646,912,1439,1492,1302,1325,733,310,67,8
서울특별시 강남구 (1168000000),533579,533579,35921,58247,72221,80020,98177,80315,60078,34230,11995,2221,154,255243,255243,18543,30340,34483,36698,45539,40261,27511,16202,5120,517,29,278336,278336,17378,27907,37738,43322,52638,40054,32567,18028,6875,1704,125
서울특별시 강남구 신사동(1168051000),16336,16336,929,1638,2204,2281,2884,2494,1789,1396,615,101,5,7579,7579,500,808,1016,1013,1267,1216,820,616,293,30,0,8757,8757,429,830,1188,1268,1617,1278,969,780,322,71,5
서울특별시 강남구 논현1동(1168052100),22643,22643,697,884,4594,5625,3839,2814,2252,1364,498,71,5,10675,10675,335,428,2057,2686,1878,1396,1006,648,219,22,0,11968,11968,362,456,2537,2939,1961,1418,1246,716,279,49,5
서울특별시 강남구 논현2동(1168053100),21522,21522,1090,1314,3510,4429,3840,2975,2255,1514,511,79,5,10016,10016,551,675,1569,1997,1830,1442,984,722,223,20,3,11506,11506,539,639,1941,2432,2010,1533,1271,792,288,59,2
서울특별시 강남구 압구정동(1168054500),26841,26841,2120,2759,3104,3236,4734,4161,3180,2396,973,167,11,12393,12393,1014,1332,1462,1382,2145,2032,1401,1114,465,46,0,14448,14448,1106,1427,1642,1854,2589,2129,1779,1282,508,121,11
서울특별시 강남구 청담동(1168056500),26650,26650,2105,2234,3768,4330,4748,3964,3006,1748,621,116,10,12488,12488,1148,1180,1720,1870,2184,1870,1373,827,290,24,2,14162,14162,957,1054,2048,2460,2564,2094,1633,921,331,92,8
서울특별시 강남구 삼성1동(1168058000),13168,13168,836,1250,1849,1915,2125,2166,1692,954,314,64,3,6506,6506,447,725,984,903,989,1036,786,467,146,22,1,6662,6662,389,525,865,1012,1136,1130,906,487,168,42,2
서울특별시 강남구 삼성2동(1168059000),29779,29779,2364,3467,3806,4851,6314,4241,2456,1650,534,83,13,14235,14235,1273,1915,1811,2046,2895,2153,1124,743,256,17,2,15544,15544,1091,1552,1995,2805,3419,2088,1332,907,278,66,11
서울특별시 강남구 대치1동(1168060000),24521,24521,1882,5461,2412,1488,5961,3871,1931,1087,350,68,10,12353,12353,1023,3061,1252,591,2594,2169,921,561,164,15,2,12168,12168,859,2400,1160,897,3367,1702,1010,526,186,53,8
서울특별시 강남구 대치2동(1168061000),36675,36675,1956,6082,4665,3273,7004,6522,4319,2143,598,104,9,18597,18597,1046,3611,2519,1520,2974,3398,2163,1082,262,21,1,18078,18078,910,2471,2146,1753,4030,3124,2156,1061,336,83,8
서울특별시 강남구 대치4동(1168063000),20024,20024,718,2418,3364,3311,3972,3228,1576,1084,308,44,1,9434,9434,358,1290,1605,1494,1712,1624,721,478,145,7,0,10590,10590,360,1128,1759,1817,2260,1604,855,606,163,37,1
서울특별시 강남구 역삼1동(1168064000),35481,35481,1008,1360,7446,10023,6065,4213,3056,1659,548,93,10,17156,17156,505,671,3223,4932,3069,2232,1448,795,259,21,1,18325,18325,503,689,4223,5091,2996,1981,1608,864,289,72,9
서울특별시 강남구 역삼2동(1168065000),36322,36322,2843,5456,4438,5126,8492,4968,2635,1725,551,81,7,17016,17016,1437,2614,1885,2219,3902,2711,1172,789,267,20,0,19306,19306,1406,2842,2553,2907,4590,2257,1463,936,284,61,7
서울특별시 강남구 도곡1동(1168065500),21865,21865,1723,2361,2916,3155,3858,3498,2564,1219,475,93,3,10350,10350,839,1089,1368,1409,1831,1721,1254,613,196,29,1,11515,11515,884,1272,1548,1746,2027,1777,1310,606,279,64,2
서울특별시 강남구 도곡2동(1168065600),33644,33644,2856,4764,3904,3457,6496,5479,3614,2143,779,143,9,15653,15653,1460,2090,1789,1421,2881,2762,1728,1092,389,40,1,17991,17991,1396,2674,2115,2036,3615,2717,1886,1051,390,103,8
서울특별시 강남구 개포1동(1168066000),6493,6493,378,573,719,667,929,1047,1187,705,236,46,6,3169,3169,196,296,369,309,443,528,546,362,109,10,1,3324,3324,182,277,350,358,486,519,641,343,127,36,5
서울특별시 강남구 개포2동(1168067000),21998,21998,1683,2463,2795,2744,3659,3752,3084,1349,379,79,11,10573,10573,850,1187,1425,1291,1690,1791,1462,707,156,11,3,11425,11425,833,1276,1370,1453,1969,1961,1622,642,223,68,8
서울특별시 강남구 개포4동(1168069000),23778,23778,1701,2268,3317,3647,4006,3964,3061,1322,410,77,5,11538,11538,865,1146,1659,1768,1888,1979,1410,628,178,16,1,12240,12240,836,1122,1658,1879,2118,1985,1651,694,232,61,4
서울특별시 강남구 세곡동(1168070000),43906,43906,4283,4638,5328,6577,7854,5970,5038,2717,1231,261,9,20825,20825,2165,2280,2545,3008,3852,2916,2247,1305,442,61,4,23081,23081,2118,2358,2783,3569,4002,3054,2791,1412,789,200,5
서울특별시 강남구 일원본동(1168072000),23611,23611,2120,3330,2573,2837,4506,3711,2904,1128,389,108,5,11643,11643,1165,1907,1351,1297,2063,1817,1330,560,137,15,1,11968,11968,955,1423,1222,1540,2443,1894,1574,568,252,93,4
서울특별시 강남구 일원1동(1168073000),15413,15413,726,1174,2128,2223,2106,2469,2542,1400,524,114,7,7556,7556,367,658,1094,1177,1065,1202,1144,660,164,23,2,7857,7857,359,516,1034,1046,1041,1267,1398,740,360,91,5
서울특별시 강남구 일원2동(1168074000),17893,17893,1306,1782,1851,2584,3136,2607,2578,1533,440,70,6,8666,8666,690,1096,992,1230,1519,1268,1089,631,136,14,1,9227,9227,616,686,859,1354,1617,1339,1489,902,304,56,5
서울특별시 강남구 수서동(1168075000),15016,15016,597,571,1530,2241,1649,2201,3359,1994,711,159,4,6822,6822,309,281,788,1135,868,998,1382,802,224,33,2,8194,8194,288,290,742,1106,781,1203,1977,1192,487,126,2
서울특별시 송파구 (1171000000),660160,660160,49108,58170,92675,107997,107983,101452,85310,40580,14294,2477,114,318374,318374,25299,29756,44058,51718,52075,49211,40202,19834,5608,587,26,341786,341786,23809,28414,48617,56279,55908,52241,45108,20746,8686,1890,88
서울특별시 송파구 풍납1동(1171051000),13432,13432,667,855,1656,1867,1879,2319,2475,1191,460,62,1,6581,6581,375,439,875,973,918,1128,1131,545,176,20,1,6851,6851,292,416,781,894,961,1191,1344,646,284,42,0
서울특별시 송파구 풍납2동(1171052000),25277,25277,1919,2026,3830,4202,4038,3646,3333,1630,569,81,3,12028,12028,998,1015,1691,1991,1946,1776,1581,789,222,18,1,13249,13249,921,1011,2139,2211,2092,1870,1752,841,347,63,2
서울특별시 송파구 거여1동(1171053100),12739,12739,630,967,1833,1732,1847,2305,1942,1054,373,53,3,6458,6458,334,496,974,919,925,1171,942,533,149,13,2,6281,6281,296,471,859,813,922,1134,1000,521,224,40,1
서울특별시 송파구 거여2동(1171053200),19068,19068,1331,1505,2240,2685,2977,3298,2805,1554,562,105,6,9349,9349,688,812,1147,1363,1469,1597,1323,728,205,16,1,9719,9719,643,693,1093,1322,1508,1701,1482,826,357,89,5
서울특별시 송파구 마천1동(1171054000),19306,19306,893,1592,2319,2185,2769,3555,3279,1898,720,94,2,9878,9878,465,817,1208,1207,1443,1902,1646,904,258,28,0,9428,9428,428,775,1111,978,1326,1653,1633,994,462,66,2
서울특별시 송파구 마천2동(1171055000),19194,19194,872,1325,2441,2228,2705,3625,3442,1743,708,102,3,9740,9740,426,684,1309,1223,1421,1865,1712,797,291,12,0,9454,9454,446,641,1132,1005,1284,1760,1730,946,417,90,3
서울특별시 송파구 방이1동(1171056100),15958,15958,1037,1651,2453,2239,2612,2673,2000,858,367,62,6,7691,7691,505,853,1242,1081,1202,1250,950,459,132,17,0,8267,8267,532,798,1211,1158,1410,1423,1050,399,235,45,6
서울특별시 송파구 방이2동(1171056200),26277,26277,1167,1237,5274,6034,3668,3626,3208,1507,480,73,3,12294,12294,624,672,2174,2930,1809,1687,1460,719,196,21,2,13983,13983,543,565,3100,3104,1859,1939,1748,788,284,52,1
서울특별시 송파구 오륜동(1171056600),18303,18303,1282,2708,2175,1694,3297,3124,2491,1071,365,95,1,9002,9002,695,1495,1147,713,1452,1544,1189,594,148,24,1,9301,9301,587,1213,1028,981,1845,1580,1302,477,217,71,0
서울특별시 송파구 오금동(1171057000),38933,38933,2776,3124,5468,5549,5713,6804,5737,2534,1005,209,14,18868,18868,1435,1657,2843,2727,2671,3175,2709,1256,347,45,3,20065,20065,1341,1467,2625,2822,3042,3629,3028,1278,658,164,11
서울특별시 송파구 송파1동(1171058000),24390,24390,1177,1355,4532,5328,3465,3414,3063,1483,493,79,1,11403,11403,608,664,2011,2604,1619,1560,1392,703,218,24,0,12987,12987,569,691,2521,2724,1846,1854,1671,780,275,55,1
서울특별시 송파구 송파2동(1171059000),19599,19599,1530,1847,2762,2859,3082,3165,2708,1156,405,80,5,9403,9403,792,911,1293,1333,1486,1527,1275,614,158,14,0,10196,10196,738,936,1469,1526,1596,1638,1433,542,247,66,5
서울특별시 송파구 석촌동(1171060000),31981,31981,1567,1845,5481,6911,4841,4655,3949,1995,639,91,7,15254,15254,789,915,2514,3330,2402,2253,1831,912,281,26,1,16727,16727,778,930,2967,3581,2439,2402,2118,1083,358,65,6
서울특별시 송파구 삼전동(1171061000),31003,31003,1513,1967,5319,6532,5118,4465,3708,1728,540,106,7,14634,14634,773,1037,2386,3188,2473,2088,1648,835,183,22,1,16369,16369,740,930,2933,3344,2645,2377,2060,893,357,84,6
서울특별시 송파구 가락본동(1171062000),26762,26762,1590,1856,4118,4710,3873,4654,3743,1546,584,85,3,13242,13242,804,965,2015,2392,1915,2273,1851,754,244,27,2,13520,13520,786,891,2103,2318,1958,2381,1892,792,340,58,1
서울특별시 송파구 가락1동(1171063100),27179,27179,3079,2245,3306,5018,4356,3983,3410,1391,320,68,3,13172,13172,1654,1096,1649,2341,2107,1866,1616,709,119,15,0,14007,14007,1425,1149,1657,2677,2249,2117,1794,682,201,53,3
서울특별시 송파구 가락2동(1171063200),32748,32748,2534,3471,4535,4749,5604,5244,4139,1703,657,107,5,16099,16099,1323,1849,2275,2306,2689,2554,1979,846,249,28,1,16649,16649,1211,1622,2260,2443,2915,2690,2160,857,408,79,4
서울특별시 송파구 문정1동(1171064100),20384,20384,1300,1496,3178,3539,2880,3338,2963,1203,409,73,5,10086,10086,679,783,1591,1823,1405,1560,1457,605,165,17,1,10298,10298,621,713,1587,1716,1475,1778,1506,598,244,56,4
서울특별시 송파구 문정2동(1171064200),29192,29192,1655,1435,5221,7430,4340,3507,3168,1630,687,113,6,13488,13488,827,731,2012,3423,2101,1712,1491,837,313,38,3,15704,15704,828,704,3209,4007,2239,1795,1677,793,374,75,3
서울특별시 송파구 장지동(1171064600),29735,29735,2317,2690,4062,4717,4727,4836,3820,1737,671,153,5,14357,14357,1182,1379,2028,2366,2321,2233,1805,807,212,24,0,15378,15378,1135,1311,2034,2351,2406,2603,2015,930,459,129,5
서울특별시 송파구 위례동(1171064700),32102,32102,5101,4235,3033,5401,6489,3778,2550,1058,355,99,3,15609,15609,2575,2111,1523,2482,3271,1854,1158,522,103,10,0,16493,16493,2526,2124,1510,2919,3218,1924,1392,536,252,89,3
서울특별시 송파구 잠실본동(1171065000),28288,28288,1230,1736,5089,6117,4409,4097,3405,1615,509,76,5,13350,13350,615,876,2221,2995,2156,1930,1553,772,207,24,1,14938,14938,615,860,2868,3122,2253,2167,1852,843,302,52,4
서울특별시 송파구 잠실2동(1171067000),35587,35587,4018,5822,3308,3861,8580,4912,2950,1584,484,66,2,17045,17045,2054,2919,1575,1553,3992,2661,1338,736,205,12,0,18542,18542,1964,2903,1733,2308,4588,2251,1612,848,279,54,2
서울특별시 송파구 잠실3동(1171068000),34713,34713,3207,4044,3775,4243,6226,5192,4694,2484,713,130,5,16531,16531,1668,2043,1808,1806,2886,2566,2173,1246,305,28,2,18182,18182,1539,2001,1967,2437,3340,2626,2521,1238,408,102,3
서울특별시 송파구 잠실4동(1171069000),21386,21386,2729,2393,1993,2944,4353,2928,2446,1168,363,68,1,10275,10275,1418,1237,978,1209,2116,1435,1139,585,143,15,0,11111,11111,1311,1156,1015,1735,2237,1493,1307,583,220,53,1
서울특별시 송파구 잠실6동(1171071000),16892,16892,1423,1721,2001,2241,2776,2637,2419,1150,440,79,5,7985,7985,697,875,954,990,1288,1228,1168,566,187,29,3,8907,8907,726,846,1047,1251,1488,1409,1251,584,253,50,2
서울특별시 송파구 잠실7동(1171072000),9732,9732,564,1022,1273,982,1359,1672,1463,909,416,68,4,4552,4552,296,425,615,450,592,816,685,461,192,20,0,5180,5180,268,597,658,532,767,856,778,448,224,48,4
서울특별시 강동구 (1174000000),465331,465331,35568,39122,61776,72955,75011,72165,65060,31011,10709,1838,116,228768,228768,18439,20618,30315,36289,37612,35290,30694,15008,4098,376,29,236563,236563,17129,18504,31461,36666,37399,36875,34366,16003,6611,1462,87
서울특별시 강동구 강일동(1174051500),41411,41411,3902,4920,4848,5920,6745,5919,5169,2677,1085,217,9,19875,19875,2011,2545,2376,2807,3271,2868,2298,1246,395,57,1,21536,21536,1891,2375,2472,3113,3474,3051,2871,1431,690,160,8
서울특별시 강동구 상일동(1174052000),38242,38242,5026,3903,3982,6010,7059,5364,4693,1639,469,94,3,18869,18869,2592,1986,2047,2761,3566,2567,2300,863,175,11,1,19373,19373,2434,1917,1935,3249,3493,2797,2393,776,294,83,2
서울특별시 강동구 명일제1동(1174053000),26084,26084,2137,2462,3194,4097,4222,4038,3641,1620,562,108,3,12703,12703,1099,1285,1610,2028,2013,1943,1698,789,214,23,1,13381,13381,1038,1177,1584,2069,2209,2095,1943,831,348,85,2
서울특별시 강동구 명일제2동(1174054000),17389,17389,1137,2477,2230,1872,3045,2736,2494,982,329,83,4,8614,8614,579,1377,1129,927,1361,1355,1211,536,121,17,1,8775,8775,558,1100,1101,945,1684,1381,1283,446,208,66,3
서울특별시 강동구 고덕제1동(1174055000),25242,25242,2914,3464,2349,3308,5356,3426,2774,1084,423,115,29,12838,12838,1545,1969,1263,1547,2680,1758,1353,531,160,22,10,12404,12404,1369,1495,1086,1761,2676,1668,1421,553,263,93,19
서울특별시 강동구 고덕제2동(1174056000),22517,22517,2574,1978,2388,3976,3884,3251,2851,1152,385,76,2,11357,11357,1328,1046,1260,1923,2004,1650,1381,594,154,16,1,11160,11160,1246,932,1128,2053,1880,1601,1470,558,231,60,1
서울특별시 강동구 암사제1동(1174057000),34896,34896,2150,2550,4806,5204,5494,5880,5040,2715,910,139,8,17337,17337,1069,1332,2526,2696,2830,2880,2394,1230,346,33,1,17559,17559,1081,1218,2280,2508,2664,3000,2646,1485,564,106,7
서울특별시 강동구 암사제2동(1174058000),15341,15341,1409,996,1999,2881,2390,2229,1951,1086,350,48,2,7425,7425,718,486,948,1431,1208,1063,897,517,146,11,0,7916,7916,691,510,1051,1450,1182,1166,1054,569,204,37,2
서울특별시 강동구 암사제3동(1174059000),18095,18095,1964,1921,1961,2491,3267,2650,2360,1064,350,65,2,8851,8851,1007,1007,969,1135,1621,1290,1132,531,146,11,2,9244,9244,957,914,992,1356,1646,1360,1228,533,204,54,0
서울특별시 강동구 천호제1동(1174060000),27150,27150,1397,1743,3793,4033,4015,4563,4459,2275,749,120,3,13335,13335,698,907,1874,2122,2114,2173,2088,1065,280,14,0,13815,13815,699,836,1919,1911,1901,2390,2371,1210,469,106,3
서울특별시 강동구 천호제2동(1174061000),33624,33624,1639,1790,4850,6110,4884,5548,5074,2681,914,132,2,16590,16590,859,928,2276,3141,2518,2784,2438,1260,362,24,0,17034,17034,780,862,2574,2969,2366,2764,2636,1421,552,108,2
서울특별시 강동구 천호제3동(1174062000),26413,26413,1281,1267,4288,4746,3769,4197,3983,2039,746,91,6,12943,12943,695,639,1866,2394,1960,2165,1957,972,277,16,2,13470,13470,586,628,2422,2352,1809,2032,2026,1067,469,75,4
서울특별시 강동구 성내제1동(1174064000),20214,20214,1558,1737,2761,3290,3363,3002,2632,1344,455,70,2,9799,9799,822,880,1370,1607,1626,1430,1195,657,188,23,1,10415,10415,736,857,1391,1683,1737,1572,1437,687,267,47,1
서울특별시 강동구 성내제2동(1174065000),24016,24016,1068,1173,3961,4289,3375,3794,3712,1856,699,79,10,11783,11783,562,576,1773,2262,1751,1894,1746,912,289,15,3,12233,12233,506,597,2188,2027,1624,1900,1966,944,410,64,7
서울특별시 강동구 성내제3동(1174066000),23340,23340,1241,1745,3684,3470,3575,3986,3310,1695,546,81,7,11456,11456,648,1033,1891,1773,1723,1902,1461,802,203,18,2,11884,11884,593,712,1793,1697,1852,2084,1849,893,343,63,5
서울특별시 강동구 길동(1174068500),46080,46080,2457,2914,7133,7548,6822,7374,7141,3366,1115,199,11,22500,22500,1293,1520,3354,3844,3484,3553,3360,1637,416,37,2,23580,23580,1164,1394,3779,3704,3338,3821,3781,1729,699,162,9
서울특별시 강동구 둔촌제1동(1174069000),134,134,3,7,17,13,25,18,32,10,5,3,1,76,76,2,3,10,7,12,11,19,6,5,1,0,58,58,1,4,7,6,13,7,13,4,0,2,1
서울특별시 강동구 둔촌제2동(1174070000),25143,25143,1711,2075,3532,3697,3721,4190,3744,1726,617,118,12,12417,12417,912,1099,1773,1884,1870,2004,1766,860,221,27,1,12726,12726,799,976,1759,1813,1851,2186,1978,866,396,91,11
부산광역시  (2600000000),3369704,3369704,227645,269088,426109,413070,507314,560443,538609,293433,118489,14737,767,1650252,1650252,116788,138793,221748,211534,255758,272472,254617,132478,42798,3117,149,1719452,1719452,110857,130295,204361,201536,251556,287971,283992,160955,75691,11620,618
부산광역시 중구 (2611000000),41311,41311,1259,1978,5708,4472,5347,6947,7946,5109,2164,361,20,20122,20122,652,981,2809,2409,2933,3499,3733,2210,796,96,4,21189,21189,607,997,2899,2063,2414,3448,4213,2899,1368,265,16
부산광역시 중구 중앙동(2611051000),2524,2524,34,67,696,439,295,343,365,190,79,15,1,1197,1197,18,37,270,215,161,183,186,99,28,0,0,1327,1327,16,30,426,224,134,160,179,91,51,15,1
부산광역시 중구 동광동(2611052000),2830,2830,71,103,294,232,343,525,579,446,191,45,1,1438,1438,33,47,160,134,201,272,287,211,79,14,0,1392,1392,38,56,134,98,142,253,292,235,112,31,1
부산광역시 중구 대청동(2611053000),6451,6451,189,375,932,668,913,1056,1170,782,292,71,3,3022,3022,99,175,454,336,484,494,549,310,108,12,1,3429,3429,90,200,478,332,429,562,621,472,184,59,2
부산광역시 중구 보수동(2611054500),10737,10737,372,559,1518,1129,1432,1822,2019,1257,555,71,3,5207,5207,184,278,756,592,784,914,928,531,217,22,1,5530,5530,188,281,762,537,648,908,1091,726,338,49,2
부산광역시 중구 부평동(2611056000),4711,4711,104,202,553,486,551,803,1028,643,283,53,5,2214,2214,61,104,264,271,287,389,448,285,92,13,0,2497,2497,43,98,289,215,264,414,580,358,191,40,5
부산광역시 중구 광복동(2611057000),1049,1049,20,35,113,106,115,190,251,136,65,14,4,531,531,12,17,63,59,57,102,132,59,23,5,2,518,518,8,18,50,47,58,88,119,77,42,9,2
부산광역시 중구 남포동(2611058000),992,992,15,30,63,87,102,207,280,154,46,7,1,560,560,9,14,36,51,64,137,157,76,12,4,0,432,432,6,16,27,36,38,70,123,78,34,3,1
부산광역시 중구 영주제1동(2611059000),4770,4770,179,200,781,672,673,706,790,500,234,34,1,2445,2445,97,103,395,394,395,373,375,226,77,10,0,2325,2325,82,97,386,278,278,333,415,274,157,24,1
부산광역시 중구 영주제2동(2611060000),7247,7247,275,407,758,653,923,1295,1464,1001,419,51,1,3508,3508,139,206,411,357,500,635,671,413,160,16,0,3739,3739,136,201,347,296,423,660,793,588,259,35,1
부산광역시 서구 (2614000000),106545,106545,5547,7234,13417,10927,14446,17488,19098,12201,5493,666,28,51621,51621,2899,3667,6575,5656,7482,8938,8917,5322,2020,139,6,54924,54924,2648,3567,6842,5271,6964,8550,10181,6879,3473,527,22
부산광역시 서구 동대신제1동(2614051000),5025,5025,286,317,635,586,656,829,843,542,291,37,3,2441,2441,156,149,337,312,352,420,375,230,102,8,0,2584,2584,130,168,298,274,304,409,468,312,189,29,3
부산광역시 서구 동대신제2동(2614052000),7427,7427,310,497,745,615,968,1280,1438,1012,501,60,1,3619,3619,164,241,395,330,503,636,683,445,212,10,0,3808,3808,146,256,350,285,465,644,755,567,289,50,1
부산광역시 서구 동대신제3동(2614053000),7668,7668,428,513,1190,859,1047,1111,1293,792,376,56,3,3607,3607,219,250,536,460,519,552,586,337,133,15,0,4061,4061,209,263,654,399,528,559,707,455,243,41,3
부산광역시 서구 서대신제1동(2614054000),13724,13724,1135,1099,1718,1841,2140,2084,1850,1232,551,74,0,6481,6481,587,562,823,870,1052,1016,832,528,195,16,0,7243,7243,548,537,895,971,1088,1068,1018,704,356,58,0
부산광역시 서구 서대신제3동(2614056000),8580,8580,591,826,1007,899,1318,1409,1353,756,368,51,2,3946,3946,312,389,468,428,611,649,623,335,120,11,0,4634,4634,279,437,539,471,707,760,730,421,248,40,2
부산광역시 서구 서대신제4동(2614057000),7826,7826,622,768,916,830,1232,1263,1174,660,313,43,5,3784,3784,342,392,478,392,585,613,561,289,122,9,1,4042,4042,280,376,438,438,647,650,613,371,191,34,4
부산광역시 서구 부민동(2614059000),7738,7738,437,574,1570,945,1023,1099,1138,608,296,45,3,3677,3677,224,289,695,469,517,556,535,273,112,6,1,4061,4061,213,285,875,476,506,543,603,335,184,39,2
부산광역시 서구 아미동(2614061500),6827,6827,100,292,766,508,784,1181,1528,1063,543,58,4,3470,3470,51,158,399,285,459,669,767,468,199,12,3,3357,3357,49,134,367,223,325,512,761,595,344,46,1
부산광역시 서구 초장동(2614063000),4466,4466,106,174,417,336,582,794,963,708,345,41,0,2259,2259,52,87,227,194,349,447,473,313,108,9,0,2207,2207,54,87,190,142,233,347,490,395,237,32,0
부산광역시 서구 충무동(2614064000),9922,9922,471,521,1410,1143,1297,1700,1743,1137,455,44,1,4733,4733,241,267,612,593,664,881,805,477,180,13,0,5189,5189,230,254,798,550,633,819,938,660,275,31,1
부산광역시 서구 남부민제1동(2614065000),4953,4953,131,187,454,435,589,900,1132,773,312,40,0,2518,2518,69,98,246,250,356,494,537,340,120,8,0,2435,2435,62,89,208,185,233,406,595,433,192,32,0
부산광역시 서구 남부민제2동(2614066000),9374,9374,326,501,872,734,1178,1631,2061,1454,556,58,3,4695,4695,167,276,475,414,647,903,980,631,192,10,0,4679,4679,159,225,397,320,531,728,1081,823,364,48,3
부산광역시 서구 암남동(2614068000),13015,13015,604,965,1717,1196,1632,2207,2582,1464,586,59,3,6391,6391,315,509,884,659,868,1102,1160,656,225,12,1,6624,6624,289,456,833,537,764,1105,1422,808,361,47,2
부산광역시 동구 (2617000000),88159,88159,4075,4985,10424,10389,11739,14422,16142,10616,4731,572,64,43185,43185,2158,2568,5272,5539,6293,7378,7633,4572,1616,138,18,44974,44974,1917,2417,5152,4850,5446,7044,8509,6044,3115,434,46
부산광역시 동구 초량제1동(2617051000),4830,4830,158,274,688,517,702,781,866,590,231,23,0,2444,2444,67,148,363,280,398,432,405,272,75,4,0,2386,2386,91,126,325,237,304,349,461,318,156,19,0
부산광역시 동구 초량제2동(2617052000),5760,5760,152,269,618,557,728,998,1199,829,337,64,9,2852,2852,88,138,306,320,414,537,551,356,115,23,4,2908,2908,64,131,312,237,314,461,648,473,222,41,5
부산광역시 동구 초량제3동(2617053000),12135,12135,1126,783,1802,2492,1880,1654,1367,687,292,50,2,5930,5930,606,405,767,1252,970,830,665,323,99,12,1,6205,6205,520,378,1035,1240,910,824,702,364,193,38,1
부산광역시 동구 초량제6동(2617055000),6137,6137,157,396,644,481,794,1018,1213,907,456,60,11,2987,2987,79,216,360,280,403,534,567,383,151,11,3,3150,3150,78,180,284,201,391,484,646,524,305,49,8
부산광역시 동구 수정제1동(2617056000),4154,4154,185,299,499,386,568,686,744,538,227,19,3,2012,2012,101,151,263,208,297,348,324,225,93,2,0,2142,2142,84,148,236,178,271,338,420,313,134,17,3
부산광역시 동구 수정제2동(2617057000),10026,10026,406,559,1191,1190,1260,1627,1906,1254,564,53,16,4781,4781,205,282,572,642,649,801,874,552,185,16,3,5245,5245,201,277,619,548,611,826,1032,702,379,37,13
부산광역시 동구 수정제4동(2617059000),4007,4007,98,216,352,299,453,687,817,719,331,35,0,1982,1982,56,121,203,173,252,385,401,281,98,12,0,2025,2025,42,95,149,126,201,302,416,438,233,23,0
부산광역시 동구 수정제5동(2617060000),5428,5428,163,326,564,423,659,948,1085,838,370,52,0,2580,2580,88,157,317,234,354,466,473,359,120,12,0,2848,2848,75,169,247,189,305,482,612,479,250,40,0
부산광역시 동구 좌천동(2617064500),10937,10937,450,598,1292,1123,1425,1831,2034,1473,636,62,13,5317,5317,251,293,686,595,767,890,967,623,232,10,3,5620,5620,199,305,606,528,658,941,1067,850,404,52,10
부산광역시 동구 범일제1동(2617065000),11744,11744,346,604,1288,1100,1358,2070,2577,1564,758,77,2,5789,5789,176,297,696,612,754,1071,1239,674,250,19,1,5955,5955,170,307,592,488,604,999,1338,890,508,58,1
부산광역시 동구 범일제2동(2617066000),8542,8542,450,411,1055,1144,1208,1531,1587,780,327,43,6,4314,4314,234,226,544,598,641,786,787,352,132,12,2,4228,4228,216,185,511,546,567,745,800,428,195,31,4
부산광역시 동구 범일제5동(2617068000),4459,4459,384,250,431,677,704,591,747,437,202,34,2,2197,2197,207,134,195,345,394,298,380,172,66,5,1,2262,2262,177,116,236,332,310,293,367,265,136,29,1
부산광역시 영도구 (2620000000),111387,111387,4966,7233,11786,10319,14840,18959,22175,14432,5935,690,52,54958,54958,2513,3724,6514,5567,7772,9726,10633,6290,2082,133,4,56429,56429,2453,3509,5272,4752,7068,9233,11542,8142,3853,557,48
부산광역시 영도구 남항동(2620053000),10973,10973,416,525,1084,1063,1434,1899,2271,1545,645,87,4,5465,5465,210,273,556,584,779,1065,1093,662,233,10,0,5508,5508,206,252,528,479,655,834,1178,883,412,77,4
부산광역시 영도구 영선제1동(2620054000),4078,4078,170,245,425,378,534,686,853,538,226,23,0,1964,1964,89,130,227,192,278,330,384,238,92,4,0,2114,2114,81,115,198,186,256,356,469,300,134,19,0
부산광역시 영도구 영선제2동(2620055000),8608,8608,377,553,900,809,1095,1436,1685,1191,493,65,4,4175,4175,199,293,498,425,542,702,801,525,172,18,0,4433,4433,178,260,402,384,553,734,884,666,321,47,4
부산광역시 영도구 신선동(2620058500),8707,8707,200,463,777,611,1037,1578,1832,1453,690,64,2,4381,4381,112,240,431,358,594,899,901,591,248,6,1,4326,4326,88,223,346,253,443,679,931,862,442,58,1
부산광역시 영도구 봉래제1동(2620059000),7098,7098,350,413,726,698,975,1137,1440,875,410,54,20,3491,3491,181,205,381,374,524,596,689,388,139,13,1,3607,3607,169,208,345,324,451,541,751,487,271,41,19
부산광역시 영도구 봉래제2동(2620060500),5180,5180,160,263,499,382,664,899,1047,889,356,20,1,2563,2563,76,136,281,230,375,480,473,366,142,4,0,2617,2617,84,127,218,152,289,419,574,523,214,16,1
부산광역시 영도구 청학제1동(2620063000),6466,6466,338,444,578,617,939,1024,1244,883,345,53,1,3171,3171,174,236,310,323,490,536,584,387,118,13,0,3295,3295,164,208,268,294,449,488,660,496,227,40,1
부산광역시 영도구 청학제2동(2620064000),18174,18174,992,1431,1907,1779,2588,3159,3418,2007,801,89,3,9057,9057,497,754,1056,974,1319,1600,1630,924,286,17,0,9117,9117,495,677,851,805,1269,1559,1788,1083,515,72,3
부산광역시 영도구 동삼제1동(2620065000),28328,28328,1461,2185,3420,2806,3913,4910,5284,3014,1183,145,7,13831,13831,712,1103,1903,1470,1946,2352,2558,1355,402,30,0,14497,14497,749,1082,1517,1336,1967,2558,2726,1659,781,115,7
부산광역시 영도구 동삼제2동(2620066000),3499,3499,175,171,592,331,444,472,659,479,152,22,2,1854,1854,98,84,379,188,259,254,319,210,55,7,1,1645,1645,77,87,213,143,185,218,340,269,97,15,1
부산광역시 영도구 동삼제3동(2620067000),10276,10276,327,540,878,845,1217,1759,2442,1558,634,68,8,5006,5006,165,270,492,449,666,912,1201,644,195,11,1,5270,5270,162,270,386,396,551,847,1241,914,439,57,7
부산광역시 부산진구 (2623000000),357193,357193,20935,24614,52602,47787,51129,57559,56480,31441,13126,1459,61,172498,172498,10627,12467,25650,24379,25887,27962,26511,13956,4750,297,12,184695,184695,10308,12147,26952,23408,25242,29597,29969,17485,8376,1162,49
부산광역시 부산진구 부전제1동(2623051000),15670,15670,651,550,3518,2502,1800,2447,2381,1244,520,56,1,7852,7852,324,290,1566,1334,1006,1340,1211,585,186,9,1,7818,7818,327,260,1952,1168,794,1107,1170,659,334,47,0
부산광역시 부산진구 부전제2동(2623052000),9871,9871,618,458,1933,1739,1481,1519,1312,546,223,41,1,4914,4914,334,221,911,921,792,743,652,253,76,11,0,4957,4957,284,237,1022,818,689,776,660,293,147,30,1
부산광역시 부산진구 연지동(2623054000),20867,20867,1437,1849,2104,2302,3351,3296,3494,2088,834,110,2,9871,9871,702,932,1102,1183,1594,1534,1566,909,319,29,1,10996,10996,735,917,1002,1119,1757,1762,1928,1179,515,81,1
부산광역시 부산진구 초읍동(2623055000),22198,22198,1298,1562,2253,2427,3121,3617,4040,2674,1083,118,5,10776,10776,678,853,1220,1246,1574,1747,1830,1192,413,22,1,11422,11422,620,709,1033,1181,1547,1870,2210,1482,670,96,4
부산광역시 부산진구 양정제1동(2623056000),20268,20268,1149,1524,2886,2490,2957,3585,3080,1708,802,85,2,9557,9557,571,759,1416,1216,1437,1704,1445,710,275,23,1,10711,10711,578,765,1470,1274,1520,1881,1635,998,527,62,1
부산광역시 부산진구 양정제2동(2623057000),12781,12781,544,569,2972,2247,1752,1602,1612,999,434,49,1,5864,5864,282,269,1183,1078,886,817,742,427,170,10,0,6917,6917,262,300,1789,1169,866,785,870,572,264,39,1
부산광역시 부산진구 전포제1동(2623060000),22306,22306,1423,1294,4750,4308,3095,2780,2458,1442,676,77,3,10712,10712,718,636,2108,2218,1592,1365,1173,634,249,19,0,11594,11594,705,658,2642,2090,1503,1415,1285,808,427,58,3
부산광역시 부산진구 전포제2동(2623061000),20950,20950,948,1160,3434,2951,2941,3046,3347,2132,911,78,2,9850,9850,494,588,1586,1470,1430,1465,1514,941,352,10,0,11100,11100,454,572,1848,1481,1511,1581,1833,1191,559,68,2
부산광역시 부산진구 부암제1동(2623064000),22885,22885,1956,1876,2541,3053,3776,3727,3279,1904,694,76,3,11217,11217,1038,946,1303,1503,1919,1816,1575,857,243,16,1,11668,11668,918,930,1238,1550,1857,1911,1704,1047,451,60,2
부산광역시 부산진구 부암제3동(2623066000),17748,17748,1122,1882,2003,1686,2863,3316,2779,1475,552,66,4,8709,8709,575,956,1095,854,1378,1638,1324,684,196,9,0,9039,9039,547,926,908,832,1485,1678,1455,791,356,57,4
부산광역시 부산진구 당감제1동(2623067000),23416,23416,1143,1915,2889,2333,3346,4354,4172,2151,975,136,2,11199,11199,561,977,1564,1204,1635,2057,1951,910,318,22,0,12217,12217,582,938,1325,1129,1711,2297,2221,1241,657,114,2
부산광역시 부산진구 당감제2동(2623068000),10340,10340,747,686,1322,1644,1485,1473,1657,916,376,34,0,4944,4944,382,344,631,829,752,701,738,408,153,6,0,5396,5396,365,342,691,815,733,772,919,508,223,28,0
부산광역시 부산진구 당감제4동(2623070000),11474,11474,667,894,1264,1274,1722,2199,1934,1052,426,42,0,5625,5625,346,435,690,666,872,1074,932,457,146,7,0,5849,5849,321,459,574,608,850,1125,1002,595,280,35,0
부산광역시 부산진구 가야제1동(2623071000),19411,19411,865,1200,3126,2235,2626,3279,3367,1929,716,68,0,9702,9702,419,611,1713,1191,1431,1627,1569,870,262,9,0,9709,9709,446,589,1413,1044,1195,1652,1798,1059,454,59,0
부산광역시 부산진구 가야제2동(2623072000),17038,17038,1011,1378,2124,1828,2412,2828,3013,1719,641,78,6,8277,8277,505,706,1134,924,1190,1336,1384,812,264,22,0,8761,8761,506,672,990,904,1222,1492,1629,907,377,56,6
부산광역시 부산진구 개금제1동(2623074000),16942,16942,1226,999,3207,2728,2387,2498,2156,1203,489,49,0,8112,8112,620,473,1421,1376,1254,1233,981,559,185,10,0,8830,8830,606,526,1786,1352,1133,1265,1175,644,304,39,0
부산광역시 부산진구 개금제2동(2623075000),11200,11200,602,834,1558,1168,1523,1902,1959,1137,475,42,0,5484,5484,279,431,840,633,781,929,911,498,174,8,0,5716,5716,323,403,718,535,742,973,1048,639,301,34,0
부산광역시 부산진구 개금제3동(2623076000),29226,29226,1801,2468,3619,3378,4187,5231,5149,2244,1032,114,3,14129,14129,933,1235,1899,1687,2083,2441,2480,1013,337,21,0,15097,15097,868,1233,1720,1691,2104,2790,2669,1231,695,93,3
부산광역시 부산진구 범천제1동(2623077000),12035,12035,499,477,2537,2305,1527,1678,1657,884,419,50,2,5705,5705,234,249,1065,1175,792,857,792,377,150,13,1,6330,6330,265,228,1472,1130,735,821,865,507,269,37,1
부산광역시 부산진구 범천제2동(2623078000),20567,20567,1228,1039,2562,3189,2777,3182,3634,1994,848,90,24,9999,9999,632,556,1203,1671,1489,1538,1741,860,282,21,6,10568,10568,596,483,1359,1518,1288,1644,1893,1134,566,69,18
부산광역시 동래구 (2626000000),268996,268996,19262,24773,32243,32518,42967,43813,41406,22352,8528,1061,73,130880,130880,9950,12910,16836,16331,21032,20819,19209,10293,3251,236,13,138116,138116,9312,11863,15407,16187,21935,22994,22197,12059,5277,825,60
부산광역시 동래구 수민동(2626051000),32859,32859,2567,2806,3894,4319,5038,5312,5026,2704,1056,133,4,16007,16007,1295,1516,2069,2177,2513,2444,2318,1245,393,36,1,16852,16852,1272,1290,1825,2142,2525,2868,2708,1459,663,97,3
부산광역시 동래구 복산동(2626052000),9927,9927,331,633,1083,873,1210,1725,2049,1314,598,88,23,4816,4816,170,340,587,498,639,832,962,553,215,20,0,5111,5111,161,293,496,375,571,893,1087,761,383,68,23
부산광역시 동래구 명륜동(2626054500),24898,24898,2634,3225,2480,3037,5081,3627,2644,1490,600,79,1,12216,12216,1384,1765,1284,1410,2446,1761,1224,686,241,15,0,12682,12682,1250,1460,1196,1627,2635,1866,1420,804,359,64,1
부산광역시 동래구 온천제1동(2626055000),19565,19565,1024,1132,3092,3196,3047,3004,2673,1612,697,80,8,9259,9259,506,572,1377,1600,1471,1470,1262,705,274,20,2,10306,10306,518,560,1715,1596,1576,1534,1411,907,423,60,6
부산광역시 동래구 온천제2동(2626056000),14999,14999,844,1416,1738,1389,2121,2447,2582,1595,746,113,8,7242,7242,413,745,955,729,1016,1153,1198,716,288,25,4,7757,7757,431,671,783,660,1105,1294,1384,879,458,88,4
부산광역시 동래구 온천제3동(2626057000),38975,38975,2571,2872,5495,5369,5651,6587,6050,3127,1124,123,6,19093,19093,1321,1510,2790,2769,2801,3095,2846,1452,470,38,1,19882,19882,1250,1362,2705,2600,2850,3492,3204,1675,654,85,5
부산광역시 동래구 사직제1동(2626058000),10742,10742,811,1005,1267,1369,1771,1667,1488,914,403,45,2,5135,5135,420,467,671,669,861,819,646,406,167,8,1,5607,5607,391,538,596,700,910,848,842,508,236,37,1
부산광역시 동래구 사직제2동(2626059000),27866,27866,2553,4064,3123,2694,5639,4545,3267,1438,476,66,1,13456,13456,1297,1980,1694,1253,2592,2251,1561,670,152,6,0,14410,14410,1256,2084,1429,1441,3047,2294,1706,768,324,60,1
부산광역시 동래구 사직제3동(2626060000),17457,17457,1501,1791,1780,1928,3194,2554,2563,1557,529,60,0,8643,8643,854,1005,919,922,1621,1265,1156,693,203,5,0,8814,8814,647,786,861,1006,1573,1289,1407,864,326,55,0
부산광역시 동래구 안락제1동(2626074000),14809,14809,782,963,1718,1685,2027,2532,2855,1614,559,68,6,7314,7314,422,517,910,896,1049,1225,1309,752,220,12,2,7495,7495,360,446,808,789,978,1307,1546,862,339,56,4
부산광역시 동래구 안락제2동(2626075000),27549,27549,1836,2796,3156,3067,4339,4767,4510,2190,785,96,7,13423,13423,936,1457,1722,1550,2071,2236,2094,1047,285,25,0,14126,14126,900,1339,1434,1517,2268,2531,2416,1143,500,71,7
부산광역시 동래구 명장제1동(2626076100),14414,14414,990,1040,1613,1762,1934,2436,2674,1403,507,51,4,6987,6987,502,485,862,891,1000,1122,1249,675,188,11,2,7427,7427,488,555,751,871,934,1314,1425,728,319,40,2
부산광역시 동래구 명장제2동(2626076200),14936,14936,818,1030,1804,1830,1915,2610,3025,1394,448,59,3,7289,7289,430,551,996,967,952,1146,1384,693,155,15,0,7647,7647,388,479,808,863,963,1464,1641,701,293,44,3
부산광역시 남구 (2629000000),265194,265194,17540,22790,34872,29400,41398,42386,41059,24859,9691,1132,67,129786,129786,8937,11757,18466,15097,20784,20741,18897,11140,3716,238,13,135408,135408,8603,11033,16406,14303,20614,21645,22162,13719,5975,894,54
부산광역시 남구 대연제1동(2629051000),15878,15878,512,936,3628,1833,2037,2210,2329,1670,649,64,10,7989,7989,242,475,1986,1072,1074,1090,1014,737,282,15,2,7889,7889,270,461,1642,761,963,1120,1315,933,367,49,8
부산광역시 남구 대연제3동(2629053000),32914,32914,2755,3162,6369,4147,5673,4607,3458,1895,731,112,5,16072,16072,1411,1625,3264,2025,2780,2204,1597,863,283,19,1,16842,16842,1344,1537,3105,2122,2893,2403,1861,1032,448,93,4
부산광역시 남구 대연제4동(2629054000),12536,12536,1030,885,1243,1711,1880,1843,2021,1332,539,50,2,6131,6131,530,470,642,877,1006,875,922,584,214,11,0,6405,6405,500,415,601,834,874,968,1099,748,325,39,2
부산광역시 남구 대연제5동(2629055000),16882,16882,1054,1408,2715,1956,2594,2491,2418,1558,625,61,2,8147,8147,558,716,1329,981,1291,1218,1092,684,263,14,1,8735,8735,496,692,1386,975,1303,1273,1326,874,362,47,1
부산광역시 남구 대연제6동(2629056000),15537,15537,1769,1545,1728,2155,2775,2237,1833,1053,388,53,1,7476,7476,857,819,867,1037,1347,1066,821,497,152,13,0,8061,8061,912,726,861,1118,1428,1171,1012,556,236,40,1
부산광역시 남구 용호제1동(2629057000),44711,44711,3380,5091,4901,4086,7688,7923,6438,3584,1421,198,1,21531,21531,1693,2593,2639,1942,3571,3830,3056,1607,544,56,0,23180,23180,1687,2498,2262,2144,4117,4093,3382,1977,877,142,1
부산광역시 남구 용호제2동(2629058000),17029,17029,1386,1768,1632,1815,2834,2657,2790,1526,537,78,6,8376,8376,705,924,908,901,1416,1291,1280,748,190,12,1,8653,8653,681,844,724,914,1418,1366,1510,778,347,66,5
부산광역시 남구 용호제3동(2629059000),12394,12394,489,887,1416,1117,1626,2127,2536,1584,551,58,3,6006,6006,239,453,766,620,836,1025,1136,727,194,10,0,6388,6388,250,434,650,497,790,1102,1400,857,357,48,3
부산광역시 남구 용호제4동(2629060000),8646,8646,519,637,907,1012,1330,1345,1638,894,316,40,8,4180,4180,288,308,472,537,679,635,715,409,119,15,3,4466,4466,231,329,435,475,651,710,923,485,197,25,5
부산광역시 남구 용당동(2629061000),8269,8269,506,775,1042,792,1273,1468,1356,756,260,40,1,4203,4203,267,400,607,423,635,757,673,326,110,5,0,4066,4066,239,375,435,369,638,711,683,430,150,35,1
부산광역시 남구 감만제1동(2629062000),13464,13464,648,948,1506,1336,1939,2269,2586,1569,596,52,15,6865,6865,339,512,866,725,1065,1163,1249,706,226,11,3,6599,6599,309,436,640,611,874,1106,1337,863,370,41,12
부산광역시 남구 감만제2동(2629063000),6884,6884,273,485,654,629,1020,1131,1350,939,369,32,2,3396,3396,142,263,372,344,548,590,579,401,152,5,0,3488,3488,131,222,282,285,472,541,771,538,217,27,2
부산광역시 남구 우암동(2629064500),13042,13042,624,896,1264,1228,1826,2112,2701,1674,627,87,3,6452,6452,350,457,713,652,979,1063,1224,772,231,10,1,6590,6590,274,439,551,576,847,1049,1477,902,396,77,2
부산광역시 남구 문현제1동(2629068000),13858,13858,752,1191,1675,1287,2147,2488,2279,1418,562,59,0,6753,6753,393,606,891,662,1080,1224,1075,612,201,9,0,7105,7105,359,585,784,625,1067,1264,1204,806,361,50,0
부산광역시 남구 문현제2동(2629069000),8634,8634,360,378,1256,1312,1181,1274,1379,959,481,51,3,4278,4278,188,203,575,716,659,675,676,413,163,10,0,4356,4356,172,175,681,596,522,599,703,546,318,41,3
부산광역시 남구 문현제3동(2629070000),15860,15860,1146,1268,1932,2148,2425,2663,2314,1349,564,51,0,7691,7691,569,641,1013,1118,1203,1288,1034,604,209,12,0,8169,8169,577,627,919,1030,1222,1375,1280,745,355,39,0
부산광역시 남구 문현제4동(2629071000),8656,8656,337,530,1004,836,1150,1541,1633,1099,475,46,5,4240,4240,166,292,556,465,615,747,754,450,183,11,1,4416,4416,171,238,448,371,535,794,879,649,292,35,4
부산광역시 북구 (2632000000),282073,282073,18592,22815,36709,33279,40062,52859,46698,21506,8469,1048,36,139491,139491,9606,11879,19731,17289,19902,25125,22978,9895,2875,207,4,142582,142582,8986,10936,16978,15990,20160,27734,23720,11611,5594,841,32
부산광역시 북구 구포제1동(2632051000),14493,14493,702,691,1934,1945,1747,2825,2791,1288,509,59,2,7353,7353,337,332,1025,1090,978,1389,1395,618,174,14,1,7140,7140,365,359,909,855,769,1436,1396,670,335,45,1
부산광역시 북구 구포제2동(2632052000),25892,25892,1402,1749,3582,3224,3415,5107,4597,2021,715,75,5,13286,13286,758,931,1960,1758,1793,2545,2290,980,262,9,0,12606,12606,644,818,1622,1466,1622,2562,2307,1041,453,66,5
부산광역시 북구 구포제3동(2632052100),20154,20154,910,1506,2894,2004,2838,4223,3620,1592,502,62,3,10369,10369,475,819,1645,1123,1474,2093,1808,731,193,8,0,9785,9785,435,687,1249,881,1364,2130,1812,861,309,54,3
부산광역시 북구 금곡동(2632053000),38603,38603,2083,3066,4486,3781,5157,7447,6786,3630,1961,203,3,18717,18717,1077,1576,2420,2016,2510,3527,3436,1515,593,47,0,19886,19886,1006,1490,2066,1765,2647,3920,3350,2115,1368,156,3
부산광역시 북구 화명제1동(2632054100),42133,42133,3986,4453,5737,5363,6584,8142,5390,1792,595,89,2,20715,20715,2073,2292,3066,2562,3058,3761,2813,877,201,12,0,21418,21418,1913,2161,2671,2801,3526,4381,2577,915,394,77,2
부산광역시 북구 화명제2동(2632054200),16279,16279,1133,1276,2369,1907,2104,3307,2484,1165,466,65,3,7950,7950,600,645,1288,988,1001,1507,1235,523,146,15,2,8329,8329,533,631,1081,919,1103,1800,1249,642,320,50,1
부산광역시 북구 화명제3동(2632054300),30050,30050,2546,3846,3899,3137,5411,5392,3300,1719,707,91,2,14718,14718,1300,2019,2085,1484,2474,2670,1611,761,288,26,0,15332,15332,1246,1827,1814,1653,2937,2722,1689,958,419,65,2
부산광역시 북구 덕천제1동(2632055000),11970,11970,425,543,1510,1403,1426,2175,2488,1315,604,75,6,5892,5892,205,302,822,769,740,1074,1161,600,199,20,0,6078,6078,220,241,688,634,686,1101,1327,715,405,55,6
부산광역시 북구 덕천제2동(2632056000),12265,12265,434,602,1864,1528,1492,2237,2434,1155,460,58,1,6104,6104,232,306,977,869,807,1078,1157,521,146,11,0,6161,6161,202,296,887,659,685,1159,1277,634,314,47,1
부산광역시 북구 덕천제3동(2632056100),10930,10930,439,614,1361,1145,1449,1958,2155,1272,483,53,1,5345,5345,233,321,726,629,801,940,994,545,146,10,0,5585,5585,206,293,635,516,648,1018,1161,727,337,43,1
부산광역시 북구 만덕제1동(2632057100),13207,13207,1032,794,1498,2138,1722,2164,2374,1091,348,44,2,6486,6486,520,412,754,1113,909,976,1151,527,122,2,0,6721,6721,512,382,744,1025,813,1188,1223,564,226,42,2
부산광역시 북구 만덕제2동(2632057200),27062,27062,2269,2357,3190,3358,4193,4501,4523,1943,630,95,3,13259,13259,1164,1218,1667,1682,2084,2109,2146,952,217,19,1,13803,13803,1105,1139,1523,1676,2109,2392,2377,991,413,76,2
부산광역시 북구 만덕제3동(2632057300),19035,19035,1231,1318,2385,2346,2524,3381,3756,1523,489,79,3,9297,9297,632,706,1296,1206,1273,1456,1781,745,188,14,0,9738,9738,599,612,1089,1140,1251,1925,1975,778,301,65,3
부산광역시 해운대구 (2635000000),399821,399821,28044,37608,48205,46134,65277,69679,58799,30925,13309,1751,90,192392,192392,14467,19400,25226,22520,31012,33186,27765,13652,4748,389,27,207429,207429,13577,18208,22979,23614,34265,36493,31034,17273,8561,1362,63
부산광역시 해운대구 우제1동(2635051000),22814,22814,1265,1560,2981,2944,3409,3855,3685,2146,828,115,26,10850,10850,631,795,1461,1472,1618,1816,1692,991,341,25,8,11964,11964,634,765,1520,1472,1791,2039,1993,1155,487,90,18
부산광역시 해운대구 우제2동(2635052000),31197,31197,2876,3141,3483,3799,5335,5408,4003,2098,901,148,5,14841,14841,1492,1593,1814,1729,2431,2578,1865,963,344,31,1,16356,16356,1384,1548,1669,2070,2904,2830,2138,1135,557,117,4
부산광역시 해운대구 우제3동(2635052500),28735,28735,2881,3123,2812,3437,5023,4794,3872,1873,800,117,3,13635,13635,1485,1564,1499,1482,2319,2191,1852,878,331,33,1,15100,15100,1396,1559,1313,1955,2704,2603,2020,995,469,84,2
부산광역시 해운대구 중제1동(2635053000),26927,26927,2101,2472,3393,3383,4608,4700,3476,1866,814,95,19,12966,12966,1100,1282,1749,1608,2137,2259,1664,817,324,22,4,13961,13961,1001,1190,1644,1775,2471,2441,1812,1049,490,73,15
부산광역시 해운대구 중제2동(2635054000),15938,15938,1245,1171,1691,2224,2743,2776,2460,1138,408,75,7,7564,7564,604,607,888,1053,1327,1275,1145,496,146,21,2,8374,8374,641,564,803,1171,1416,1501,1315,642,262,54,5
부산광역시 해운대구 좌제1동(2635055100),18216,18216,1237,2006,2808,2082,3225,3154,1887,1089,651,75,2,8510,8510,617,1065,1321,966,1396,1554,896,437,225,32,1,9706,9706,620,941,1487,1116,1829,1600,991,652,426,43,1
부산광역시 해운대구 좌제2동(2635055200),32274,32274,2043,2876,5066,4475,4964,5745,3939,1982,1049,133,2,14871,14871,1059,1465,2379,2134,2186,2553,1871,804,384,35,1,17403,17403,984,1411,2687,2341,2778,3192,2068,1178,665,98,1
부산광역시 해운대구 좌제3동(2635055300),16211,16211,1065,1803,1915,1620,2506,2982,2284,1214,718,104,0,7621,7621,533,940,1036,774,1107,1380,1072,493,256,30,0,8590,8590,532,863,879,846,1399,1602,1212,721,462,74,0
부산광역시 해운대구 좌제4동(2635055400),23351,23351,1765,2957,2949,2419,4027,4280,2733,1360,764,95,2,11110,11110,928,1502,1546,1134,1772,2023,1340,568,274,22,1,12241,12241,837,1455,1403,1285,2255,2257,1393,792,490,73,1
부산광역시 해운대구 송정동(2635056000),9980,9980,506,504,1157,1267,1328,1727,1963,995,469,63,1,4833,4833,285,275,629,681,707,778,892,419,156,11,0,5147,5147,221,229,528,586,621,949,1071,576,313,52,1
부산광역시 해운대구 반여제1동(2635057000),34949,34949,2574,4191,4133,3634,6176,6260,4738,2231,876,134,2,17293,17293,1318,2209,2247,1760,2881,3133,2346,1057,313,27,2,17656,17656,1256,1982,1886,1874,3295,3127,2392,1174,563,107,0
부산광역시 해운대구 반여제2동(2635058000),12927,12927,482,629,1428,1516,1729,2361,2574,1537,618,51,2,6282,6282,238,330,798,845,923,1128,1156,648,203,12,1,6645,6645,244,299,630,671,806,1233,1418,889,415,39,1
부산광역시 해운대구 반여제3동(2635059000),8802,8802,238,507,970,793,1132,1673,1876,1095,472,46,0,4319,4319,132,275,544,461,603,829,842,472,153,8,0,4483,4483,106,232,426,332,529,844,1034,623,319,38,0
부산광역시 해운대구 반여제4동(2635059500),16323,16323,1248,1556,2077,1953,2620,2953,2499,1038,332,45,2,8021,8021,643,798,1104,978,1297,1379,1201,513,99,8,1,8302,8302,605,758,973,975,1323,1574,1298,525,233,37,1
부산광역시 해운대구 반송제1동(2635061000),14181,14181,370,748,1603,1155,1730,2685,2852,2063,868,102,5,7119,7119,187,383,914,680,984,1393,1406,833,320,17,2,7062,7062,183,365,689,475,746,1292,1446,1230,548,85,3
부산광역시 해운대구 반송제2동(2635062000),23782,23782,896,1467,2417,1936,3109,4189,5129,3159,1306,170,4,11576,11576,470,774,1327,1089,1694,2060,2408,1328,398,28,0,12206,12206,426,693,1090,847,1415,2129,2721,1831,908,142,4
부산광역시 해운대구 재송제1동(2635065000),38125,38125,3978,4919,4142,4678,7759,5510,4312,2052,682,89,4,18761,18761,2089,2531,2200,2210,3673,2753,2033,1010,246,15,1,19364,19364,1889,2388,1942,2468,4086,2757,2279,1042,436,74,3
부산광역시 해운대구 재송제2동(2635066000),25089,25089,1274,1978,3180,2819,3854,4627,4517,1989,753,94,4,12220,12220,656,1012,1770,1464,1957,2104,2084,925,235,12,1,12869,12869,618,966,1410,1355,1897,2523,2433,1064,518,82,3
부산광역시 사하구 (2638000000),308684,308684,19305,24962,39310,36081,45393,54011,52041,26327,9884,1329,41,153718,153718,9900,12930,21085,19161,23272,26501,25032,12105,3472,251,9,154966,154966,9405,12032,18225,16920,22121,27510,27009,14222,6412,1078,32
부산광역시 사하구 괴정제1동(2638051000),19842,19842,1064,1561,2318,2221,2695,3400,3498,2054,894,134,3,9561,9561,563,833,1190,1184,1312,1564,1614,963,311,27,0,10281,10281,501,728,1128,1037,1383,1836,1884,1091,583,107,3
부산광역시 사하구 괴정제2동(2638052000),14141,14141,862,1108,1541,1487,2154,2277,2600,1524,520,65,3,6937,6937,444,552,808,785,1120,1133,1183,722,181,9,0,7204,7204,418,556,733,702,1034,1144,1417,802,339,56,3
부산광역시 사하구 괴정제3동(2638053000),12699,12699,518,757,1437,1501,1643,2140,2585,1484,572,62,0,6125,6125,283,389,739,834,873,1016,1149,634,192,16,0,6574,6574,235,368,698,667,770,1124,1436,850,380,46,0
부산광역시 사하구 괴정제4동(2638054000),12356,12356,724,927,1489,1295,1797,2062,2289,1258,455,58,2,5990,5990,391,446,810,667,879,975,1032,601,177,12,0,6366,6366,333,481,679,628,918,1087,1257,657,278,46,2
부산광역시 사하구 당리동(2638055000),26820,26820,1596,2249,3427,3020,3825,4727,4722,2310,833,108,3,13162,13162,819,1172,1823,1577,1906,2149,2246,1135,308,26,1,13658,13658,777,1077,1604,1443,1919,2578,2476,1175,525,82,2
부산광역시 사하구 하단제1동(2638056100),21558,21558,1188,1666,3546,2800,2990,3613,3417,1622,637,77,2,10769,10769,589,848,1880,1545,1508,1747,1645,752,246,7,2,10789,10789,599,818,1666,1255,1482,1866,1772,870,391,70,0
부산광역시 사하구 하단제2동(2638056200),25258,25258,1381,2013,5106,3150,3456,4070,3607,1761,636,75,3,12563,12563,718,975,2794,1719,1754,1914,1649,778,247,14,1,12695,12695,663,1038,2312,1431,1702,2156,1958,983,389,61,2
부산광역시 사하구 신평제1동(2638057100),17324,17324,1119,1133,1902,2128,2559,3143,3102,1596,568,72,2,8920,8920,588,596,1048,1193,1395,1644,1549,700,189,17,1,8404,8404,531,537,854,935,1164,1499,1553,896,379,55,1
부산광역시 사하구 신평제2동(2638057200),15859,15859,1060,1339,2105,2133,2415,2881,2499,1006,365,56,0,7914,7914,544,714,1051,1139,1222,1394,1201,497,138,14,0,7945,7945,516,625,1054,994,1193,1487,1298,509,227,42,0
부산광역시 사하구 장림제1동(2638058000),10939,10939,928,959,1071,1460,1949,1772,1605,889,282,22,2,5667,5667,467,507,590,757,1088,992,778,396,88,3,1,5272,5272,461,452,481,703,861,780,827,493,194,19,1
부산광역시 사하구 장림제2동(2638059000),27801,27801,1899,2452,3478,3658,4431,4857,4424,1947,575,77,3,14136,14136,1005,1288,1845,1979,2305,2418,2168,911,208,8,1,13665,13665,894,1164,1633,1679,2126,2439,2256,1036,367,69,2
부산광역시 사하구 다대제1동(2638060100),39431,39431,2963,3933,4506,4268,6422,7132,5944,2909,1182,169,3,19778,19778,1472,2105,2500,2143,3175,3609,3029,1314,391,40,0,19653,19653,1491,1828,2006,2125,3247,3523,2915,1595,791,129,3
부산광역시 사하구 다대제2동(2638060200),27848,27848,1662,2410,3354,2670,4001,5320,4973,2292,1003,158,5,13701,13701,827,1237,1869,1362,1954,2599,2492,1011,322,27,1,14147,14147,835,1173,1485,1308,2047,2721,2481,1281,681,131,4
부산광역시 사하구 구평동(2638061000),11589,11589,1282,828,1295,2028,1771,1836,1620,683,202,43,1,5923,5923,675,440,676,1050,948,930,788,339,71,6,0,5666,5666,607,388,619,978,823,906,832,344,131,37,1
부산광역시 사하구 감천제1동(2638062000),19065,19065,927,1385,2191,1832,2557,3607,3826,1954,688,94,4,9411,9411,459,705,1144,971,1381,1731,1837,917,249,17,0,9654,9654,468,680,1047,861,1176,1876,1989,1037,439,77,4
부산광역시 사하구 감천제2동(2638063000),6154,6154,132,242,544,430,728,1174,1330,1038,472,59,5,3161,3161,56,123,318,256,452,686,672,435,154,8,1,2993,2993,76,119,226,174,276,488,658,603,318,51,4
부산광역시 금정구 (2641000000),230204,230204,12750,17405,32848,24680,31729,39673,39292,21643,8980,1140,64,112515,112515,6549,8972,17747,12846,15813,18851,18318,9870,3275,266,8,117689,117689,6201,8433,15101,11834,15916,20822,20974,11773,5705,874,56
부산광역시 금정구 서제1동(2641051000),5600,5600,103,259,532,446,732,1085,1298,770,332,31,12,2874,2874,55,145,298,283,439,572,609,349,119,3,2,2726,2726,48,114,234,163,293,513,689,421,213,28,10
부산광역시 금정구 서제2동(2641052000),9495,9495,322,464,1104,945,1140,1874,2175,1058,379,33,1,4730,4730,163,235,605,503,628,932,1017,507,133,7,0,4765,4765,159,229,499,442,512,942,1158,551,246,26,1
부산광역시 금정구 서제3동(2641053000),11386,11386,339,548,1238,1100,1339,2251,2491,1454,566,51,9,5702,5702,184,268,693,622,745,1130,1191,639,222,8,0,5684,5684,155,280,545,478,594,1121,1300,815,344,43,9
부산광역시 금정구 금사회동동(2641055500),8073,8073,265,346,807,796,960,1550,1940,1035,337,33,4,4280,4280,152,183,456,459,587,802,990,519,125,6,1,3793,3793,113,163,351,337,373,748,950,516,212,27,3
부산광역시 금정구 부곡제1동(2641057000),8508,8508,294,442,894,799,1103,1437,1786,1216,483,54,0,4076,4076,156,217,487,430,614,683,799,518,156,16,0,4432,4432,138,225,407,369,489,754,987,698,327,38,0
부산광역시 금정구 부곡제2동(2641058000),16703,16703,865,1407,2485,1761,2373,2923,2734,1425,643,85,2,8028,8028,464,735,1276,898,1127,1368,1275,627,234,24,0,8675,8675,401,672,1209,863,1246,1555,1459,798,409,61,2
부산광역시 금정구 부곡제3동(2641059000),16046,16046,1124,1342,2257,1949,2260,2760,2505,1170,591,85,3,7693,7693,572,681,1172,1008,1069,1285,1141,537,209,18,1,8353,8353,552,661,1085,941,1191,1475,1364,633,382,67,2
부산광역시 금정구 부곡제4동(2641059100),13043,13043,519,792,1550,1416,1747,2253,2652,1536,517,58,3,6258,6258,257,434,820,751,904,1032,1163,696,190,11,0,6785,6785,262,358,730,665,843,1221,1489,840,327,47,3
부산광역시 금정구 장전제1동(2641060000),17953,17953,882,1212,5752,1977,2198,2224,1983,1153,508,63,1,9287,9287,416,608,3355,1090,1140,1078,880,510,195,15,0,8666,8666,466,604,2397,887,1058,1146,1103,643,313,48,1
부산광역시 금정구 장전제2동(2641061000),27121,27121,2647,2466,3398,3679,4725,3725,3402,2043,872,154,10,13059,13059,1391,1359,1746,1747,2330,1715,1519,914,312,25,1,14062,14062,1256,1107,1652,1932,2395,2010,1883,1129,560,129,9
부산광역시 금정구 선두구동(2641063500),2360,2360,70,100,213,205,242,464,547,336,163,19,1,1268,1268,42,58,118,131,134,250,305,162,62,6,0,1092,1092,28,42,95,74,108,214,242,174,101,13,1
부산광역시 금정구 청룡노포동(2641066500),9880,9880,506,683,1062,928,1205,1764,1945,1201,523,61,2,4854,4854,266,362,605,479,580,848,889,582,218,25,0,5026,5026,240,321,457,449,625,916,1056,619,305,36,2
부산광역시 금정구 남산동(2641067000),29309,29309,1184,2027,4480,2978,3608,5471,5210,2980,1224,144,3,14310,14310,609,1026,2432,1635,1783,2568,2447,1319,456,34,1,14999,14999,575,1001,2048,1343,1825,2903,2763,1661,768,110,2
부산광역시 금정구 구서제1동(2641068000),19914,19914,1340,1944,2555,2233,3018,3661,2989,1470,629,73,2,9456,9456,690,940,1324,1101,1403,1687,1402,684,212,13,0,10458,10458,650,1004,1231,1132,1615,1974,1587,786,417,60,2
부산광역시 금정구 구서제2동(2641069000),33750,33750,2218,3259,4444,3388,4913,6069,5412,2688,1164,185,10,16125,16125,1098,1660,2313,1672,2248,2820,2582,1259,420,52,1,17625,17625,1120,1599,2131,1716,2665,3249,2830,1429,744,133,9
부산광역시 금정구 금성동(2641070000),1063,1063,72,114,77,80,166,162,223,108,49,11,1,515,515,34,61,47,37,82,81,109,48,12,3,1,548,548,38,53,30,43,84,81,114,60,37,8,0
부산광역시 강서구 (2644000000),139652,139652,19948,12161,12481,27178,24452,16956,16334,6939,2737,444,22,72239,72239,10285,6197,6760,13871,13646,8720,8271,3489,918,76,6,67413,67413,9663,5964,5721,13307,10806,8236,8063,3450,1819,368,16
부산광역시 강서구 대저1동(2644051000),6601,6601,182,267,634,578,671,1225,1631,972,385,55,1,3645,3645,87,149,377,331,422,706,908,509,147,9,0,2956,2956,95,118,257,247,249,519,723,463,238,46,1
부산광역시 강서구 대저2동(2644052000),7036,7036,480,462,822,868,876,1080,1343,712,335,56,2,3946,3946,258,247,547,508,531,628,731,367,123,5,1,3090,3090,222,215,275,360,345,452,612,345,212,51,1
부산광역시 강서구 강동동(2644053000),4335,4335,81,128,343,346,343,872,1306,602,262,50,2,2308,2308,43,66,219,206,217,464,713,285,83,11,1,2027,2027,38,62,124,140,126,408,593,317,179,39,1
부산광역시 강서구 명지1동(2644053500),51419,51419,9661,4330,4383,13111,9215,4777,3970,1396,493,74,9,25801,25801,4913,2119,2160,6478,5062,2265,1904,719,167,11,3,25618,25618,4748,2211,2223,6633,4153,2512,2066,677,326,63,6
부산광역시 강서구 명지2동(2644054500),30271,30271,5040,4253,2458,4834,6722,3333,2466,839,280,45,1,15109,15109,2625,2177,1274,2174,3458,1683,1188,422,95,12,1,15162,15162,2415,2076,1184,2660,3264,1650,1278,417,185,33,0
부산광역시 강서구 가락동(2644055000),2393,2393,47,69,191,180,201,458,624,400,187,34,2,1270,1270,20,42,116,107,131,256,325,208,58,7,0,1123,1123,27,27,75,73,70,202,299,192,129,27,2
부산광역시 강서구 녹산동(2644056000),33779,33779,4347,2510,3345,6914,5977,4452,4022,1548,575,88,1,18164,18164,2282,1329,1885,3847,3559,2333,2005,736,174,14,0,15615,15615,2065,1181,1460,3067,2418,2119,2017,812,401,74,1
부산광역시 강서구 가덕도동(2644058000),3818,3818,110,142,305,347,447,759,972,470,220,42,4,1996,1996,57,68,182,220,266,385,497,243,71,7,0,1822,1822,53,74,123,127,181,374,475,227,149,35,4
부산광역시 연제구 (2647000000),206979,206979,14271,16329,25596,26474,31567,33695,32840,18206,7142,818,41,99693,99693,7228,8397,12979,13275,15457,15959,15101,8322,2777,187,11,107286,107286,7043,7932,12617,13199,16110,17736,17739,9884,4365,631,30
부산광역시 연제구 거제제1동(2647061000),29531,29531,2521,3561,3215,3028,5522,4757,3662,2262,898,100,5,14260,14260,1315,1859,1693,1421,2557,2337,1675,985,390,27,1,15271,15271,1206,1702,1522,1607,2965,2420,1987,1277,508,73,4
부산광역시 연제구 거제제2동(2647062000),12457,12457,1072,1565,1317,1250,2336,1967,1653,904,361,30,2,5956,5956,502,760,686,601,1098,965,786,415,136,6,1,6501,6501,570,805,631,649,1238,1002,867,489,225,24,1
부산광역시 연제구 거제제3동(2647063000),10061,10061,468,686,1130,1069,1325,1634,1828,1240,607,74,0,4761,4761,252,364,545,540,669,774,815,547,230,25,0,5300,5300,216,322,585,529,656,860,1013,693,377,49,0
부산광역시 연제구 거제제4동(2647064000),10644,10644,714,972,1234,1126,1631,1844,1782,908,378,54,1,5248,5248,365,528,681,608,769,877,845,425,141,8,1,5396,5396,349,444,553,518,862,967,937,483,237,46,0
부산광역시 연제구 연산제1동(2647065000),16265,16265,1205,1233,1803,2109,2485,2600,2802,1456,523,46,3,7962,7962,626,664,968,1079,1226,1195,1293,680,215,15,1,8303,8303,579,569,835,1030,1259,1405,1509,776,308,31,2
부산광역시 연제구 연산제2동(2647066000),20929,20929,1966,1319,2513,3586,3072,3118,2892,1689,676,90,8,10040,10040,988,644,1268,1754,1522,1471,1313,799,257,21,3,10889,10889,978,675,1245,1832,1550,1647,1579,890,419,69,5
부산광역시 연제구 연산제3동(2647067000),7332,7332,217,378,801,725,918,1293,1574,1018,371,36,1,3506,3506,114,189,417,397,457,609,723,451,140,9,0,3826,3826,103,189,384,328,461,684,851,567,231,27,1
부산광역시 연제구 연산제4동(2647068000),16479,16479,695,903,2335,1969,2220,2746,3172,1727,634,77,1,7905,7905,326,461,1105,1017,1132,1336,1442,809,254,22,1,8574,8574,369,442,1230,952,1088,1410,1730,918,380,55,0
부산광역시 연제구 연산제5동(2647069000),16424,16424,744,676,3401,3084,2314,2342,2166,1217,450,28,2,7825,7825,374,357,1417,1558,1201,1135,1022,562,195,4,0,8599,8599,370,319,1984,1526,1113,1207,1144,655,255,24,2
부산광역시 연제구 연산제6동(2647070000),16783,16783,1029,1007,1812,2279,2247,2616,3050,1871,786,84,2,8111,8111,523,522,983,1176,1188,1258,1332,820,290,19,0,8672,8672,506,485,829,1103,1059,1358,1718,1051,496,65,2
부산광역시 연제구 연산제8동(2647072000),14334,14334,1218,1122,1564,1844,2220,2437,2311,1182,384,44,8,7003,7003,631,571,838,899,1125,1173,1074,551,134,5,2,7331,7331,587,551,726,945,1095,1264,1237,631,250,39,6
부산광역시 연제구 연산제9동(2647073000),35740,35740,2422,2907,4471,4405,5277,6341,5948,2732,1074,155,8,17116,17116,1212,1478,2378,2225,2513,2829,2781,1278,395,26,1,18624,18624,1210,1429,2093,2180,2764,3512,3167,1454,679,129,7
부산광역시 수영구 (2650000000),176276,176276,10242,11656,24180,23820,25258,27345,28842,17085,6931,882,35,83320,83320,5274,5997,11738,11893,12439,12636,12806,7655,2653,221,8,92956,92956,4968,5659,12442,11927,12819,14709,16036,9430,4278,661,27
부산광역시 수영구 남천제1동(2650066000),14000,14000,715,1187,1837,1657,2015,2444,2133,1278,634,98,2,6439,6439,344,602,896,803,939,1126,934,526,235,33,1,7561,7561,371,585,941,854,1076,1318,1199,752,399,65,1
부산광역시 수영구 남천제2동(2650067000),12293,12293,885,1166,1351,1249,1944,2182,1938,1087,410,73,8,5711,5711,449,585,697,586,863,960,887,510,160,12,2,6582,6582,436,581,654,663,1081,1222,1051,577,250,61,6
부산광역시 수영구 수영동(2650073000),14835,14835,581,658,1812,1749,1890,2290,2969,1966,821,95,4,7119,7119,317,339,904,928,1009,1085,1301,888,326,22,0,7716,7716,264,319,908,821,881,1205,1668,1078,495,73,4
부산광역시 수영구 망미제1동(2650074000),27643,27643,1676,1930,3037,3340,3771,4281,5187,2966,1275,178,2,13224,13224,870,1005,1575,1678,1901,1965,2304,1381,492,53,0,14419,14419,806,925,1462,1662,1870,2316,2883,1585,783,125,2
부산광역시 수영구 망미제2동(2650075000),11301,11301,673,810,1206,1394,1659,1869,2003,1216,416,54,1,5556,5556,344,432,666,748,854,907,898,528,173,6,0,5745,5745,329,378,540,646,805,962,1105,688,243,48,1
부산광역시 수영구 광안제1동(2650076000),25936,25936,1227,1568,5070,4144,3561,3545,3668,2185,854,108,6,12114,12114,637,863,2216,2080,1743,1608,1603,1012,319,31,2,13822,13822,590,705,2854,2064,1818,1937,2065,1173,535,77,4
부산광역시 수영구 광안제2동(2650077000),18644,18644,1079,1257,2879,2719,2834,2713,2639,1742,699,75,8,8665,8665,548,628,1329,1321,1391,1259,1155,729,279,23,3,9979,9979,531,629,1550,1398,1443,1454,1484,1013,420,52,5
부산광역시 수영구 광안제3동(2650078000),9516,9516,285,403,1867,1411,1187,1320,1617,1006,385,34,1,4545,4545,152,206,840,741,615,652,753,435,144,7,0,4971,4971,133,197,1027,670,572,668,864,571,241,27,1
부산광역시 수영구 광안제4동(2650079000),13572,13572,884,897,1779,2018,2062,2091,2023,1209,557,50,2,6165,6165,476,434,842,943,926,942,857,529,205,11,0,7407,7407,408,463,937,1075,1136,1149,1166,680,352,39,2
부산광역시 수영구 민락동(2650080000),28536,28536,2237,1780,3342,4139,4335,4610,4665,2430,880,117,1,13782,13782,1137,903,1773,2065,2198,2132,2114,1117,320,23,0,14754,14754,1100,877,1569,2074,2137,2478,2551,1313,560,94,1
부산광역시 사상구 (2653000000),210943,210943,11957,14829,28585,24811,29017,40237,37496,17263,6052,652,44,106530,106530,6085,7733,15287,13367,15304,20032,18582,8001,2030,105,4,104413,104413,5872,7096,13298,11444,13713,20205,18914,9262,4022,547,40
부산광역시 사상구 삼락동(2653058000),5884,5884,237,291,645,575,690,1265,1257,669,229,22,4,3156,3156,132,157,374,316,399,719,670,304,82,3,0,2728,2728,105,134,271,259,291,546,587,365,147,19,4
부산광역시 사상구 모라제1동(2653059100),28074,28074,1552,1993,3528,3239,3737,5450,5310,2361,799,88,17,14076,14076,772,1036,1937,1760,1932,2635,2575,1129,282,18,0,13998,13998,780,957,1591,1479,1805,2815,2735,1232,517,70,17
부산광역시 사상구 모라제3동(2653059300),10890,10890,272,442,854,773,1281,2151,2562,1712,767,73,3,5204,5204,138,231,500,427,773,1126,1166,630,201,12,0,5686,5686,134,211,354,346,508,1025,1396,1082,566,61,3
부산광역시 사상구 덕포제1동(2653060000),8798,8798,498,640,1042,985,1205,1755,1558,807,283,24,1,4507,4507,259,338,606,537,638,921,752,356,96,4,0,4291,4291,239,302,436,448,567,834,806,451,187,20,1
부산광역시 사상구 덕포제2동(2653061000),13020,13020,690,916,1694,1451,1707,2586,2537,1062,331,44,2,6564,6564,350,477,911,755,911,1235,1272,531,116,5,1,6456,6456,340,439,783,696,796,1351,1265,531,215,39,1
부산광역시 사상구 괘법동(2653062000),22279,22279,1051,1057,4215,3286,2698,4181,3722,1566,451,48,4,11569,11569,533,563,2056,1830,1504,2201,1934,771,173,3,1,10710,10710,518,494,2159,1456,1194,1980,1788,795,278,45,3
부산광역시 사상구 감전동(2653064500),13615,13615,508,676,1648,1587,1748,2804,2780,1364,442,55,3,7212,7212,259,363,890,927,1019,1510,1427,637,172,7,1,6403,6403,249,313,758,660,729,1294,1353,727,270,48,2
부산광역시 사상구 주례제1동(2653065000),15439,15439,958,1086,2112,1801,2004,3084,2801,1155,390,47,1,7907,7907,500,571,1153,976,1023,1508,1446,578,147,5,0,7532,7532,458,515,959,825,981,1576,1355,577,243,42,1
부산광역시 사상구 주례제2동(2653066000),23350,23350,1415,1849,4068,3009,3420,3869,3390,1646,615,65,4,11676,11676,692,952,2078,1618,1794,1847,1691,782,210,11,1,11674,11674,723,897,1990,1391,1626,2022,1699,864,405,54,3
부산광역시 사상구 주례제3동(2653066100),13251,13251,722,1062,1764,1492,1781,2435,2389,1101,460,45,0,6489,6489,371,543,921,805,917,1112,1143,507,160,10,0,6762,6762,351,519,843,687,864,1323,1246,594,300,35,0
부산광역시 사상구 학장동(2653067000),28714,28714,1840,2231,3418,3345,4301,5321,5171,2238,769,77,3,14368,14368,948,1186,1887,1755,2210,2590,2525,1011,235,21,0,14346,14346,892,1045,1531,1590,2091,2731,2646,1227,534,56,3
부산광역시 사상구 엄궁동(2653068000),27629,27629,2214,2586,3597,3268,4445,5336,4019,1582,516,64,2,13802,13802,1131,1316,1974,1661,2184,2628,1981,765,156,6,0,13827,13827,1083,1270,1623,1607,2261,2708,2038,817,360,58,2
부산광역시 기장군 (2671000000),176287,176287,18952,17716,17143,24801,32693,24414,21961,12529,5317,732,29,87304,87304,9658,9214,9073,12334,16730,12399,10231,5706,1819,138,2,88983,88983,9294,8502,8070,12467,15963,12015,11730,6823,3498,594,27
부산광역시 기장군 기장읍(2671025000),52681,52681,3086,4351,6273,5538,8139,9317,8372,4997,2298,299,11,25719,25719,1632,2263,3334,2910,4071,4620,3927,2114,795,52,1,26962,26962,1454,2088,2939,2628,4068,4697,4445,2883,1503,247,10
부산광역시 기장군 장안읍(2671025300),8579,8579,403,418,1025,1026,952,1527,1669,952,512,90,5,4604,4604,211,242,606,601,561,867,860,481,156,18,1,3975,3975,192,176,419,425,391,660,809,471,356,72,4
부산광역시 기장군 정관읍(2671025600),81719,81719,11863,10717,6627,12954,18605,8500,6968,3921,1375,185,4,40360,40360,6034,5572,3324,6159,9490,4396,3031,1821,501,32,0,41359,41359,5829,5145,3303,6795,9115,4104,3937,2100,874,153,4
부산광역시 기장군 일광면(2671031000),25318,25318,3241,1790,2516,4621,3995,3687,3156,1561,645,100,6,12589,12589,1611,907,1384,2317,2053,1807,1552,736,201,21,0,12729,12729,1630,883,1132,2304,1942,1880,1604,825,444,79,6
부산광역시 기장군 철마면(2671033000),7990,7990,359,440,702,662,1002,1383,1796,1098,487,58,3,4032,4032,170,230,425,347,555,709,861,554,166,15,0,3958,3958,189,210,277,315,447,674,935,544,321,43,3
대구광역시  (2700000000),2406296,2406296,174060,222409,317686,290180,379728,422181,333756,175962,79992,9815,527,1186663,1186663,89201,116065,169519,151345,187387,206898,158693,77098,28225,2112,120,1219633,1219633,84859,106344,148167,138835,192341,215283,175063,98864,51767,7703,407
대구광역시 중구 (2711000000),75366,75366,4927,4985,11638,10606,10544,11167,10262,7248,3432,485,72,36199,36199,2540,2552,5572,5491,5337,5532,4740,3043,1266,111,15,39167,39167,2387,2433,6066,5115,5207,5635,5522,4205,2166,374,57
대구광역시 중구 동인동(2711051700),8353,8353,302,480,1425,1144,1082,1280,1237,900,427,69,7,4131,4131,139,243,689,623,592,687,606,376,159,16,1,4222,4222,163,237,736,521,490,593,631,524,268,53,6
대구광역시 중구 삼덕동(2711054500),6682,6682,418,371,1861,1257,877,701,626,353,188,28,2,3176,3176,212,181,824,667,465,335,262,148,73,8,1,3506,3506,206,190,1037,590,412,366,364,205,115,20,1
대구광역시 중구 성내1동(2711056500),5010,5010,161,224,1474,753,544,604,593,421,192,42,2,2401,2401,82,112,626,426,278,327,303,165,71,10,1,2609,2609,79,112,848,327,266,277,290,256,121,32,1
대구광역시 중구 성내2동(2711057500),4465,4465,126,183,778,536,480,735,775,555,239,44,14,2279,2279,63,92,379,342,254,402,391,250,93,10,3,2186,2186,63,91,399,194,226,333,384,305,146,34,11
대구광역시 중구 성내3동(2711058500),5030,5030,587,214,567,1013,696,695,666,408,162,21,1,2519,2519,284,112,293,510,376,349,341,194,57,3,0,2511,2511,303,102,274,503,320,346,325,214,105,18,1
대구광역시 중구 대신동(2711059500),8044,8044,858,550,813,1326,1184,1210,1097,661,292,40,13,3921,3921,431,309,424,644,618,573,527,270,115,8,2,4123,4123,427,241,389,682,566,637,570,391,177,32,11
대구광역시 중구 남산1동(2711064000),5052,5052,259,296,883,628,660,791,719,544,252,19,1,2409,2409,139,143,417,319,340,401,330,234,81,4,1,2643,2643,120,153,466,309,320,390,389,310,171,15,0
대구광역시 중구 남산2동(2711065000),4298,4298,258,268,627,650,596,656,533,440,219,36,15,2043,2043,125,134,299,321,291,341,245,194,85,5,3,2255,2255,133,134,328,329,305,315,288,246,134,31,12
대구광역시 중구 남산3동(2711066000),6995,6995,553,543,710,904,1127,1079,987,723,331,34,4,3207,3207,311,267,334,447,540,508,406,277,109,8,0,3788,3788,242,276,376,457,587,571,581,446,222,26,4
대구광역시 중구 남산4동(2711067000),11759,11759,843,1076,1284,1335,1851,1824,1711,1173,577,76,9,5522,5522,461,571,663,661,892,838,726,496,197,15,2,6237,6237,382,505,621,674,959,986,985,677,380,61,7
대구광역시 중구 대봉1동(2711068000),7531,7531,498,643,985,867,1128,1235,957,735,421,58,4,3532,3532,260,307,494,423,537,587,436,291,176,20,1,3999,3999,238,336,491,444,591,648,521,444,245,38,3
대구광역시 중구 대봉2동(2711069000),2147,2147,64,137,231,193,319,357,361,335,132,18,0,1059,1059,33,81,130,108,154,184,167,148,50,4,0,1088,1088,31,56,101,85,165,173,194,187,82,14,0
대구광역시 동구 (2714000000),342468,342468,24699,26403,41527,43586,51249,56856,52693,30324,13501,1548,82,168584,168584,12615,13833,22191,23069,26279,27692,24447,13246,4849,336,27,173884,173884,12084,12570,19336,20517,24970,29164,28246,17078,8652,1212,55
대구광역시 동구 신암1동(2714051000),7551,7551,275,404,880,661,934,1319,1436,1035,539,62,6,3732,3732,144,226,485,395,506,686,663,424,193,10,0,3819,3819,131,178,395,266,428,633,773,611,346,52,6
대구광역시 동구 신암2동(2714052000),10606,10606,970,847,1014,1379,1834,1550,1441,1021,485,57,8,5022,5022,514,443,528,684,936,726,617,399,158,13,4,5584,5584,456,404,486,695,898,824,824,622,327,44,4
대구광역시 동구 신암3동(2714053000),9938,9938,926,642,1083,1582,1388,1508,1490,872,398,47,2,4928,4928,494,345,553,840,707,743,684,395,160,7,0,5010,5010,432,297,530,742,681,765,806,477,238,40,2
대구광역시 동구 신암4동(2714054000),12113,12113,378,649,1749,1397,1597,2346,2193,1248,494,61,1,6140,6140,199,353,916,783,893,1210,1039,544,183,19,1,5973,5973,179,296,833,614,704,1136,1154,704,311,42,0
대구광역시 동구 신암5동(2714054100),6507,6507,215,390,773,561,828,1212,1294,818,378,34,4,3094,3094,107,216,440,305,422,558,564,338,135,7,2,3413,3413,108,174,333,256,406,654,730,480,243,27,2
대구광역시 동구 신천1.2동(2714055500),13094,13094,742,879,1520,1494,1884,2185,2150,1458,699,78,5,6238,6238,389,481,805,776,968,1026,925,587,261,19,1,6856,6856,353,398,715,718,916,1159,1225,871,438,59,4
대구광역시 동구 신천3동(2714057000),12299,12299,884,1020,1572,1493,1925,2156,1721,962,505,53,8,6065,6065,465,579,841,754,922,1079,815,407,186,13,4,6234,6234,419,441,731,739,1003,1077,906,555,319,40,4
대구광역시 동구 신천4동(2714058000),7435,7435,157,346,1292,1064,961,1258,1253,728,342,30,4,3730,3730,77,199,608,621,556,640,566,330,126,6,1,3705,3705,80,147,684,443,405,618,687,398,216,24,3
대구광역시 동구 효목1동(2714059000),14113,14113,522,816,1837,1373,1697,2567,2710,1727,772,81,11,7005,7005,294,441,1011,787,889,1264,1242,742,310,21,4,7108,7108,228,375,826,586,808,1303,1468,985,462,60,7
대구광역시 동구 효목2동(2714060000),13834,13834,673,975,1731,1516,1954,2315,2501,1441,639,86,3,6641,6641,321,506,913,826,981,1110,1113,614,231,26,0,7193,7193,352,469,818,690,973,1205,1388,827,408,60,3
대구광역시 동구 도평동(2714061500),4125,4125,184,235,605,453,462,729,739,469,222,27,0,2201,2201,84,134,404,268,262,379,377,202,86,5,0,1924,1924,100,101,201,185,200,350,362,267,136,22,0
대구광역시 동구 불로.봉무동(2714062000),21630,21630,2209,2297,2251,2768,4000,3284,2763,1406,571,77,4,10624,10624,1099,1164,1227,1357,1996,1609,1317,631,209,15,0,11006,11006,1110,1133,1024,1411,2004,1675,1446,775,362,62,4
대구광역시 동구 지저동(2714064000),14734,14734,651,887,1953,1498,1770,2884,2897,1510,621,62,1,7322,7322,326,464,1084,856,956,1390,1348,672,212,14,0,7412,7412,325,423,869,642,814,1494,1549,838,409,48,1
대구광역시 동구 동촌동(2714065500),15845,15845,819,939,2145,1889,2016,2929,2784,1574,677,72,1,7973,7973,426,487,1170,1067,1080,1413,1361,701,253,15,0,7872,7872,393,452,975,822,936,1516,1423,873,424,57,1
대구광역시 동구 방촌동(2714067000),18134,18134,835,1252,2325,1686,2248,3499,3376,1909,918,82,4,8740,8740,416,665,1270,901,1147,1617,1530,845,331,18,0,9394,9394,419,587,1055,785,1101,1882,1846,1064,587,64,4
대구광역시 동구 해안동(2714068500),15306,15306,737,925,1887,1590,1940,2819,2844,1744,735,83,2,7673,7673,374,494,1040,899,1056,1441,1337,770,247,14,1,7633,7633,363,431,847,691,884,1378,1507,974,488,69,1
대구광역시 동구 안심1동(2714072000),43192,43192,3682,3691,5179,5663,6734,6965,6384,3228,1473,188,5,21171,21171,1919,1953,2753,2888,3440,3384,2946,1398,457,32,1,22021,22021,1763,1738,2426,2775,3294,3581,3438,1830,1016,156,4
대구광역시 동구 안심2동(2714073000),11231,11231,631,648,1391,1351,1424,2176,2006,1110,439,53,2,5679,5679,312,351,786,748,763,1057,957,492,197,14,2,5552,5552,319,297,605,603,661,1119,1049,618,242,39,0
대구광역시 동구 안심3동(2714074200),21284,21284,2402,2669,2175,3018,4251,2883,1986,1306,536,57,1,10309,10309,1205,1317,1105,1474,2040,1467,897,585,205,14,0,10975,10975,1197,1352,1070,1544,2211,1416,1089,721,331,43,1
대구광역시 동구 안심4동(2714074700),29357,29357,2480,2937,3862,4064,4921,4662,3692,1905,754,78,2,14538,14538,1275,1513,2050,2133,2441,2258,1725,855,264,22,2,14819,14819,1205,1424,1812,1931,2480,2404,1967,1050,490,56,0
대구광역시 동구 혁신동(2714075500),18784,18784,3021,1499,1946,4527,3517,1771,1535,693,238,35,2,9267,9267,1544,752,892,2316,1870,798,718,300,71,6,0,9517,9517,1477,747,1054,2211,1647,973,817,393,167,29,2
대구광역시 동구 공산동(2714076000),21356,21356,1306,1456,2357,2559,2964,3839,3498,2160,1066,145,6,10492,10492,631,750,1310,1391,1448,1837,1706,1015,374,26,4,10864,10864,675,706,1047,1168,1516,2002,1792,1145,692,119,2
대구광역시 서구 (2717000000),169022,169022,7246,10608,21178,17217,22413,33522,31657,17256,7111,755,59,84624,84624,3743,5488,11638,9777,12051,16920,14816,7556,2490,130,15,84398,84398,3503,5120,9540,7440,10362,16602,16841,9700,4621,625,44
대구광역시 서구 내당1동(2717051000),8597,8597,317,480,1325,956,1063,1651,1544,856,364,34,7,4247,4247,178,258,698,537,561,783,700,394,128,9,1,4350,4350,139,222,627,419,502,868,844,462,236,25,6
대구광역시 서구 내당2.3동(2717052500),10039,10039,312,514,1261,937,1269,1957,1971,1230,540,43,5,4880,4880,160,271,659,557,713,971,876,490,173,8,2,5159,5159,152,243,602,380,556,986,1095,740,367,35,3
대구광역시 서구 내당4동(2717054000),16842,16842,699,1192,2411,1967,2222,3020,3020,1582,647,82,0,8145,8145,351,618,1285,1112,1099,1359,1362,705,234,20,0,8697,8697,348,574,1126,855,1123,1661,1658,877,413,62,0
대구광역시 서구 비산1동(2717055000),9782,9782,293,626,1136,863,1313,2082,1860,1113,443,49,4,4999,4999,147,331,663,506,740,1084,900,462,158,6,2,4783,4783,146,295,473,357,573,998,960,651,285,43,2
대구광역시 서구 비산2.3동(2717056500),9571,9571,281,469,1025,790,1112,1874,1960,1371,624,61,4,4758,4758,155,251,571,458,644,988,924,550,206,11,0,4813,4813,126,218,454,332,468,886,1036,821,418,50,4
대구광역시 서구 비산4동(2717058000),9959,9959,364,597,1267,938,1276,2026,1947,1049,444,41,10,4894,4894,184,307,682,551,693,986,871,457,156,4,3,5065,5065,180,290,585,387,583,1040,1076,592,288,37,7
대구광역시 서구 비산5동(2717059000),6298,6298,189,332,641,603,748,1270,1294,843,350,28,0,3203,3203,100,168,352,366,412,706,602,360,130,7,0,3095,3095,89,164,289,237,336,564,692,483,220,21,0
대구광역시 서구 비산6동(2717060000),7797,7797,225,494,976,694,999,1623,1545,841,359,34,7,3844,3844,121,259,545,398,508,825,693,355,132,6,2,3953,3953,104,235,431,296,491,798,852,486,227,28,5
대구광역시 서구 비산7동(2717061000),10850,10850,386,557,1265,1056,1377,2357,2153,1203,452,41,3,5747,5747,201,280,741,599,823,1330,1068,543,158,4,0,5103,5103,185,277,524,457,554,1027,1085,660,294,37,3
대구광역시 서구 평리1동(2717062000),7919,7919,297,462,1027,739,1016,1616,1506,830,387,33,6,4000,4000,146,245,591,437,567,844,695,339,130,4,2,3919,3919,151,217,436,302,449,772,811,491,257,29,4
대구광역시 서구 평리2동(2717063000),8090,8090,580,600,884,939,1218,1451,1413,704,275,25,1,3960,3960,300,284,473,499,623,707,656,311,102,4,1,4130,4130,280,316,411,440,595,744,757,393,173,21,0
대구광역시 서구 평리3동(2717064000),10028,10028,350,581,1262,977,1298,2141,1943,1019,412,44,1,5059,5059,187,321,674,562,720,1073,929,447,140,6,0,4969,4969,163,260,588,415,578,1068,1014,572,272,38,1
대구광역시 서구 평리4동(2717065000),18198,18198,1247,1246,2261,2233,2638,3479,3023,1448,537,82,4,9027,9027,626,635,1228,1197,1350,1720,1414,666,178,13,0,9171,9171,621,611,1033,1036,1288,1759,1609,782,359,69,4
대구광역시 서구 평리5동(2717066000),1799,1799,73,98,228,181,237,365,352,189,67,4,5,943,943,40,57,133,99,135,188,169,90,30,1,1,856,856,33,41,95,82,102,177,183,99,37,3,4
대구광역시 서구 평리6동(2717066100),5151,5151,138,309,617,482,634,1119,1110,506,209,27,0,2733,2733,71,154,358,304,375,592,571,231,70,7,0,2418,2418,67,155,259,178,259,527,539,275,139,20,0
대구광역시 서구 상중이동(2717067500),20299,20299,1237,1653,2632,2144,2954,3913,3537,1548,595,84,2,10232,10232,664,859,1444,1186,1496,1934,1682,741,212,13,1,10067,10067,573,794,1188,958,1458,1979,1855,807,383,71,1
대구광역시 서구 원대동(2717069500),7803,7803,258,398,960,718,1039,1578,1479,924,406,43,0,3953,3953,112,190,541,409,592,830,704,415,153,7,0,3850,3850,146,208,419,309,447,748,775,509,253,36,0
대구광역시 남구 (2720000000),146188,146188,6690,9296,20407,17037,20091,24741,24344,15063,7467,983,69,70219,70219,3447,4895,10183,8993,10148,12093,11120,6406,2700,220,14,75969,75969,3243,4401,10224,8044,9943,12648,13224,8657,4767,763,55
대구광역시 남구 이천동(2720051500),12321,12321,757,1043,1238,1251,1955,2008,1774,1377,779,132,7,5802,5802,418,571,623,623,958,983,771,546,280,29,0,6519,6519,339,472,615,628,997,1025,1003,831,499,103,7
대구광역시 남구 봉덕1동(2720053000),9239,9239,343,523,1120,1127,1337,1636,1552,954,576,67,4,4453,4453,172,288,540,611,686,816,728,388,211,11,2,4786,4786,171,235,580,516,651,820,824,566,365,56,2
대구광역시 남구 봉덕2동(2720054000),12637,12637,924,1023,1271,1492,1813,2075,2042,1219,674,99,5,6053,6053,471,503,673,765,883,965,956,548,259,28,2,6584,6584,453,520,598,727,930,1110,1086,671,415,71,3
대구광역시 남구 봉덕3동(2720055000),17036,17036,821,1317,2081,1842,2471,2911,2863,1684,924,114,8,8093,8093,431,680,1048,940,1175,1461,1262,714,351,30,1,8943,8943,390,637,1033,902,1296,1450,1601,970,573,84,7
대구광역시 남구 대명1동(2720056000),11496,11496,485,737,1803,1365,1555,2008,1901,1099,468,73,2,5601,5601,257,400,907,715,807,950,883,486,179,17,0,5895,5895,228,337,896,650,748,1058,1018,613,289,56,2
대구광역시 남구 대명2동(2720057100),10559,10559,370,610,1998,1294,1345,1644,1590,1103,539,61,5,4985,4985,182,296,929,702,689,812,727,456,177,14,1,5574,5574,188,314,1069,592,656,832,863,647,362,47,4
대구광역시 남구 대명3동(2720058600),11041,11041,362,598,1546,1146,1479,1966,2003,1300,561,70,10,5458,5458,202,317,782,649,815,1029,917,538,194,13,2,5583,5583,160,281,764,497,664,937,1086,762,367,57,8
대구광역시 남구 대명4동(2720059000),11207,11207,462,626,1640,1219,1357,2018,2098,1204,515,62,6,5462,5462,220,338,875,671,699,993,968,520,164,11,3,5745,5745,242,288,765,548,658,1025,1130,684,351,51,3
대구광역시 남구 대명5동(2720060000),7202,7202,247,396,1418,837,858,1149,1141,739,373,41,3,3421,3421,143,215,616,435,454,571,529,315,132,11,0,3781,3781,104,181,802,402,404,578,612,424,241,30,3
대구광역시 남구 대명6동(2720061000),9621,9621,529,630,1454,1252,1384,1571,1464,859,417,57,4,4611,4611,250,333,706,638,675,791,689,375,146,8,0,5010,5010,279,297,748,614,709,780,775,484,271,49,4
대구광역시 남구 대명9동(2720064000),15953,15953,761,878,2443,2143,2314,2657,2466,1524,655,103,9,7769,7769,392,466,1240,1112,1190,1271,1155,659,259,24,1,8184,8184,369,412,1203,1031,1124,1386,1311,865,396,79,8
대구광역시 남구 대명10동(2720065000),9263,9263,322,471,1334,1128,1186,1580,1694,988,505,52,3,4395,4395,160,254,670,596,595,733,758,439,177,12,1,4868,4868,162,217,664,532,591,847,936,549,328,40,2
대구광역시 남구 대명11동(2720066000),8613,8613,307,444,1061,941,1037,1518,1756,1013,481,52,3,4116,4116,149,234,574,536,522,718,777,422,171,12,1,4497,4497,158,210,487,405,515,800,979,591,310,40,2
대구광역시 북구 (2723000000),438248,438248,33119,42601,61826,53180,71588,77882,55431,28460,12597,1474,90,218144,218144,16979,22122,33420,27930,35125,38645,26901,12294,4407,305,16,220104,220104,16140,20479,28406,25250,36463,39237,28530,16166,8190,1169,74
대구광역시 북구 고성동(2723051000),4951,4951,358,349,554,690,694,790,780,506,194,32,4,2386,2386,169,167,286,362,374,411,333,217,57,9,1,2565,2565,189,182,268,328,320,379,447,289,137,23,3
대구광역시 북구 칠성동(2723052600),23421,23421,2318,2029,2887,3626,4067,3262,2673,1605,817,124,13,11290,11290,1137,1021,1403,1815,2009,1596,1278,690,309,30,2,12131,12131,1181,1008,1484,1811,2058,1666,1395,915,508,94,11
대구광역시 북구 침산1동(2723055000),4224,4224,169,206,488,464,482,878,910,424,174,28,1,2256,2256,88,121,286,277,272,462,483,206,52,8,1,1968,1968,81,85,202,187,210,416,427,218,122,20,0
대구광역시 북구 침산2동(2723056000),19268,19268,2158,2292,2117,2728,3696,2807,1928,1020,467,50,5,9322,9322,1090,1171,1089,1285,1771,1383,887,441,187,18,0,9946,9946,1068,1121,1028,1443,1925,1424,1041,579,280,32,5
대구광역시 북구 침산3동(2723057000),20204,20204,1718,2245,2349,2303,3468,3463,2436,1483,665,68,6,9779,9779,897,1146,1263,1117,1629,1686,1153,637,237,14,0,10425,10425,821,1099,1086,1186,1839,1777,1283,846,428,54,6
대구광역시 북구 산격1동(2723061000),9430,9430,248,436,987,740,1116,1869,2035,1344,605,48,2,4678,4678,132,232,575,436,626,965,981,508,215,8,0,4752,4752,116,204,412,304,490,904,1054,836,390,40,2
대구광역시 북구 산격2동(2723062000),11002,11002,585,887,1627,1140,1457,2239,1743,900,377,46,1,5403,5403,290,459,908,625,709,1049,834,395,121,13,0,5599,5599,295,428,719,515,748,1190,909,505,256,33,1
대구광역시 북구 산격3동(2723063000),9078,9078,270,444,2571,1136,1027,1251,1249,749,340,38,3,4700,4700,142,230,1393,691,594,627,579,313,120,11,0,4378,4378,128,214,1178,445,433,624,670,436,220,27,3
대구광역시 북구 산격4동(2723063100),8579,8579,295,473,1264,1040,1021,1540,1598,930,377,41,0,4490,4490,159,266,723,651,582,784,736,430,154,5,0,4089,4089,136,207,541,389,439,756,862,500,223,36,0
대구광역시 북구 대현동(2723064500),18317,18317,1149,1159,2878,2115,2625,2907,2759,1740,858,110,17,9256,9256,565,595,1742,1181,1379,1447,1282,732,304,23,6,9061,9061,584,564,1136,934,1246,1460,1477,1008,554,87,11
대구광역시 북구 복현1동(2723067100),7684,7684,174,356,2391,1026,825,1190,1013,482,204,22,1,4187,4187,94,182,1419,639,468,596,494,212,77,5,1,3497,3497,80,174,972,387,357,594,519,270,127,17,0
대구광역시 북구 복현2동(2723067200),29586,29586,2319,3096,4291,3752,4759,5153,3808,1593,704,105,6,14648,14648,1197,1611,2348,1934,2261,2460,1862,714,248,12,1,14938,14938,1122,1485,1943,1818,2498,2693,1946,879,456,93,5
대구광역시 북구 검단동(2723068000),6613,6613,293,400,723,796,870,1192,1301,695,309,33,1,3287,3287,148,209,414,460,470,579,598,296,108,5,0,3326,3326,145,191,309,336,400,613,703,399,201,28,1
대구광역시 북구 무태조야동(2723069500),36692,36692,3482,3910,4237,4788,6961,6304,4164,2033,716,96,1,18716,18716,1826,2021,2257,2465,3550,3320,2057,948,258,14,0,17976,17976,1656,1889,1980,2323,3411,2984,2107,1085,458,82,1
대구광역시 북구 관문동(2723071500),37171,37171,4483,3150,3882,6257,6466,5933,4315,1906,683,91,5,18566,18566,2315,1603,2089,3170,3353,2868,2111,837,208,11,1,18605,18605,2168,1547,1793,3087,3113,3065,2204,1069,475,80,4
대구광역시 북구 태전1동(2723072500),22382,22382,1322,1733,3898,2635,3099,4176,3170,1526,736,85,2,11235,11235,681,926,2061,1454,1533,2040,1565,676,279,20,0,11147,11147,641,807,1837,1181,1566,2136,1605,850,457,65,2
대구광역시 북구 태전2동(2723073500),24922,24922,1599,2447,3679,2723,3956,4708,3409,1664,653,82,2,12220,12220,830,1283,1931,1475,1907,2248,1579,710,242,15,0,12702,12702,769,1164,1748,1248,2049,2460,1830,954,411,67,2
대구광역시 북구 구암동(2723074500),36149,36149,2616,4918,5329,3437,6653,7239,3469,1635,763,89,1,17805,17805,1294,2576,2856,1726,3041,3608,1764,675,246,19,0,18344,18344,1322,2342,2473,1711,3612,3631,1705,960,517,70,1
대구광역시 북구 관음동(2723075000),16974,16974,898,1563,2410,1604,2485,3523,2702,1141,594,51,3,8545,8545,466,814,1343,900,1228,1726,1351,515,192,10,0,8429,8429,432,749,1067,704,1257,1797,1351,626,402,41,3
대구광역시 북구 읍내동(2723077000),26779,26779,1653,2433,4276,3063,3737,5411,3689,1604,823,84,6,13305,13305,863,1316,2293,1668,1711,2583,1872,696,282,20,1,13474,13474,790,1117,1983,1395,2026,2828,1817,908,541,64,5
대구광역시 북구 동천동(2723078000),28824,28824,2262,4368,4123,2821,5875,5509,2073,1132,619,41,1,14001,14001,1177,2264,2205,1339,2554,2798,1030,415,206,13,0,14823,14823,1085,2104,1918,1482,3321,2711,1043,717,413,28,1
대구광역시 북구 노원동(2723079000),12012,12012,612,621,1362,1533,1614,2323,2253,1255,383,48,8,6243,6243,303,306,750,894,904,1226,1111,585,148,14,2,5769,5769,309,315,612,639,710,1097,1142,670,235,34,6
대구광역시 북구 국우동(2723080000),23986,23986,2138,3086,3503,2763,4635,4215,1954,1093,536,62,1,11826,11826,1116,1603,1786,1366,2200,2183,961,446,157,8,0,12160,12160,1022,1483,1717,1397,2435,2032,993,647,379,54,1
대구광역시 수성구 (2726000000),421840,421840,29429,50395,54594,42300,72001,74874,53051,28889,14297,1928,82,204076,204076,15162,26603,29282,20617,32849,36224,25046,12580,5235,457,21,217764,217764,14267,23792,25312,21683,39152,38650,28005,16309,9062,1471,61
대구광역시 수성구 범어1동(2726051000),16311,16311,1435,2120,1990,1681,2909,2793,1714,1068,535,60,6,7748,7748,719,1021,1031,731,1346,1375,826,450,229,19,1,8563,8563,716,1099,959,950,1563,1418,888,618,306,41,5
대구광역시 수성구 범어2동(2726052000),15836,15836,1096,1796,2274,2015,2699,2670,1822,979,437,46,2,7708,7708,557,949,1149,966,1251,1306,878,465,175,12,0,8128,8128,539,847,1125,1049,1448,1364,944,514,262,34,2
대구광역시 수성구 범어3동(2726053000),16441,16441,1931,2018,2112,2060,3280,2602,1317,734,334,51,2,7879,7879,968,981,1093,910,1531,1311,635,308,126,16,0,8562,8562,963,1037,1019,1150,1749,1291,682,426,208,35,2
대구광역시 수성구 범어4동(2726054000),19988,19988,1693,4451,1912,1378,4990,2889,1403,835,382,52,3,9821,9821,910,2357,1038,602,2229,1547,635,354,137,10,2,10167,10167,783,2094,874,776,2761,1342,768,481,245,42,1
대구광역시 수성구 만촌1동(2726055000),23040,23040,1783,2454,2931,2336,3652,4073,3049,1768,881,111,2,11253,11253,938,1278,1614,1135,1679,1975,1451,796,356,31,0,11787,11787,845,1176,1317,1201,1973,2098,1598,972,525,80,2
대구광역시 수성구 만촌2동(2726056000),11269,11269,496,1114,1858,1172,1666,2093,1540,840,442,46,2,5611,5611,249,623,1028,636,758,1035,727,384,162,8,1,5658,5658,247,491,830,536,908,1058,813,456,280,38,1
대구광역시 수성구 만촌3동(2726056100),20147,20147,1343,3886,2484,1356,4482,3414,1683,1000,439,58,2,10576,10576,780,2537,1474,611,1951,1821,792,424,169,16,1,9571,9571,563,1349,1010,745,2531,1593,891,576,270,42,1
대구광역시 수성구 수성1가동(2726057000),18498,18498,1234,2185,2177,1589,3135,3209,2317,1665,878,106,3,8519,8519,585,1005,1146,777,1418,1540,1015,676,333,24,0,9979,9979,649,1180,1031,812,1717,1669,1302,989,545,82,3
대구광역시 수성구 수성2.3가동(2726058000),12140,12140,1073,1710,1257,1123,2388,1874,1422,870,375,46,2,5879,5879,559,862,657,512,1143,974,645,366,149,12,0,6261,6261,514,848,600,611,1245,900,777,504,226,34,2
대구광역시 수성구 수성4가동(2726059000),15022,15022,829,1417,2087,1455,2134,2945,2166,1231,667,86,5,7011,7011,419,685,1088,710,920,1367,998,535,257,31,1,8011,8011,410,732,999,745,1214,1578,1168,696,410,55,4
대구광역시 수성구 황금1동(2726060100),24111,24111,2057,4091,2681,1957,4810,4165,2473,1182,598,92,5,11569,11569,1053,2084,1447,877,2130,2070,1158,517,214,18,1,12542,12542,1004,2007,1234,1080,2680,2095,1315,665,384,74,4
대구광역시 수성구 황금2동(2726060200),11056,11056,532,847,1767,1325,1752,1906,1511,968,399,49,0,5332,5332,265,422,869,681,858,952,685,425,160,15,0,5724,5724,267,425,898,644,894,954,826,543,239,34,0
대구광역시 수성구 중동(2726061000),11208,11208,728,716,1441,1494,1789,1934,1664,937,437,65,3,5568,5568,388,379,736,789,902,985,790,409,172,18,0,5640,5640,340,337,705,705,887,949,874,528,265,47,3
대구광역시 수성구 상동(2726062000),16806,16806,996,1321,2062,1999,2478,2880,2727,1506,711,121,5,8112,8112,525,694,1060,1026,1197,1384,1280,678,251,17,0,8694,8694,471,627,1002,973,1281,1496,1447,828,460,104,5
대구광역시 수성구 파동(2726063000),12857,12857,976,983,1234,1501,1931,2066,2170,1330,564,93,9,6189,6189,483,540,699,747,940,967,951,631,209,21,1,6668,6668,493,443,535,754,991,1099,1219,699,355,72,8
대구광역시 수성구 두산동(2726064000),14247,14247,884,1156,2179,1871,2320,2762,1825,833,358,56,3,6970,6970,448,587,1164,933,1108,1339,860,380,136,14,1,7277,7277,436,569,1015,938,1212,1423,965,453,222,42,2
대구광역시 수성구 지산1동(2726065100),22376,22376,974,1821,3294,2253,3088,4195,3534,2087,978,149,3,10627,10627,516,1022,1767,1171,1414,1915,1593,863,336,30,0,11749,11749,458,799,1527,1082,1674,2280,1941,1224,642,119,3
대구광역시 수성구 지산2동(2726065200),19022,19022,1067,1812,2512,1897,2804,3583,2975,1450,826,94,2,8964,8964,547,921,1327,933,1262,1619,1381,649,297,27,1,10058,10058,520,891,1185,964,1542,1964,1594,801,529,67,1
대구광역시 수성구 범물1동(2726066100),11580,11580,347,650,1329,941,1283,2164,2423,1525,807,108,3,5272,5272,175,332,718,490,620,977,1117,598,224,20,1,6308,6308,172,318,611,451,663,1187,1306,927,583,88,2
대구광역시 수성구 범물2동(2726066200),17303,17303,1302,1902,2108,1805,2872,3117,2588,1075,460,70,4,8399,8399,656,1026,1159,901,1319,1430,1233,513,151,9,2,8904,8904,646,876,949,904,1553,1687,1355,562,309,61,2
대구광역시 수성구 고산1동(2726067000),31269,31269,2212,4642,4301,2812,5568,5801,3445,1540,838,105,5,15172,15172,1145,2368,2322,1372,2446,2755,1741,691,301,29,2,16097,16097,1067,2274,1979,1440,3122,3046,1704,849,537,76,3
대구광역시 수성구 고산2동(2726068000),27482,27482,2000,3147,3835,2882,4434,5012,3505,1660,871,130,6,13606,13606,1004,1732,2157,1437,2023,2411,1743,733,333,31,2,13876,13876,996,1415,1678,1445,2411,2601,1762,927,538,99,4
대구광역시 수성구 고산3동(2726069000),33831,33831,2441,4156,4769,3398,5537,6727,3778,1806,1080,134,5,16291,16291,1273,2198,2539,1670,2404,3169,1912,735,358,29,4,17540,17540,1168,1958,2230,1728,3133,3558,1866,1071,722,105,1
대구광역시 달서구 (2729000000),552975,552975,38849,54088,77713,65019,87955,102459,75304,34577,15143,1816,52,272745,272745,19860,28040,41439,33911,42698,49540,36239,15438,5182,389,9,280230,280230,18989,26048,36274,31108,45257,52919,39065,19139,9961,1427,43
대구광역시 달서구 성당동(2729051500),23729,23729,1582,2017,2816,2749,3551,4145,3868,2078,839,79,5,11543,11543,758,941,1444,1412,1852,2059,1826,944,297,10,0,12186,12186,824,1076,1372,1337,1699,2086,2042,1134,542,69,5
대구광역시 달서구 두류1.2동(2729053500),14509,14509,565,698,2323,1846,1799,2565,2506,1503,639,59,6,7031,7031,289,353,1070,958,1002,1297,1181,642,231,7,1,7478,7478,276,345,1253,888,797,1268,1325,861,408,52,5
대구광역시 달서구 두류3동(2729055000),8422,8422,371,553,1267,941,1108,1490,1376,868,412,36,0,4100,4100,199,287,649,489,576,711,643,374,163,9,0,4322,4322,172,266,618,452,532,779,733,494,249,27,0
대구광역시 달서구 감삼동(2729055500),27138,27138,2019,2266,4111,3677,4021,5064,3746,1594,571,68,1,13235,13235,983,1161,2046,1892,1969,2405,1800,749,216,13,1,13903,13903,1036,1105,2065,1785,2052,2659,1946,845,355,55,0
대구광역시 달서구 죽전동(2729056300),13779,13779,617,931,2286,1718,1922,2731,2203,935,396,39,1,6813,6813,297,497,1190,968,958,1293,1050,415,133,12,0,6966,6966,320,434,1096,750,964,1438,1153,520,263,27,1
대구광역시 달서구 장기동(2729056800),17493,17493,1313,1632,2456,2233,2764,3353,2277,1038,377,49,1,8629,8629,683,846,1298,1157,1336,1612,1085,475,125,12,0,8864,8864,630,786,1158,1076,1428,1741,1192,563,252,37,1
대구광역시 달서구 용산1동(2729057100),31434,31434,1959,3484,4956,3283,5169,6676,3667,1538,636,62,4,15774,15774,1024,1865,2642,1726,2393,3312,1835,733,231,11,2,15660,15660,935,1619,2314,1557,2776,3364,1832,805,405,51,2
대구광역시 달서구 용산2동(2729057200),29198,29198,1761,2888,4655,3261,4490,6468,3582,1394,634,63,2,14693,14693,918,1530,2548,1758,2118,3114,1846,622,223,16,0,14505,14505,843,1358,2107,1503,2372,3354,1736,772,411,47,2
대구광역시 달서구 이곡1동(2729057600),23441,23441,1280,2431,4062,2525,3675,5185,2643,1085,506,47,2,11769,11769,676,1245,2201,1352,1694,2548,1400,473,172,8,0,11672,11672,604,1186,1861,1173,1981,2637,1243,612,334,39,2
대구광역시 달서구 이곡2동(2729057700),16666,16666,866,1352,2518,2104,2321,3478,2708,926,350,42,1,8451,8451,453,709,1379,1190,1141,1628,1378,432,130,11,0,8215,8215,413,643,1139,914,1180,1850,1330,494,220,31,1
대구광역시 달서구 신당동(2729058500),32014,32014,1361,2370,6871,3690,4502,6371,3948,1879,911,110,1,16465,16465,721,1205,3716,2202,2321,3232,1967,804,276,21,0,15549,15549,640,1165,3155,1488,2181,3139,1981,1075,635,89,1
대구광역시 달서구 본리동(2729059000),21873,21873,2168,2169,2577,3047,4022,3745,2641,1057,396,49,2,10846,10846,1073,1046,1379,1560,2005,1845,1263,511,154,8,2,11027,11027,1095,1123,1198,1487,2017,1900,1378,546,242,41,0
대구광역시 달서구 월성1동(2729060100),43598,43598,4957,8308,4248,4405,10639,6111,2978,1328,537,79,8,21380,21380,2523,4228,2340,1929,4869,3304,1392,589,185,20,1,22218,22218,2434,4080,1908,2476,5770,2807,1586,739,352,59,7
대구광역시 달서구 월성2동(2729060200),16298,16298,576,1117,1758,1271,2223,3028,3175,2074,968,106,2,7819,7819,323,575,980,704,1154,1518,1454,795,291,25,0,8479,8479,253,542,778,567,1069,1510,1721,1279,677,81,2
대구광역시 달서구 진천동(2729061500),76454,76454,8713,8327,9041,11080,13644,11937,8355,3653,1514,186,4,37584,37584,4457,4359,4818,5427,6639,5660,3990,1659,531,43,1,38870,38870,4256,3968,4223,5653,7005,6277,4365,1994,983,143,3
대구광역시 달서구 상인1동(2729062400),38594,38594,2896,4661,5181,3930,6265,7185,5169,2136,1023,143,5,18864,18864,1461,2555,2873,1935,2808,3368,2502,964,365,33,0,19730,19730,1435,2106,2308,1995,3457,3817,2667,1172,658,110,5
대구광역시 달서구 상인2동(2729062500),20059,20059,1102,1436,3420,2860,2586,3799,3006,1222,546,80,2,9942,9942,586,778,1789,1599,1280,1739,1442,537,175,17,0,10117,10117,516,658,1631,1261,1306,2060,1564,685,371,63,2
대구광역시 달서구 상인3동(2729062600),11283,11283,337,573,1189,1012,1220,2174,2680,1364,636,97,1,5417,5417,168,317,677,573,648,996,1227,619,171,21,0,5866,5866,169,256,512,439,572,1178,1453,745,465,76,1
대구광역시 달서구 도원동(2729062800),36111,36111,2231,3467,4968,3789,5108,7248,5816,2241,1105,138,0,17512,17512,1155,1790,2681,1977,2365,3289,2827,1027,368,33,0,18599,18599,1076,1677,2287,1812,2743,3959,2989,1214,737,105,0
대구광역시 달서구 송현1동(2729063000),19591,19591,820,1270,2876,2217,2685,3762,3332,1768,771,89,1,9698,9698,434,662,1492,1224,1397,1803,1547,833,290,16,0,9893,9893,386,608,1384,993,1288,1959,1785,935,481,73,1
대구광역시 달서구 송현2동(2729064000),18353,18353,730,1198,2477,1916,2347,3409,3437,1826,894,116,3,8776,8776,364,598,1293,1053,1192,1597,1553,780,321,24,1,9577,9577,366,600,1184,863,1155,1812,1884,1046,573,92,2
대구광역시 달서구 본동(2729065000),12938,12938,625,940,1657,1465,1894,2535,2191,1070,482,79,0,6404,6404,315,493,934,826,981,1210,1031,461,134,19,0,6534,6534,310,447,723,639,913,1325,1160,609,348,60,0
대구광역시 달성군 (2771000000),260189,260189,29101,24033,28803,41235,43887,40680,31014,14145,6444,826,21,132072,132072,14855,12532,15794,21557,22900,20252,15384,6535,2096,164,3,128117,128117,14246,11501,13009,19678,20987,20428,15630,7610,4348,662,18
대구광역시 달성군 화원읍(2771025000),47706,47706,3184,4451,6283,5167,6967,9635,7240,3252,1356,166,5,23713,23713,1657,2282,3453,2754,3350,4656,3567,1470,491,33,0,23993,23993,1527,2169,2830,2413,3617,4979,3673,1782,865,133,5
대구광역시 달성군 논공읍(2771025300),4731,4731,275,165,498,583,558,927,928,481,277,38,1,2568,2568,144,79,297,341,358,502,532,218,90,7,0,2163,2163,131,86,201,242,200,425,396,263,187,31,1
대구광역시 달성군 논공읍공단출장소(2771025400),13561,13561,793,1371,1859,1349,2505,2996,1647,663,336,40,2,7184,7184,384,724,1126,726,1347,1625,873,274,98,7,0,6377,6377,409,647,733,623,1158,1371,774,389,238,33,2
대구광역시 달성군 다사읍(2771025600),50449,50449,5798,5959,5535,7042,9590,7841,5344,2359,871,109,1,24951,24951,2916,3111,2928,3476,4751,3730,2564,1144,310,21,0,25498,25498,2882,2848,2607,3566,4839,4111,2780,1215,561,88,1
대구광역시 달성군 다사읍서재출장소(2771025700),38594,38594,6193,3492,3919,8341,7137,4923,3078,1103,359,47,2,19671,19671,3161,1813,2045,4251,3838,2409,1537,512,98,7,0,18923,18923,3032,1679,1874,4090,3299,2514,1541,591,261,40,2
대구광역시 달성군 유가읍(2771025900),29625,29625,5220,3465,2406,6106,6059,2940,2166,844,363,54,2,15044,15044,2677,1807,1303,3038,3136,1487,1060,409,110,17,0,14581,14581,2543,1658,1103,3068,2923,1453,1106,435,253,37,2
대구광역시 달성군 옥포읍(2771026200),25402,25402,2560,1787,2632,3982,3712,4267,3857,1773,748,84,0,12802,12802,1328,954,1388,2075,1991,2088,1881,826,252,19,0,12600,12600,1232,833,1244,1907,1721,2179,1976,947,496,65,0
대구광역시 달성군 현풍읍(2771026500),23150,23150,2391,1693,3164,4344,3600,3168,2698,1350,666,73,3,12142,12142,1221,887,1820,2503,2006,1596,1324,581,190,13,1,11008,11008,1170,806,1344,1841,1594,1572,1374,769,476,60,2
대구광역시 달성군 가창면(2771031000),7867,7867,411,485,653,634,919,1352,1654,1022,629,106,2,3911,3911,220,259,379,318,483,718,804,502,204,23,1,3956,3956,191,226,274,316,436,634,850,520,425,83,1
대구광역시 달성군 하빈면(2771033000),3680,3680,105,120,280,290,302,808,862,503,360,48,2,1981,1981,48,60,172,175,191,478,501,239,107,9,1,1699,1699,57,60,108,115,111,330,361,264,253,39,1
대구광역시 달성군 구지면(2771038000),15424,15424,2171,1045,1574,3397,2538,1823,1540,795,479,61,1,8105,8105,1099,556,883,1900,1449,963,741,360,146,8,0,7319,7319,1072,489,691,1497,1089,860,799,435,333,53,1
인천광역시  (2800000000),2936214,2936214,223789,272335,397230,402023,481422,509335,380258,177642,79183,12477,520,1470490,1470490,114935,140034,206995,207964,246217,254583,188402,81182,27416,2638,124,1465724,1465724,108854,132301,190235,194059,235205,254752,191856,96460,51767,9839,396
인천광역시 중구 (2811000000),139548,139548,11686,12721,18816,21210,24555,20525,16323,9244,3822,624,22,72529,72529,6033,6595,9580,11539,13413,11359,8168,4289,1402,144,7,67019,67019,5653,6126,9236,9671,11142,9166,8155,4955,2420,480,15
인천광역시 중구 연안동(2811052000),6196,6196,233,338,627,604,812,1295,1298,632,302,54,1,3353,3353,125,163,363,356,496,752,679,296,109,14,0,2843,2843,108,175,264,248,316,543,619,336,193,40,1
인천광역시 중구 신포동(2811053000),5142,5142,244,354,530,527,811,864,819,635,305,52,1,2631,2631,141,180,295,288,447,471,405,274,119,11,0,2511,2511,103,174,235,239,364,393,414,361,186,41,1
인천광역시 중구 신흥동(2811054000),13252,13252,816,1119,1617,1584,2016,2288,2041,1179,509,83,0,6737,6737,405,581,863,847,1073,1224,1011,526,189,18,0,6515,6515,411,538,754,737,943,1064,1030,653,320,65,0
인천광역시 중구 도원동(2811056000),3947,3947,136,262,422,370,534,730,737,520,205,30,1,2019,2019,62,147,245,204,297,388,355,239,74,8,0,1928,1928,74,115,177,166,237,342,382,281,131,22,1
인천광역시 중구 율목동(2811057000),3280,3280,94,191,357,278,489,621,614,443,162,31,0,1695,1695,59,91,199,164,272,351,300,203,51,5,0,1585,1585,35,100,158,114,217,270,314,240,111,26,0
인천광역시 중구 동인천동(2811058500),5843,5843,202,296,621,654,751,1097,1095,702,348,72,5,3085,3085,99,154,337,376,445,647,572,318,119,17,1,2758,2758,103,142,284,278,306,450,523,384,229,55,4
인천광역시 중구 북성동(2811060000),2747,2747,79,136,289,241,378,496,551,394,158,24,1,1426,1426,50,67,162,151,207,280,272,163,62,12,0,1321,1321,29,69,127,90,171,216,279,231,96,12,1
인천광역시 중구 송월동(2811061000),4403,4403,184,321,478,453,598,788,812,517,223,28,1,2174,2174,90,159,253,256,335,413,368,225,67,8,0,2229,2229,94,162,225,197,263,375,444,292,156,20,1
인천광역시 중구 영종동(2811062000),15916,15916,924,1248,2053,2363,2556,2816,2417,1002,440,92,5,8850,8850,478,652,1175,1449,1493,1599,1320,506,157,18,3,7066,7066,446,596,878,914,1063,1217,1097,496,283,74,2
인천광역시 중구 영종1동(2811062200),43350,43350,6967,4935,3841,8716,9474,4596,2907,1392,450,70,2,21801,21801,3584,2540,1894,4207,5005,2387,1314,691,164,14,1,21549,21549,3383,2395,1947,4509,4469,2209,1593,701,286,56,1
인천광역시 중구 운서동(2811062800),31439,31439,1726,3403,7706,5148,5662,4046,1971,1226,503,46,2,16505,16505,904,1804,3611,3069,3032,2318,1009,535,209,13,1,14934,14934,822,1599,4095,2079,2630,1728,962,691,294,33,1
인천광역시 중구 용유동(2811063000),4033,4033,81,118,275,272,474,888,1061,602,217,42,3,2253,2253,36,57,183,172,311,529,563,313,82,6,1,1780,1780,45,61,92,100,163,359,498,289,135,36,2
인천광역시 중구영종출장소 (2811400000),0,0,0,0,0,0,0,0,0,0,0,0,0,0,0,0,0,0,0,0,0,0,0,0,0,0,0,0,0,0,0,0,0,0,0,0,0,0,0
인천광역시 중구용유출장소 (2811800000),0,0,0,0,0,0,0,0,0,0,0,0,0,0,0,0,0,0,0,0,0,0,0,0,0,0,0,0,0,0,0,0,0,0,0,0,0,0,0
인천광역시 동구 (2814000000),61680,61680,3606,4969,6520,6678,9786,9990,10173,6597,2907,419,35,31159,31159,1883,2584,3541,3575,5298,5337,4916,2911,1010,96,8,30521,30521,1723,2385,2979,3103,4488,4653,5257,3686,1897,323,27
인천광역시 동구 만석동(2814051000),7056,7056,435,619,765,784,1204,1175,1101,625,301,46,1,3627,3627,237,321,428,407,653,650,556,271,93,10,1,3429,3429,198,298,337,377,551,525,545,354,208,36,0
인천광역시 동구 화수1.화평동(2814052500),6068,6068,245,471,703,515,841,1058,1090,768,323,51,3,3081,3081,129,243,384,274,445,583,533,348,131,11,0,2987,2987,116,228,319,241,396,475,557,420,192,40,3
인천광역시 동구 화수2동(2814053000),7713,7713,337,612,779,737,1188,1257,1379,928,440,53,3,3823,3823,177,298,421,415,655,669,650,385,141,12,0,3890,3890,160,314,358,322,533,588,729,543,299,41,3
인천광역시 동구 송현1.2동(2814055500),10582,10582,834,891,1173,1423,1768,1596,1541,980,327,44,5,5217,5217,420,468,614,718,926,773,717,447,124,8,2,5365,5365,414,423,559,705,842,823,824,533,203,36,3
인천광역시 동구 송현3동(2814057000),3653,3653,127,216,382,337,495,675,717,439,244,21,0,1882,1882,67,107,216,190,283,379,366,185,81,8,0,1771,1771,60,109,166,147,212,296,351,254,163,13,0
인천광역시 동구 송림1동(2814058000),1650,1650,84,114,176,161,253,250,297,198,103,13,1,810,810,39,58,95,92,134,127,151,85,25,4,0,840,840,45,56,81,69,119,123,146,113,78,9,1
인천광역시 동구 송림2동(2814059000),2878,2878,80,152,263,219,361,478,621,428,242,30,4,1479,1479,46,74,165,128,217,276,287,188,89,7,2,1399,1399,34,78,98,91,144,202,334,240,153,23,2
인천광역시 동구 송림3.5동(2814060500),7971,7971,465,679,837,871,1307,1292,1263,847,346,57,7,4075,4075,256,350,487,473,693,693,601,375,128,17,2,3896,3896,209,329,350,398,614,599,662,472,218,40,5
인천광역시 동구 송림4동(2814061000),4427,4427,324,444,534,569,789,766,583,297,101,17,3,2312,2312,168,221,271,330,411,425,298,146,37,4,1,2115,2115,156,223,263,239,378,341,285,151,64,13,2
인천광역시 동구 송림6동(2814063000),6677,6677,570,577,618,815,1158,1003,1000,605,269,56,6,3343,3343,298,326,314,409,638,516,474,275,86,7,0,3334,3334,272,251,304,406,520,487,526,330,183,49,6
인천광역시 동구 금창동(2814064000),3005,3005,105,194,290,247,422,440,581,482,211,31,2,1510,1510,46,118,146,139,243,246,283,206,75,8,0,1495,1495,59,76,144,108,179,194,298,276,136,23,2
인천광역시 미추홀구 (2817700000),403999,403999,26781,31584,56892,55411,63314,66740,56906,31165,13140,1977,89,203495,203495,13701,16277,30006,29749,33517,33607,27238,14129,4792,454,25,200504,200504,13080,15307,26886,25662,29797,33133,29668,17036,8348,1523,64
인천광역시 미추홀구 숭의2동(2817751000),14734,14734,1098,925,1947,2201,2192,2420,2085,1218,554,89,5,7464,7464,561,471,1045,1210,1197,1234,1001,531,189,24,1,7270,7270,537,454,902,991,995,1186,1084,687,365,65,4
인천광역시 미추홀구 숭의1.3동(2817752000),14444,14444,1105,857,2159,2438,2068,2279,1906,1030,512,86,4,7254,7254,577,436,1070,1298,1151,1139,940,457,175,11,0,7190,7190,528,421,1089,1140,917,1140,966,573,337,75,4
인천광역시 미추홀구 숭의4동(2817753000),16560,16560,1051,1289,2166,2172,2495,2695,2466,1498,633,93,2,8290,8290,530,693,1136,1173,1279,1372,1173,691,212,31,0,8270,8270,521,596,1030,999,1216,1323,1293,807,421,62,2
인천광역시 미추홀구 용현1.4동(2817754000),17186,17186,620,965,3939,1797,2059,2585,2594,1797,716,113,1,9275,9275,319,500,2495,1074,1182,1336,1244,802,295,28,0,7911,7911,301,465,1444,723,877,1249,1350,995,421,85,1
인천광역시 미추홀구 용현2동(2817755000),17906,17906,1288,1318,2644,2783,2604,2765,2373,1478,548,92,13,8993,8993,669,720,1319,1488,1358,1403,1127,693,192,20,4,8913,8913,619,598,1325,1295,1246,1362,1246,785,356,72,9
인천광역시 미추홀구 용현3동(2817756000),7376,7376,281,349,845,863,948,1277,1412,908,433,54,6,3869,3869,143,171,516,515,559,707,660,414,164,19,1,3507,3507,138,178,329,348,389,570,752,494,269,35,5
인천광역시 미추홀구 용현5동(2817757000),47964,47964,4044,4900,6892,6406,8366,7815,5512,2706,1156,164,3,23824,23824,2077,2537,3493,3250,4267,3853,2674,1223,416,34,0,24140,24140,1967,2363,3399,3156,4099,3962,2838,1483,740,130,3
인천광역시 미추홀구 학익1동(2817758000),30785,30785,2105,3413,4036,3128,5367,5519,4134,2121,843,112,7,15333,15333,1043,1812,2147,1595,2636,2767,2023,970,317,20,3,15452,15452,1062,1601,1889,1533,2731,2752,2111,1151,526,92,4
인천광역시 미추홀구 학익2동(2817759000),18786,18786,1080,1726,2388,2127,2915,3358,2773,1598,708,109,4,9254,9254,532,887,1291,1128,1460,1666,1294,725,242,28,1,9532,9532,548,839,1097,999,1455,1692,1479,873,466,81,3
인천광역시 미추홀구 도화1동(2817760000),23184,23184,1593,1553,3264,3533,3565,3767,3191,1841,760,114,3,11590,11590,847,753,1659,1877,1911,1880,1517,822,292,32,0,11594,11594,746,800,1605,1656,1654,1887,1674,1019,468,82,3
인천광역시 미추홀구 도화2.3동(2817761000),32465,32465,3137,2538,3935,5756,5266,4731,4157,1996,824,114,11,16472,16472,1593,1303,2024,3079,2847,2333,2064,908,299,18,4,15993,15993,1544,1235,1911,2677,2419,2398,2093,1088,525,96,7
인천광역시 미추홀구 주안1동(2817762000),20591,20591,1248,896,4233,4284,3144,3128,2246,950,397,62,3,10779,10779,664,455,2089,2414,1808,1598,1130,455,154,10,2,9812,9812,584,441,2144,1870,1336,1530,1116,495,243,52,1
인천광역시 미추홀구 주안2동(2817763000),16530,16530,877,1067,2075,2037,2350,2828,2844,1645,699,107,1,8381,8381,441,570,1145,1084,1287,1470,1336,770,254,24,0,8149,8149,436,497,930,953,1063,1358,1508,875,445,83,1
인천광역시 미추홀구 주안3동(2817764000),8872,8872,435,678,1186,964,1353,1506,1438,906,348,52,6,4493,4493,224,360,634,537,723,777,706,393,117,20,2,4379,4379,211,318,552,427,630,729,732,513,231,32,4
인천광역시 미추홀구 주안4동(2817765000),13887,13887,572,864,1672,1529,1894,2327,2596,1651,684,97,1,6938,6938,292,416,909,843,1045,1216,1176,757,264,19,1,6949,6949,280,448,763,686,849,1111,1420,894,420,78,0
인천광역시 미추홀구 주안5동(2817766000),17278,17278,788,1139,2394,2416,2586,3057,2688,1444,659,103,4,8652,8652,383,563,1237,1370,1414,1534,1271,633,225,20,2,8626,8626,405,576,1157,1046,1172,1523,1417,811,434,83,2
인천광역시 미추홀구 주안6동(2817767000),22193,22193,1940,1780,2831,3402,3839,3295,2899,1455,646,102,4,11078,11078,1002,908,1437,1764,2043,1661,1314,674,255,19,1,11115,11115,938,872,1394,1638,1796,1634,1585,781,391,83,3
인천광역시 미추홀구 주안7동(2817768000),12743,12743,570,945,1510,1320,1921,2273,2263,1289,562,87,3,6182,6182,277,514,803,707,978,1086,1043,545,204,24,1,6561,6561,293,431,707,613,943,1187,1220,744,358,63,2
인천광역시 미추홀구 주안8동(2817769000),21275,21275,1212,1898,2839,2510,3291,3904,3200,1660,668,91,2,10390,10390,610,941,1505,1342,1650,1858,1480,733,245,26,0,10885,10885,602,957,1334,1168,1641,2046,1720,927,423,65,2
인천광역시 미추홀구 관교동(2817770000),15328,15328,997,1313,2024,1884,2263,2681,2453,1153,473,84,3,7522,7522,541,669,1030,954,1131,1253,1196,562,165,20,1,7806,7806,456,644,994,930,1132,1428,1257,591,308,64,2
인천광역시 미추홀구 문학동(2817771000),13912,13912,740,1171,1913,1861,2828,2530,1676,821,317,52,3,7462,7462,376,598,1022,1047,1591,1464,869,371,116,7,1,6450,6450,364,573,891,814,1237,1066,807,450,201,45,2
인천광역시 연수구 (2818500000),390807,390807,38449,43128,52254,57974,69023,64746,40622,15782,7409,1373,47,194282,194282,19647,22150,27107,28540,34026,31944,20834,7287,2441,296,10,196525,196525,18802,20978,25147,29434,34997,32802,19788,8495,4968,1077,37
인천광역시 연수구 옥련1동(2818563000),19626,19626,1366,1864,2646,2316,3103,3704,2570,1340,623,94,0,9732,9732,701,969,1440,1209,1523,1819,1251,577,219,24,0,9894,9894,665,895,1206,1107,1580,1885,1319,763,404,70,0
인천광역시 연수구 옥련2동(2818564000),20748,20748,1484,2210,2982,2470,3312,3944,2545,1160,542,95,4,10272,10272,745,1145,1582,1218,1639,1894,1288,556,183,22,0,10476,10476,739,1065,1400,1252,1673,2050,1257,604,359,73,4
인천광역시 연수구 선학동(2818575000),17256,17256,868,1077,2420,2270,2342,3343,3010,1256,569,96,5,8949,8949,464,556,1375,1291,1306,1589,1563,587,198,20,0,8307,8307,404,521,1045,979,1036,1754,1447,669,371,76,5
인천광역시 연수구 연수1동(2818576100),19902,19902,915,1586,3117,2552,3255,3999,2713,1182,503,77,3,10896,10896,472,870,1763,1524,1865,2186,1470,556,173,17,0,9006,9006,443,716,1354,1028,1390,1813,1243,626,330,60,3
인천광역시 연수구 연수2동(2818576200),21375,21375,1386,1665,3351,3190,3062,3870,2865,1190,664,128,4,10523,10523,726,841,1796,1667,1500,1816,1447,513,189,26,2,10852,10852,660,824,1555,1523,1562,2054,1418,677,475,102,2
인천광역시 연수구 연수3동(2818576300),16467,16467,950,1230,2223,2214,2191,3032,2586,1189,694,150,8,7841,7841,489,637,1126,1162,1042,1379,1285,511,186,22,2,8626,8626,461,593,1097,1052,1149,1653,1301,678,508,128,6
인천광역시 연수구 청학동(2818576600),25045,25045,1211,1727,3455,3023,3627,5235,4004,1741,876,138,8,12965,12965,622,871,1965,1742,1928,2671,2058,781,297,27,3,12080,12080,589,856,1490,1281,1699,2564,1946,960,579,111,5
인천광역시 연수구 동춘1동(2818578000),25652,25652,2325,2681,3487,3788,4186,4691,3002,945,434,109,4,12589,12589,1188,1349,1788,1858,2017,2192,1560,467,136,34,0,13063,13063,1137,1332,1699,1930,2169,2499,1442,478,298,75,4
인천광역시 연수구 동춘2동(2818579000),18528,18528,1363,1960,2641,2596,2923,3476,2250,811,450,56,2,9041,9041,703,1015,1353,1328,1384,1601,1136,370,136,15,0,9487,9487,660,945,1288,1268,1539,1875,1114,441,314,41,2
인천광역시 연수구 동춘3동(2818579500),18846,18846,1532,2852,2551,1813,3396,3365,2004,843,402,88,0,9176,9176,762,1457,1336,802,1538,1661,1068,384,144,24,0,9670,9670,770,1395,1215,1011,1858,1704,936,459,258,64,0
인천광역시 연수구 송도1동(2818582000),38194,38194,3176,5690,6595,4389,6637,6320,3528,1196,535,127,1,18787,18787,1640,2912,3321,2076,3039,3166,1828,588,191,26,0,19407,19407,1536,2778,3274,2313,3598,3154,1700,608,344,101,1
인천광역시 연수구 송도2동(2818583000),36772,36772,4864,6328,3635,4475,8515,5524,2254,763,340,70,4,18082,18082,2480,3243,1856,1871,3979,2960,1202,347,130,13,1,18690,18690,2384,3085,1779,2604,4536,2564,1052,416,210,57,3
인천광역시 연수구 송도3동(2818584000),48884,48884,6887,5944,6254,9299,9910,6102,3008,1024,390,64,2,23965,23965,3472,3032,3037,4333,4886,3062,1524,472,132,13,2,24919,24919,3415,2912,3217,4966,5024,3040,1484,552,258,51,0
인천광역시 연수구 송도4동(2818585000),25041,25041,3787,2885,2790,4699,5208,3321,1661,490,173,26,1,12396,12396,1936,1467,1388,2186,2607,1664,835,247,63,3,0,12645,12645,1851,1418,1402,2513,2601,1657,826,243,110,23,1
인천광역시 연수구 송도5동(2818586000),38471,38471,6335,3429,4107,8880,7356,4820,2622,652,214,55,1,19068,19068,3247,1786,1981,4273,3773,2284,1319,331,64,10,0,19403,19403,3088,1643,2126,4607,3583,2536,1303,321,150,45,1
인천광역시 남동구 (2820000000),522330,522330,40351,49332,70232,71104,88008,89447,67902,30995,12868,2009,82,259335,259335,20765,25249,36192,36632,44762,44095,32757,14089,4389,392,13,262995,262995,19586,24083,34040,34472,43246,45352,35145,16906,8479,1617,69
인천광역시 남동구 구월1동(2820051000),31745,31745,3071,3059,4216,4602,5594,5064,3799,1585,626,125,4,15476,15476,1578,1482,2083,2245,2898,2423,1799,738,211,19,0,16269,16269,1493,1577,2133,2357,2696,2641,2000,847,415,106,4
인천광역시 남동구 구월2동(2820052000),35659,35659,3550,4352,4280,4472,6600,5745,4167,1750,630,105,8,17566,17566,1892,2242,2216,2098,3184,2860,1986,828,236,22,2,18093,18093,1658,2110,2064,2374,3416,2885,2181,922,394,83,6
인천광역시 남동구 구월3동(2820052100),29731,29731,1635,1789,6461,5686,4736,4463,3001,1374,519,66,1,14776,14776,860,930,2872,3055,2566,2214,1454,616,190,19,0,14955,14955,775,859,3589,2631,2170,2249,1547,758,329,47,1
인천광역시 남동구 구월4동(2820052200),14917,14917,623,1028,2157,1646,2234,2959,2370,1273,543,79,5,7531,7531,327,561,1112,944,1222,1487,1126,554,188,10,0,7386,7386,296,467,1045,702,1012,1472,1244,719,355,69,5
인천광역시 남동구 간석1동(2820053000),22231,22231,1151,1577,3121,3120,3376,3944,3265,1807,753,114,3,10932,10932,603,814,1598,1680,1764,1893,1524,791,249,16,0,11299,11299,548,763,1523,1440,1612,2051,1741,1016,504,98,3
인천광역시 남동구 간석2동(2820054000),22141,22141,1555,2097,2895,2747,3829,3796,3010,1536,568,106,2,11087,11087,801,1099,1505,1397,1962,1920,1466,707,198,32,0,11054,11054,754,998,1390,1350,1867,1876,1544,829,370,74,2
인천광역시 남동구 간석3동(2820055000),27967,27967,1559,2104,4001,3633,4243,5229,4219,2017,840,113,9,13958,13958,767,1064,2059,1917,2235,2620,2040,917,308,28,3,14009,14009,792,1040,1942,1716,2008,2609,2179,1100,532,85,6
인천광역시 남동구 간석4동(2820055100),28972,28972,1763,2351,4131,4079,4521,5172,4178,1855,787,124,11,14446,14446,888,1175,2136,2144,2318,2551,2065,880,263,24,2,14526,14526,875,1176,1995,1935,2203,2621,2113,975,524,100,9
인천광역시 남동구 만수1동(2820056000),17347,17347,839,1085,2291,2159,2426,3305,2849,1491,794,107,1,8440,8440,430,552,1186,1165,1244,1649,1358,604,232,20,0,8907,8907,409,533,1105,994,1182,1656,1491,887,562,87,1
인천광역시 남동구 만수2동(2820057000),24455,24455,1687,2464,3244,2907,4087,4316,3517,1579,558,93,3,11980,11980,861,1223,1693,1491,2041,2055,1645,745,206,19,1,12475,12475,826,1241,1551,1416,2046,2261,1872,834,352,74,2
인천광역시 남동구 만수3동(2820058000),17812,17812,1290,1618,2505,2186,2898,3171,2519,1151,408,63,3,8986,8986,672,824,1309,1176,1498,1559,1253,543,141,11,0,8826,8826,618,794,1196,1010,1400,1612,1266,608,267,52,3
인천광역시 남동구 만수4동(2820058100),21342,21342,1439,1899,2825,2814,3263,3774,3185,1400,645,93,5,10400,10400,717,1004,1511,1444,1595,1786,1472,661,190,19,1,10942,10942,722,895,1314,1370,1668,1988,1713,739,455,74,4
인천광역시 남동구 만수5동(2820058200),15468,15468,609,998,2133,1819,2059,3032,2743,1452,535,86,2,7748,7748,318,505,1139,1038,1106,1499,1283,640,207,13,0,7720,7720,291,493,994,781,953,1533,1460,812,328,73,2
인천광역시 남동구 만수6동(2820058300),24648,24648,1405,2297,3400,2837,3703,4791,3654,1598,809,150,4,12028,12028,742,1146,1806,1495,1751,2293,1814,707,246,28,0,12620,12620,663,1151,1594,1342,1952,2498,1840,891,563,122,4
인천광역시 남동구 장수서창동(2820065000),20183,20183,1582,2184,2353,2365,3412,3449,3007,1252,497,81,1,10058,10058,795,1139,1289,1200,1725,1661,1459,578,193,19,0,10125,10125,787,1045,1064,1165,1687,1788,1548,674,304,62,1
인천광역시 남동구 서창2동(2820065500),39743,39743,5821,3803,3763,7383,7594,4991,4136,1630,535,83,4,19740,19740,3008,2002,1872,3557,3965,2367,1997,791,172,8,1,20003,20003,2813,1801,1891,3826,3629,2624,2139,839,363,75,3
인천광역시 남동구 남촌도림동(2820066000),21130,21130,1235,1892,2838,2269,3295,4269,3179,1436,609,105,3,10833,10833,636,1015,1562,1211,1723,2168,1621,657,220,20,0,10297,10297,599,877,1276,1058,1572,2101,1558,779,389,85,3
인천광역시 남동구 논현1동(2820069000),32239,32239,2789,3544,4170,4505,5795,5541,3617,1517,651,110,0,16202,16202,1398,1824,2248,2361,2922,2788,1746,670,222,23,0,16037,16037,1391,1720,1922,2144,2873,2753,1871,847,429,87,0
인천광역시 남동구 논현2동(2820070000),32944,32944,2418,3315,4631,4581,5622,5639,3811,1884,909,124,10,16596,16596,1261,1719,2498,2535,2841,2796,1790,824,304,25,3,16348,16348,1157,1596,2133,2046,2781,2843,2021,1060,605,99,7
인천광역시 남동구 논현고잔동(2820071000),41656,41656,4330,5876,4817,5294,8721,6797,3676,1408,652,82,3,20552,20552,2211,2929,2498,2479,4202,3506,1859,638,213,17,0,21104,21104,2119,2947,2319,2815,4519,3291,1817,770,439,65,3
인천광역시 부평구 (2823700000),490968,490968,31886,42448,69129,66497,76219,89007,67999,31324,14231,2116,112,242605,242605,16283,21998,35512,34324,38411,43517,33104,14173,4831,431,21,248363,248363,15603,20450,33617,32173,37808,45490,34895,17151,9400,1685,91
인천광역시 부평구 부평1동(2823751000),37072,37072,2298,2882,5991,5911,5664,6166,4745,2173,1070,165,7,17841,17841,1156,1434,2862,3060,2783,2926,2205,980,395,39,1,19231,19231,1142,1448,3129,2851,2881,3240,2540,1193,675,126,6
인천광역시 부평구 부평2동(2823752000),15397,15397,823,1185,2082,2135,2395,2725,2262,1240,481,68,1,7670,7670,404,609,1088,1168,1257,1344,1039,575,169,17,0,7727,7727,419,576,994,967,1138,1381,1223,665,312,51,1
인천광역시 부평구 부평3동(2823753000),12935,12935,615,856,1642,1685,1870,2331,2166,1157,522,89,2,6443,6443,319,452,858,909,980,1165,1063,499,176,22,0,6492,6492,296,404,784,776,890,1166,1103,658,346,67,2
인천광역시 부평구 부평4동(2823754000),36317,36317,2458,2348,5832,6384,5538,6061,4498,2151,925,120,2,17973,17973,1260,1225,2878,3315,2835,2967,2160,969,340,23,1,18344,18344,1198,1123,2954,3069,2703,3094,2338,1182,585,97,1
인천광역시 부평구 부평5동(2823755000),32728,32728,2406,2283,5167,5898,5286,5293,3749,1747,768,121,10,16181,16181,1212,1142,2558,3155,2811,2524,1742,757,251,28,1,16547,16547,1194,1141,2609,2743,2475,2769,2007,990,517,93,9
인천광역시 부평구 부평6동(2823756000),15089,15089,1039,906,2131,2397,2235,2569,2187,1035,519,61,10,7456,7456,564,471,1028,1214,1204,1236,1064,472,193,9,1,7633,7633,475,435,1103,1183,1031,1333,1123,563,326,52,9
인천광역시 부평구 산곡1동(2823757000),13261,13261,640,1011,1681,1597,1832,2528,2277,1110,497,85,3,6704,6704,344,528,931,866,948,1303,1089,520,159,16,0,6557,6557,296,483,750,731,884,1225,1188,590,338,69,3
인천광역시 부평구 산곡2동(2823758000),31576,31576,2644,3768,4049,3671,5491,5628,3890,1643,680,109,3,15535,15535,1343,1982,2108,1757,2654,2721,1925,791,230,23,1,16041,16041,1301,1786,1941,1914,2837,2907,1965,852,450,86,2
인천광역시 부평구 산곡3동(2823758100),22270,22270,1185,2012,2899,2314,3104,4023,3643,1913,990,173,14,10843,10843,626,1074,1557,1189,1532,1910,1715,879,325,34,2,11427,11427,559,938,1342,1125,1572,2113,1928,1034,665,139,12
인천광역시 부평구 산곡4동(2823758200),17962,17962,1194,1723,2622,2146,2741,3374,2440,1059,576,87,0,8567,8567,612,883,1339,1041,1291,1542,1187,462,193,17,0,9395,9395,582,840,1283,1105,1450,1832,1253,597,383,70,0
인천광역시 부평구 청천1동(2823759100),7005,7005,330,503,908,810,1061,1468,1184,504,188,37,12,3740,3740,159,253,508,448,601,815,645,246,54,7,4,3265,3265,171,250,400,362,460,653,539,258,134,30,8
인천광역시 부평구 청천2동(2823759200),35076,35076,2734,2965,4860,5226,5286,6391,4714,1914,874,108,4,17544,17544,1417,1567,2507,2693,2722,3134,2305,863,315,19,2,17532,17532,1317,1398,2353,2533,2564,3257,2409,1051,559,89,2
인천광역시 부평구 갈산1동(2823764100),16367,16367,841,1241,2559,2174,2339,3258,2407,1049,433,64,2,8263,8263,409,697,1369,1170,1220,1592,1178,472,150,6,0,8104,8104,432,544,1190,1004,1119,1666,1229,577,283,58,2
인천광역시 부평구 갈산2동(2823764200),19060,19060,1154,1437,2494,2682,2485,3521,3182,1345,636,119,5,9272,9272,579,762,1290,1368,1260,1602,1584,626,175,23,3,9788,9788,575,675,1204,1314,1225,1919,1598,719,461,96,2
인천광역시 부평구 삼산1동(2823764600),34020,34020,2318,3522,4716,3874,5608,6511,4365,1901,1028,173,4,16674,16674,1201,1790,2499,1973,2698,3238,2155,805,278,37,0,17346,17346,1117,1732,2217,1901,2910,3273,2210,1096,750,136,4
인천광역시 부평구 삼산2동(2823764800),29205,29205,2388,4164,3748,2962,5725,5335,2962,1235,577,106,3,14169,14169,1203,2135,1921,1410,2618,2692,1474,514,189,13,0,15036,15036,1185,2029,1827,1552,3107,2643,1488,721,388,93,3
인천광역시 부평구 부개1동(2823765000),16385,16385,827,1075,2101,2008,2358,2913,2881,1564,585,70,3,8227,8227,416,565,1108,1076,1290,1456,1359,729,208,20,0,8158,8158,411,510,993,932,1068,1457,1522,835,377,50,3
인천광역시 부평구 부개2동(2823766000),18931,18931,1314,1720,2574,2587,2982,3396,2564,1212,525,51,6,9220,9220,650,852,1322,1290,1484,1615,1232,569,190,13,3,9711,9711,664,868,1252,1297,1498,1781,1332,643,335,38,3
인천광역시 부평구 부개3동(2823766100),31575,31575,1864,3263,4771,4013,5152,6145,3836,1623,784,121,3,15236,15236,953,1651,2415,1956,2445,2907,1918,723,241,27,0,16339,16339,911,1612,2356,2057,2707,3238,1918,900,543,94,3
인천광역시 부평구 일신동(2823767000),12687,12687,1033,1036,1593,1777,1798,2160,2053,855,338,43,1,6512,6512,549,560,899,952,957,1025,1037,403,121,9,0,6175,6175,484,476,694,825,841,1135,1016,452,217,34,1
인천광역시 부평구 십정1동(2823768000),12679,12679,666,1004,1645,1346,1893,2485,2064,1049,465,59,3,6453,6453,363,529,876,715,972,1319,1020,465,180,14,0,6226,6226,303,475,769,631,921,1166,1044,584,285,45,3
인천광역시 부평구 십정2동(2823769000),23371,23371,1115,1544,3064,2900,3376,4726,3930,1845,770,87,14,12082,12082,544,837,1591,1599,1849,2484,2008,854,299,15,2,11289,11289,571,707,1473,1301,1527,2242,1922,991,471,72,12
인천광역시 계양구 (2824500000),296947,296947,18222,26273,43733,37879,45455,60278,40901,15602,7426,1152,26,147993,147993,9269,13480,22905,19748,22651,29327,20939,7025,2401,241,7,148954,148954,8953,12793,20828,18131,22804,30951,19962,8577,5025,911,19
인천광역시 계양구 효성1동(2824560100),24832,24832,1287,2209,3520,2748,3555,5140,3962,1571,736,99,5,12495,12495,642,1166,1909,1426,1776,2549,2019,730,250,27,1,12337,12337,645,1043,1611,1322,1779,2591,1943,841,486,72,4
인천광역시 계양구 효성2동(2824560200),29496,29496,1872,2708,4227,3474,4396,5993,4368,1692,685,79,2,14928,14928,965,1397,2312,1850,2207,2904,2229,805,243,16,0,14568,14568,907,1311,1915,1624,2189,3089,2139,887,442,63,2
인천광역시 계양구 계산1동(2824561100),19574,19574,780,1237,2941,2517,2697,4211,3231,1301,591,66,2,10286,10286,421,640,1594,1428,1466,2248,1677,613,187,12,0,9288,9288,359,597,1347,1089,1231,1963,1554,688,404,54,2
인천광역시 계양구 계산2동(2824561200),15953,15953,616,958,2487,2105,2044,3419,2751,1062,430,79,2,7904,7904,293,503,1260,1157,1039,1629,1378,488,143,14,0,8049,8049,323,455,1227,948,1005,1790,1373,574,287,65,2
인천광역시 계양구 계산3동(2824561300),19481,19481,894,1491,3331,2853,2522,4274,2845,776,421,73,1,9356,9356,456,787,1719,1440,1120,1905,1452,345,116,15,1,10125,10125,438,704,1612,1413,1402,2369,1393,431,305,58,0
인천광역시 계양구 계산4동(2824561400),23317,23317,1502,2526,3844,2618,3894,5161,2530,641,482,116,3,11770,11770,758,1306,1979,1345,1911,2552,1457,300,144,17,1,11547,11547,744,1220,1865,1273,1983,2609,1073,341,338,99,2
인천광역시 계양구 작전1동(2824562100),28306,28306,1766,2732,4274,3496,4408,5663,3861,1381,633,91,1,13933,13933,882,1384,2252,1779,2134,2717,1949,627,182,26,1,14373,14373,884,1348,2022,1717,2274,2946,1912,754,451,65,0
인천광역시 계양구 작전2동(2824562200),20293,20293,1017,1421,2983,2800,2708,4118,3282,1311,571,80,2,10050,10050,501,723,1514,1533,1402,1938,1627,585,211,15,1,10243,10243,516,698,1469,1267,1306,2180,1655,726,360,65,1
인천광역시 계양구 작전서운동(2824564000),34795,34795,2645,3638,5221,4711,5842,6982,3602,1307,714,129,4,17328,17328,1349,1815,2756,2443,2817,3454,1897,555,218,23,1,17467,17467,1296,1823,2465,2268,3025,3528,1705,752,496,106,3
인천광역시 계양구 계양1동(2824571000),21242,21242,1457,1765,2993,2567,3200,4242,3019,1268,623,108,0,10503,10503,765,907,1518,1311,1600,2047,1552,558,225,20,0,10739,10739,692,858,1475,1256,1600,2195,1467,710,398,88,0
인천광역시 계양구 계양2동(2824572000),33714,33714,1671,2704,5041,4300,5025,7068,4561,2120,1064,156,4,16675,16675,845,1361,2665,2278,2485,3451,2352,884,318,35,1,17039,17039,826,1343,2376,2022,2540,3617,2209,1236,746,121,3
인천광역시 계양구 계양3동(2824573000),25944,25944,2715,2884,2871,3690,5164,4007,2889,1172,476,76,0,12765,12765,1392,1491,1427,1758,2694,1933,1350,535,164,21,0,13179,13179,1323,1393,1444,1932,2470,2074,1539,637,312,55,0
인천광역시 서구 (2826000000),540532,540532,48591,56265,71827,78137,95050,93279,60545,24561,10481,1722,74,273007,273007,25144,28798,37298,39950,48508,47297,30846,11366,3445,332,23,267525,267525,23447,27467,34529,38187,46542,45982,29699,13195,7036,1390,51
인천광역시 서구 검암경서동(2826051500),45620,45620,4483,4433,6420,8186,8481,6941,4175,1746,645,106,4,23171,23171,2337,2328,3280,4198,4422,3474,2079,810,222,19,2,22449,22449,2146,2105,3140,3988,4059,3467,2096,936,423,87,2
인천광역시 서구 연희동(2826053000),41085,41085,2318,3456,6496,4911,6155,8626,5505,2256,1149,201,12,20933,20933,1169,1787,3532,2639,3151,4347,2880,980,398,46,4,20152,20152,1149,1669,2964,2272,3004,4279,2625,1276,751,155,8
인천광역시 서구 청라1동(2826053600),31455,31455,3799,4402,3936,5678,6505,4135,1972,676,309,41,2,15668,15668,2009,2203,1907,2832,3185,2142,997,286,103,4,0,15787,15787,1790,2199,2029,2846,3320,1993,975,390,206,37,2
인천광역시 서구 청라2동(2826053700),48799,48799,6611,6405,5652,8042,10115,6690,3602,1145,449,83,5,24268,24268,3462,3283,2842,3772,5009,3359,1831,545,151,14,0,24531,24531,3149,3122,2810,4270,5106,3331,1771,600,298,69,5
인천광역시 서구 청라3동(2826053900),30811,30811,4703,3911,3346,5577,6311,3993,2114,589,217,49,1,15283,15283,2401,1990,1675,2612,3176,1981,1107,278,55,7,1,15528,15528,2302,1921,1671,2965,3135,2012,1007,311,162,42,0
인천광역시 서구 가정1동(2826054200),28229,28229,3251,2145,3440,4805,4582,4606,3439,1334,524,100,3,14166,14166,1724,1108,1737,2389,2423,2275,1717,621,156,15,1,14063,14063,1527,1037,1703,2416,2159,2331,1722,713,368,85,2
인천광역시 서구 가정2동(2826054300),6598,6598,327,396,1035,918,818,1586,1053,288,135,36,6,3460,3460,160,199,584,502,464,804,565,142,32,5,3,3138,3138,167,197,451,416,354,782,488,146,103,31,3
인천광역시 서구 가정3동(2826054400),9796,9796,446,741,1570,1200,1297,2234,1523,497,253,32,3,4904,4904,216,385,812,675,659,1054,806,216,74,4,3,4892,4892,230,356,758,525,638,1180,717,281,179,28,0
인천광역시 서구 석남1동(2826055000),22604,22604,1179,1558,3188,2956,3186,4668,3659,1521,588,97,4,11636,11636,605,816,1729,1672,1750,2339,1824,720,158,21,2,10968,10968,574,742,1459,1284,1436,2329,1835,801,430,76,2
인천광역시 서구 석남2동(2826056000),13272,13272,662,913,1715,1530,1875,2685,2366,1058,399,68,1,6923,6923,337,489,969,858,1022,1377,1218,506,132,15,0,6349,6349,325,424,746,672,853,1308,1148,552,267,53,1
인천광역시 서구 석남3동(2826056100),14029,14029,581,1207,2133,1527,2049,2930,2190,947,408,55,2,7076,7076,333,582,1142,873,1061,1449,1089,424,116,7,0,6953,6953,248,625,991,654,988,1481,1101,523,292,48,2
인천광역시 서구 신현원창동(2826057500),31920,31920,2703,2972,4200,4400,4954,5929,4470,1620,568,100,4,15951,15951,1377,1464,2170,2237,2537,2925,2254,790,184,13,0,15969,15969,1326,1508,2030,2163,2417,3004,2216,830,384,87,4
인천광역시 서구 가좌1동(2826058000),12255,12255,617,876,1725,1563,1839,2520,1861,859,351,41,3,6538,6538,323,455,934,912,1039,1373,986,385,118,11,2,5717,5717,294,421,791,651,800,1147,875,474,233,30,1
인천광역시 서구 가좌2동(2826059000),20268,20268,1350,1902,2886,2516,3012,3949,2979,1076,504,91,3,9886,9886,705,960,1512,1277,1421,1860,1476,505,150,19,1,10382,10382,645,942,1374,1239,1591,2089,1503,571,354,72,2
인천광역시 서구 가좌3동(2826060000),16547,16547,651,1228,2369,1801,2253,3362,2921,1280,580,99,3,8414,8414,331,642,1256,1005,1167,1675,1486,627,202,23,0,8133,8133,320,586,1113,796,1086,1687,1435,653,378,76,3
인천광역시 서구 가좌4동(2826061000),10727,10727,768,788,1303,1622,1585,1944,1722,645,293,55,2,5537,5537,376,428,664,855,849,1003,933,328,87,14,0,5190,5190,392,360,639,767,736,941,789,317,206,41,2
인천광역시 서구 검단동(2826068000),32949,32949,2623,3431,4691,4587,5817,5827,3639,1585,657,87,5,17047,17047,1378,1745,2494,2514,3015,3055,1882,737,212,14,1,15902,15902,1245,1686,2197,2073,2802,2772,1757,848,445,73,4
인천광역시 서구 불로대곡동(2826069000),22721,22721,1850,2791,2837,2507,4447,4000,2273,1322,630,61,3,11537,11537,947,1437,1530,1285,2234,2147,1109,582,247,18,1,11184,11184,903,1354,1307,1222,2213,1853,1164,740,383,43,2
인천광역시 서구 원당동(2826070000),24597,24597,2465,3540,2779,3234,5545,3753,1822,976,413,67,3,12456,12456,1296,1819,1449,1565,2770,2092,861,437,154,13,0,12141,12141,1169,1721,1330,1669,2775,1661,961,539,259,54,3
인천광역시 서구 당하동(2826071000),28186,28186,2862,3274,3816,4454,5441,4597,2304,934,435,68,1,14039,14039,1443,1690,1900,2223,2704,2342,1141,403,172,20,1,14147,14147,1419,1584,1916,2231,2737,2255,1163,531,263,48,0
인천광역시 서구 오류왕길동(2826072000),24985,24985,2280,2663,3141,3285,4415,4422,2892,1224,546,113,4,12734,12734,1147,1380,1614,1664,2295,2281,1573,586,176,17,1,12251,12251,1133,1283,1527,1621,2120,2141,1319,638,370,96,3
인천광역시 서구 마전동(2826073000),23079,23079,2062,3233,3149,2838,4368,3882,2064,983,428,72,0,11380,11380,1068,1608,1566,1391,2155,1943,1032,458,146,13,0,11699,11699,994,1625,1583,1447,2213,1939,1032,525,282,59,0
인천광역시 서구검단출장소 (2826500000),0,0,0,0,0,0,0,0,0,0,0,0,0,0,0,0,0,0,0,0,0,0,0,0,0,0,0,0,0,0,0,0,0,0,0,0,0,0,0
인천광역시 강화군 (2871000000),69089,69089,3300,4547,5207,5281,7678,11764,14707,9988,5757,840,20,34557,34557,1743,2327,2955,2769,4168,6040,7339,4720,2288,202,6,34532,34532,1557,2220,2252,2512,3510,5724,7368,5268,3469,638,14
인천광역시 강화군 강화읍(2871025000),22550,22550,1465,2151,2237,2087,3190,3741,3739,2458,1317,161,4,11131,11131,796,1074,1249,1073,1622,1907,1792,1093,485,39,1,11419,11419,669,1077,988,1014,1568,1834,1947,1365,832,122,3
인천광역시 강화군 선원면(2871031000),7870,7870,500,665,704,654,1102,1315,1467,878,500,85,0,3893,3893,238,337,391,323,565,676,722,424,196,21,0,3977,3977,262,328,313,331,537,639,745,454,304,64,0
인천광역시 강화군 불은면(2871032000),4913,4913,171,217,315,334,418,843,1266,777,476,94,2,2469,2469,80,111,180,174,241,426,643,403,188,21,2,2444,2444,91,106,135,160,177,417,623,374,288,73,0
인천광역시 강화군 길상면(2871033000),7037,7037,299,393,492,608,747,1308,1695,956,453,84,2,3533,3533,155,199,291,311,422,641,846,466,187,13,2,3504,3504,144,194,201,297,325,667,849,490,266,71,0
인천광역시 강화군 화도면(2871034000),4531,4531,141,202,253,322,390,770,1203,772,402,75,1,2306,2306,67,120,141,188,230,366,626,376,171,21,0,2225,2225,74,82,112,134,160,404,577,396,231,54,1
인천광역시 강화군 양도면(2871035000),4282,4282,168,221,245,268,407,738,1012,708,436,75,4,2144,2144,90,118,141,148,227,390,513,324,173,20,0,2138,2138,78,103,104,120,180,348,499,384,263,55,4
인천광역시 강화군 내가면(2871036000),3044,3044,83,111,157,183,259,514,791,593,324,27,2,1500,1500,52,55,93,97,146,251,389,282,125,9,1,1544,1544,31,56,64,86,113,263,402,311,199,18,1
인천광역시 강화군 하점면(2871037000),3991,3991,123,150,213,235,330,622,957,771,533,56,1,2038,2038,67,80,136,121,193,335,502,368,227,9,0,1953,1953,56,70,77,114,137,287,455,403,306,47,1
인천광역시 강화군 양사면(2871038000),1866,1866,67,70,86,75,143,334,452,365,243,31,0,914,914,34,33,50,35,79,186,225,163,104,5,0,952,952,33,37,36,40,64,148,227,202,139,26,0
인천광역시 강화군 송해면(2871039000),3231,3231,127,137,199,215,272,546,712,590,380,51,2,1624,1624,67,68,108,125,171,303,342,291,134,15,0,1607,1607,60,69,91,90,101,243,370,299,246,36,2
인천광역시 강화군 교동면(2871040000),2880,2880,72,105,164,149,197,524,663,593,365,47,1,1491,1491,42,54,100,85,130,288,338,281,158,15,0,1389,1389,30,51,64,64,67,236,325,312,207,32,1
인천광역시 강화군 삼산면(2871041000),2235,2235,68,105,110,122,189,391,564,397,250,38,1,1170,1170,46,67,61,73,118,203,303,180,110,9,0,1065,1065,22,38,49,49,71,188,261,217,140,29,1
인천광역시 강화군 서도면(2871042000),389,389,9,17,24,21,21,72,101,66,49,9,0,198,198,5,10,10,11,14,42,49,38,16,3,0,191,191,4,7,14,10,7,30,52,28,33,6,0
인천광역시 강화군 서도면볼음출장소(2871042500),270,270,7,3,8,8,13,46,85,64,29,7,0,146,146,4,1,4,5,10,26,49,31,14,2,0,124,124,3,2,4,3,3,20,36,33,15,5,0
인천광역시 옹진군 (2872000000),20314,20314,917,1068,2620,1852,2334,3559,4180,2384,1142,245,13,11528,11528,467,576,1899,1138,1463,2060,2261,1193,417,50,4,8786,8786,450,492,721,714,871,1499,1919,1191,725,195,9
인천광역시 옹진군 북도면(2872031000),1159,1159,34,45,85,73,118,196,340,165,83,17,3,610,610,15,21,49,41,64,112,186,89,29,3,1,549,549,19,24,36,32,54,84,154,76,54,14,2
인천광역시 옹진군 북도면장봉출장소(2872031500),991,991,24,27,52,57,113,204,274,161,58,19,2,520,520,13,15,28,34,69,118,140,84,18,0,1,471,471,11,12,24,23,44,86,134,77,40,19,1
인천광역시 옹진군 백령면(2872033000),5061,5061,337,279,992,588,628,700,791,426,255,62,3,2960,2960,175,130,779,343,405,402,418,205,85,17,1,2101,2101,162,149,213,245,223,298,373,221,170,45,2
인천광역시 옹진군 대청면(2872034000),1217,1217,54,62,182,127,115,204,236,157,68,12,0,700,700,27,33,132,81,78,108,139,64,33,5,0,517,517,27,29,50,46,37,96,97,93,35,7,0
인천광역시 옹진군 대청면소청출장소(2872034500),225,225,2,9,35,15,16,26,49,53,17,3,0,140,140,0,8,29,13,14,16,29,24,7,0,0,85,85,2,1,6,2,2,10,20,29,10,3,0
인천광역시 옹진군 덕적면(2872035000),1875,1875,42,82,131,89,152,362,471,337,170,38,1,1013,1013,18,43,82,52,92,228,264,164,63,7,0,862,862,24,39,49,37,60,134,207,173,107,31,1
인천광역시 옹진군 영흥면(2872036000),6443,6443,288,403,577,615,818,1285,1385,727,295,47,3,3600,3600,150,235,381,382,485,712,754,380,112,8,1,2843,2843,138,168,196,233,333,573,631,347,183,39,2
인천광역시 옹진군 자월면(2872037000),931,931,23,30,79,40,86,196,228,151,83,14,1,504,504,14,16,46,23,59,122,118,73,31,2,0,427,427,9,14,33,17,27,74,110,78,52,12,1
인천광역시 옹진군 자월면이작출장소(2872037500),381,381,13,18,27,20,37,72,88,65,30,11,0,197,197,8,9,12,14,19,45,45,36,8,1,0,184,184,5,9,15,6,18,27,43,29,22,10,0
인천광역시 옹진군 연평면(2872038000),2031,2031,100,113,460,228,251,314,318,142,83,22,0,1284,1284,47,66,361,155,178,197,168,74,31,7,0,747,747,53,47,99,73,73,117,150,68,52,15,0
광주광역시  (2900000000),1444787,1444787,117272,154930,208208,183705,239431,233781,166786,93666,40716,6001,291,714834,714834,60215,80270,108762,93897,118857,116033,79467,41574,14442,1280,37,729953,729953,57057,74660,99446,89808,120574,117748,87319,52092,26274,4721,254
광주광역시 동구 (2911000000),102939,102939,7214,7315,14720,13420,14019,15535,14911,10321,4756,680,48,50783,50783,3732,3765,7531,6978,7291,7684,7027,4572,1999,190,14,52156,52156,3482,3550,7189,6442,6728,7851,7884,5749,2757,490,34
광주광역시 동구 충장동(2911052500),4519,4519,63,140,1096,614,500,647,757,477,189,34,2,2309,2309,34,62,430,349,312,371,398,256,86,11,0,2210,2210,29,78,666,265,188,276,359,221,103,23,2
광주광역시 동구 동명동(2911054500),3847,3847,86,199,773,423,487,500,580,515,245,37,2,1936,1936,40,106,392,248,258,264,278,216,126,8,0,1911,1911,46,93,381,175,229,236,302,299,119,29,2
광주광역시 동구 계림1동(2911056000),10569,10569,885,623,1352,1781,1462,1664,1471,913,356,57,5,5506,5506,454,328,711,970,802,916,734,438,141,12,0,5063,5063,431,295,641,811,660,748,737,475,215,45,5
광주광역시 동구 계림2동(2911057000),8618,8618,885,763,930,1157,1316,1161,1058,866,429,50,3,4172,4172,460,406,498,574,636,570,476,348,187,16,1,4446,4446,425,357,432,583,680,591,582,518,242,34,2
광주광역시 동구 산수1동(2911059000),8755,8755,531,634,1189,1121,1226,1430,1246,903,416,57,2,4362,4362,272,333,635,594,653,725,591,387,156,16,0,4393,4393,259,301,554,527,573,705,655,516,260,41,2
광주광역시 동구 산수2동(2911060000),10317,10317,599,796,1328,1059,1366,1726,1682,1171,533,56,1,5021,5021,301,411,682,541,712,826,778,518,233,19,0,5296,5296,298,385,646,518,654,900,904,653,300,37,1
광주광역시 동구 지산1동(2911062000),4356,4356,180,333,890,460,568,620,609,444,216,30,6,2194,2194,110,167,471,265,298,307,283,193,92,5,3,2162,2162,70,166,419,195,270,313,326,251,124,25,3
광주광역시 동구 지산2동(2911063000),4675,4675,201,359,929,424,587,741,631,487,271,42,3,2388,2388,118,197,510,225,310,378,308,202,123,16,1,2287,2287,83,162,419,199,277,363,323,285,148,26,2
광주광역시 동구 서남동(2911065500),3161,3161,85,138,841,379,335,414,462,328,156,20,3,1655,1655,44,60,441,220,205,231,223,150,72,7,2,1506,1506,41,78,400,159,130,183,239,178,84,13,1
광주광역시 동구 학동(2911068500),7922,7922,737,556,1089,1103,1113,1181,1022,762,319,37,3,3792,3792,389,272,523,535,585,573,459,320,126,9,1,4130,4130,348,284,566,568,528,608,563,442,193,28,2
광주광역시 동구 학운동(2911071000),11734,11734,599,945,1362,1077,1456,1829,2025,1506,807,121,7,5559,5559,306,498,721,543,691,844,909,657,347,40,3,6175,6175,293,447,641,534,765,985,1116,849,460,81,4
광주광역시 동구 지원1동(2911073000),7929,7929,530,642,925,989,1087,1251,1308,818,323,54,2,3851,3851,286,329,476,509,562,580,608,365,122,14,0,4078,4078,244,313,449,480,525,671,700,453,201,40,2
광주광역시 동구 지원2동(2911074000),16537,16537,1833,1187,2016,2833,2516,2371,2060,1131,496,85,9,8038,8038,918,596,1041,1405,1267,1099,982,522,188,17,3,8499,8499,915,591,975,1428,1249,1272,1078,609,308,68,6
광주광역시 서구 (2914000000),294128,294128,21096,30813,45126,35985,48044,49373,34908,19275,8241,1219,48,144117,144117,10939,16248,23104,18213,23183,24215,16384,8571,2985,270,5,150011,150011,10157,14565,22022,17772,24861,25158,18524,10704,5256,949,43
광주광역시 서구 양동(2914057500),3938,3938,101,147,417,348,436,633,778,734,305,36,3,1948,1948,56,78,232,192,261,340,359,295,126,8,1,1990,1990,45,69,185,156,175,293,419,439,179,28,2
광주광역시 서구 양3동(2914059000),4708,4708,375,362,483,590,729,675,771,512,185,26,0,2304,2304,202,198,267,288,408,329,327,215,66,4,0,2404,2404,173,164,216,302,321,346,444,297,119,22,0
광주광역시 서구 농성1동(2914065000),10986,10986,571,640,1628,1542,1513,1743,1563,1203,509,69,5,5436,5436,288,370,784,823,780,900,703,569,204,14,1,5550,5550,283,270,844,719,733,843,860,634,305,55,4
광주광역시 서구 농성2동(2914066000),4998,4998,168,244,851,586,664,865,807,533,252,28,0,2605,2605,92,148,442,339,374,441,391,261,112,5,0,2393,2393,76,96,409,247,290,424,416,272,140,23,0
광주광역시 서구 광천동(2914073000),8437,8437,550,592,1108,999,1293,1584,1243,718,300,46,4,4328,4328,308,296,580,538,721,808,617,345,103,12,0,4109,4109,242,296,528,461,572,776,626,373,197,34,4
광주광역시 서구 유덕동(2914074000),10663,10663,841,1242,1683,1401,1879,1799,938,547,288,45,0,5424,5424,466,629,893,757,946,962,448,205,107,11,0,5239,5239,375,613,790,644,933,837,490,342,181,34,0
광주광역시 서구 치평동(2914074500),30472,30472,2142,3052,5473,4305,4920,5367,2846,1505,770,89,3,14581,14581,1067,1591,2627,2138,2237,2562,1409,630,290,29,1,15891,15891,1075,1461,2846,2167,2683,2805,1437,875,480,60,2
광주광역시 서구 상무1동(2914075100),24970,24970,1614,2431,4766,3567,3938,3979,2662,1433,496,80,4,12468,12468,794,1201,2432,1896,1991,1996,1249,702,187,20,0,12502,12502,820,1230,2334,1671,1947,1983,1413,731,309,60,4
광주광역시 서구 상무2동(2914075200),23947,23947,1170,1671,4423,2938,3199,4049,3423,2076,865,125,8,11664,11664,620,873,2141,1580,1635,1991,1616,897,285,26,0,12283,12283,550,798,2282,1358,1564,2058,1807,1179,580,99,8
광주광역시 서구 화정1동(2914076000),15787,15787,863,1085,3100,2348,2237,2344,1896,1226,600,87,1,7506,7506,451,560,1376,1195,1179,1135,813,531,245,21,0,8281,8281,412,525,1724,1153,1058,1209,1083,695,355,66,1
광주광역시 서구 화정2동(2914077000),20855,20855,2372,2414,2420,2956,3698,2914,2415,1204,387,74,1,10455,10455,1256,1429,1295,1423,1835,1404,1103,554,141,15,0,10400,10400,1116,985,1125,1533,1863,1510,1312,650,246,59,1
광주광역시 서구 화정3동(2914078000),10218,10218,548,1006,1547,1068,1386,1736,1620,862,371,71,3,5033,5033,292,561,859,554,683,798,739,394,138,15,0,5185,5185,256,445,688,514,703,938,881,468,233,56,3
광주광역시 서구 화정4동(2914079000),15629,15629,1062,1552,2170,1680,2187,2639,2628,1157,478,73,3,7548,7548,563,855,1171,855,1008,1155,1221,537,168,15,0,8081,8081,499,697,999,825,1179,1484,1407,620,310,58,3
광주광역시 서구 서창동(2914080000),5893,5893,390,409,723,694,737,1196,957,485,253,47,2,3041,3041,204,216,386,372,388,649,506,238,75,7,0,2852,2852,186,193,337,322,349,547,451,247,178,40,2
광주광역시 서구 금호1동(2914082100),20257,20257,1232,2086,2938,2013,2930,3884,3011,1422,655,84,2,9626,9626,648,1130,1548,981,1303,1768,1428,616,190,14,0,10631,10631,584,956,1390,1032,1627,2116,1583,806,465,70,2
광주광역시 서구 금호2동(2914082400),28887,28887,2593,4304,4047,3135,5584,5115,2390,1144,491,77,7,14149,14149,1358,2183,2201,1486,2496,2573,1135,518,181,17,1,14738,14738,1235,2121,1846,1649,3088,2542,1255,626,310,60,6
광주광역시 서구 풍암동(2914083000),37261,37261,2950,5135,5468,4126,7348,6324,3272,1741,785,111,1,18314,18314,1501,2709,2856,2035,3383,3174,1604,733,291,27,1,18947,18947,1449,2426,2612,2091,3965,3150,1668,1008,494,84,0
광주광역시 서구 동천동(2914084000),16222,16222,1554,2441,1881,1689,3366,2527,1688,773,251,51,1,7687,7687,773,1221,1014,761,1555,1230,716,331,76,10,0,8535,8535,781,1220,867,928,1811,1297,972,442,175,41,1
광주광역시 남구 (2915500000),213698,213698,17141,22600,27665,25118,34067,32768,28322,17379,7452,1147,39,102854,102854,8745,11288,14244,12491,16803,15532,12988,7764,2746,248,5,110844,110844,8396,11312,13421,12627,17264,17236,15334,9615,4706,899,34
광주광역시 남구 양림동(2915551000),7140,7140,472,739,806,678,1045,1106,1014,855,366,58,1,3277,3277,237,366,402,331,509,491,428,361,136,15,1,3863,3863,235,373,404,347,536,615,586,494,230,43,0
광주광역시 남구 방림1동(2915552000),6882,6882,531,670,844,843,1106,997,929,662,266,28,6,3283,3283,270,326,440,414,548,483,400,292,99,9,2,3599,3599,261,344,404,429,558,514,529,370,167,19,4
광주광역시 남구 방림2동(2915553000),9037,9037,464,764,1223,887,1225,1487,1415,1054,447,69,2,4274,4274,237,390,619,472,604,691,622,465,158,16,0,4763,4763,227,374,604,415,621,796,793,589,289,53,2
광주광역시 남구 봉선1동(2915553700),13716,13716,833,1316,1981,1540,2119,2131,1944,1145,599,105,3,6462,6462,441,655,998,782,1031,962,878,485,204,26,0,7254,7254,392,661,983,758,1088,1169,1066,660,395,79,3
광주광역시 남구 봉선2동(2915553800),28992,28992,2904,4906,3311,2762,5630,4274,2927,1450,702,124,2,13594,13594,1439,2470,1732,1225,2540,1971,1307,634,250,26,0,15398,15398,1465,2436,1579,1537,3090,2303,1620,816,452,98,2
광주광역시 남구 사직동(2915554500),5288,5288,268,279,658,631,738,878,838,678,287,33,0,2732,2732,135,156,346,345,420,491,404,308,118,9,0,2556,2556,133,123,312,286,318,387,434,370,169,24,0
광주광역시 남구 월산동(2915560500),7235,7235,354,396,836,781,957,1202,1169,1045,431,64,0,3713,3713,179,208,478,432,581,647,562,454,158,14,0,3522,3522,175,188,358,349,376,555,607,591,273,50,0
광주광역시 남구 월산4동(2915563000),8736,8736,339,579,1166,1042,1193,1489,1540,972,363,51,2,4484,4484,171,314,636,594,686,751,731,454,133,14,0,4252,4252,168,265,530,448,507,738,809,518,230,37,2
광주광역시 남구 월산5동(2915564000),6476,6476,245,346,952,732,819,1170,1226,688,263,35,0,3235,3235,124,177,508,414,474,555,577,308,92,6,0,3241,3241,121,169,444,318,345,615,649,380,171,29,0
광주광역시 남구 백운1동(2915567000),12380,12380,972,1125,1504,1461,1884,1889,1861,1127,472,83,2,5883,5883,511,545,776,722,930,875,828,480,193,23,0,6497,6497,461,580,728,739,954,1014,1033,647,279,60,2
광주광역시 남구 백운2동(2915568000),6447,6447,464,440,968,908,893,945,908,639,250,31,1,3175,3175,250,214,442,473,488,477,419,299,108,5,0,3272,3272,214,226,526,435,405,468,489,340,142,26,1
광주광역시 남구 주월1동(2915569000),20381,20381,1486,2087,2972,2351,3171,3377,2746,1540,567,80,4,9888,9888,762,1067,1513,1196,1563,1571,1293,696,218,8,1,10493,10493,724,1020,1459,1155,1608,1806,1453,844,349,72,3
광주광역시 남구 주월2동(2915570000),8198,8198,482,576,1099,891,1108,1406,1407,881,306,41,1,4070,4070,235,292,599,485,569,662,667,421,127,13,0,4128,4128,247,284,500,406,539,744,740,460,179,28,1
광주광역시 남구 효덕동(2915571000),45836,45836,3810,5873,6380,5254,7755,6855,5356,3080,1270,196,7,21637,21637,1898,2853,3224,2476,3617,3190,2428,1414,490,47,0,24199,24199,1912,3020,3156,2778,4138,3665,2928,1666,780,149,7
광주광역시 남구 송암동(2915572000),20634,20634,3117,2116,2425,3772,3612,2581,1854,751,330,74,2,10009,10009,1628,1071,1221,1806,1790,1205,836,343,101,8,0,10625,10625,1489,1045,1204,1966,1822,1376,1018,408,229,66,2
광주광역시 남구 대촌동(2915573000),6320,6320,400,388,540,585,812,981,1188,812,533,75,6,3138,3138,228,184,310,324,453,510,608,350,161,9,1,3182,3182,172,204,230,261,359,471,580,462,372,66,5
광주광역시 북구 (2917000000),429159,429159,32880,42288,61955,55205,67113,71512,54368,29557,12394,1782,105,213032,213032,16836,22278,32653,28718,33662,35048,25843,13261,4372,353,8,216127,216127,16044,20010,29302,26487,33451,36464,28525,16296,8022,1429,97
광주광역시 북구 중흥1동(2917051000),4966,4966,226,188,958,959,617,673,682,455,183,22,3,2561,2561,109,106,417,509,376,382,366,213,73,8,2,2405,2405,117,82,541,450,241,291,316,242,110,14,1
광주광역시 북구 중흥2동(2917052000),6800,6800,265,458,1326,786,864,983,984,757,332,43,2,3473,3473,136,230,684,464,459,520,482,334,146,18,0,3327,3327,129,228,642,322,405,463,502,423,186,25,2
광주광역시 북구 중흥3동(2917053000),4877,4877,264,305,916,704,721,658,647,457,184,17,4,2560,2560,142,165,473,413,416,365,313,195,73,5,0,2317,2317,122,140,443,291,305,293,334,262,111,12,4
광주광역시 북구 중앙동(2917055500),3205,3205,79,111,494,418,385,559,568,381,165,40,5,1693,1693,44,48,236,245,239,328,300,179,64,9,1,1512,1512,35,63,258,173,146,231,268,202,101,31,4
광주광역시 북구 임동(2917057000),7902,7902,528,552,987,1104,1148,1206,1179,851,299,45,3,3899,3899,280,292,494,551,617,612,521,389,135,8,0,4003,4003,248,260,493,553,531,594,658,462,164,37,3
광주광역시 북구 신안동(2917058000),12048,12048,451,687,2304,1773,1599,1903,1710,1101,461,52,7,6317,6317,225,353,1182,1025,944,1034,850,504,188,12,0,5731,5731,226,334,1122,748,655,869,860,597,273,40,7
광주광역시 북구 용봉동(2917059000),38439,38439,2619,3767,7167,4730,5611,6631,4554,2358,883,117,2,19170,19170,1312,2007,3783,2532,2817,3146,2146,1075,325,27,0,19269,19269,1307,1760,3384,2198,2794,3485,2408,1283,558,90,2
광주광역시 북구 운암1동(2917060100),19440,19440,1717,2286,2499,2254,3112,3102,2695,1283,425,64,3,9361,9361,874,1158,1291,1073,1420,1458,1259,643,171,14,0,10079,10079,843,1128,1208,1181,1692,1644,1436,640,254,50,3
광주광역시 북구 운암2동(2917060200),12189,12189,548,884,1736,1333,1634,2135,2108,1248,510,50,3,6137,6137,255,452,919,767,851,1108,971,589,215,10,0,6052,6052,293,432,817,566,783,1027,1137,659,295,40,3
광주광역시 북구 운암3동(2917060300),13014,13014,914,1413,1878,1470,1880,2292,1884,847,367,68,1,6257,6257,469,757,1024,730,879,1012,871,381,124,10,0,6757,6757,445,656,854,740,1001,1280,1013,466,243,58,1
광주광역시 북구 동림동(2917061500),23651,23651,2159,2313,3069,3568,3891,3892,2811,1378,488,79,3,11672,11672,1106,1242,1613,1814,1981,1827,1253,647,168,20,1,11979,11979,1053,1071,1456,1754,1910,2065,1558,731,320,59,2
광주광역시 북구 우산동(2917062000),10606,10606,396,657,1324,979,1272,1836,2085,1387,578,83,9,5164,5164,203,355,691,534,687,929,951,602,197,14,1,5442,5442,193,302,633,445,585,907,1134,785,381,69,8
광주광역시 북구 풍향동(2917063500),5890,5890,524,521,710,798,929,914,749,505,206,32,2,2941,2941,262,257,395,402,499,483,334,237,69,3,0,2949,2949,262,264,315,396,430,431,415,268,137,29,2
광주광역시 북구 문화동(2917065000),21033,21033,1662,1660,2598,3018,3018,3480,3036,1696,748,104,13,10339,10339,827,889,1368,1577,1581,1653,1419,754,247,22,2,10694,10694,835,771,1230,1441,1437,1827,1617,942,501,82,11
광주광역시 북구 문흥1동(2917065600),16202,16202,1095,1884,2396,1594,2460,3001,2206,1067,444,54,1,7878,7878,520,980,1278,819,1135,1408,1086,486,156,10,0,8324,8324,575,904,1118,775,1325,1593,1120,581,288,44,1
광주광역시 북구 문흥2동(2917065700),15930,15930,1064,1432,2577,1995,2350,2591,2113,1190,540,75,3,7591,7591,541,740,1320,1061,1160,1162,921,473,193,19,1,8339,8339,523,692,1257,934,1190,1429,1192,717,347,56,2
광주광역시 북구 두암1동(2917066100),7870,7870,280,629,1140,751,1026,1383,1320,931,352,55,3,3929,3929,162,333,608,408,543,681,595,442,144,13,0,3941,3941,118,296,532,343,483,702,725,489,208,42,3
광주광역시 북구 두암2동(2917066200),16199,16199,867,1339,2321,1758,2199,2900,2659,1517,554,82,3,8024,8024,436,699,1226,965,1117,1430,1210,712,216,13,0,8175,8175,431,640,1095,793,1082,1470,1449,805,338,69,3
광주광역시 북구 두암3동(2917066300),13682,13682,449,812,1581,1279,1586,2606,2808,1626,819,108,8,6572,6572,226,420,812,696,839,1296,1368,661,235,19,0,7110,7110,223,392,769,583,747,1310,1440,965,584,89,8
광주광역시 북구 삼각동(2917066600),14236,14236,968,1655,2281,1683,2415,2650,1519,734,280,51,0,7372,7372,525,925,1290,892,1168,1368,763,336,97,8,0,6864,6864,443,730,991,791,1247,1282,756,398,183,43,0
광주광역시 북구 일곡동(2917066900),30216,30216,2381,4599,4716,2955,5640,5625,2410,1168,632,85,5,14778,14778,1240,2504,2553,1391,2448,2761,1189,467,204,21,0,15438,15438,1141,2095,2163,1564,3192,2864,1221,701,428,64,5
광주광역시 북구 매곡동(2917067300),14060,14060,1159,1744,1968,1695,2282,2447,1601,754,349,59,2,6902,6902,597,956,1072,834,1054,1119,795,342,124,9,0,7158,7158,562,788,896,861,1228,1328,806,412,225,50,2
광주광역시 북구 오치1동(2917067600),11171,11171,642,1027,1766,1266,1635,2139,1569,791,284,47,5,5658,5658,322,542,942,677,849,1084,774,366,94,8,0,5513,5513,320,485,824,589,786,1055,795,425,190,39,5
광주광역시 북구 오치2동(2917067700),12681,12681,520,796,1900,1477,1576,2431,2194,1135,573,79,0,6206,6206,247,441,994,807,822,1142,1080,500,163,10,0,6475,6475,273,355,906,670,754,1289,1114,635,410,69,0
광주광역시 북구 석곡동(2917068500),2616,2616,67,127,248,219,230,523,578,370,214,36,4,1367,1367,30,81,147,130,133,293,312,159,75,7,0,1249,1249,37,46,101,89,97,230,266,211,139,29,4
광주광역시 북구 건국동(2917069500),22568,22568,2675,2525,2750,3530,4095,3344,2041,1003,523,76,6,11382,11382,1390,1288,1476,1781,2072,1737,1024,452,154,8,0,11186,11186,1285,1237,1274,1749,2023,1607,1017,551,369,68,6
광주광역시 북구 양산동(2917069600),37932,37932,3901,4118,5143,5891,6602,5889,3755,1798,714,117,4,19097,19097,2049,2090,2712,3100,3343,2931,1815,803,233,21,0,18835,18835,1852,2028,2431,2791,3259,2958,1940,995,481,96,4
광주광역시 북구 신용동(2917069700),29736,29736,4460,3799,3202,5218,6336,3719,1903,769,287,42,1,14732,14732,2307,1968,1653,2521,3213,1779,875,320,89,7,0,15004,15004,2153,1831,1549,2697,3123,1940,1028,449,198,35,1
광주광역시 광산구 (2920000000),404863,404863,38941,51914,58742,53977,76188,64593,34277,17134,7873,1173,51,204048,204048,19963,26691,31230,27497,37918,33554,17225,7406,2340,219,5,200815,200815,18978,25223,27512,26480,38270,31039,17052,9728,5533,954,46
광주광역시 광산구 송정1동(2920051500),11039,11039,656,1137,1739,1172,1866,1859,1341,890,331,45,3,5579,5579,340,582,969,627,956,975,639,362,118,10,1,5460,5460,316,555,770,545,910,884,702,528,213,35,2
광주광역시 광산구 송정2동(2920052500),6583,6583,325,380,973,896,829,1094,949,776,314,41,6,3312,3312,177,193,516,512,454,569,428,345,106,12,0,3271,3271,148,187,457,384,375,525,521,431,208,29,6
광주광역시 광산구 도산동(2920054000),15516,15516,1418,1615,2151,2141,2687,2464,1539,1027,407,65,2,7839,7839,753,868,1167,1103,1387,1257,721,438,129,16,0,7677,7677,665,747,984,1038,1300,1207,818,589,278,49,2
광주광역시 광산구 신흥동(2920055000),4663,4663,305,425,600,541,719,779,644,450,166,30,4,2355,2355,161,223,326,297,371,402,300,211,57,7,0,2308,2308,144,202,274,244,348,377,344,239,109,23,4
광주광역시 광산구 어룡동(2920056500),32884,32884,3873,3705,4007,5404,6106,4606,3101,1379,612,85,6,16802,16802,2010,1876,2206,2777,3291,2310,1528,607,184,12,1,16082,16082,1863,1829,1801,2627,2815,2296,1573,772,428,73,5
광주광역시 광산구 우산동(2920058000),28460,28460,2272,2119,4337,4463,4212,5014,3474,1608,829,132,0,14479,14479,1159,1092,2305,2439,2194,2570,1806,700,199,15,0,13981,13981,1113,1027,2032,2024,2018,2444,1668,908,630,117,0
광주광역시 광산구 월곡1동(2920060000),11121,11121,701,1127,1887,1236,1641,2223,1428,568,268,42,0,5606,5606,359,597,1021,659,809,1084,725,264,78,10,0,5515,5515,342,530,866,577,832,1139,703,304,190,32,0
광주광역시 광산구 월곡2동(2920061000),16017,16017,1081,2008,2459,1749,2845,3003,1761,769,303,38,1,8108,8108,552,1039,1308,895,1426,1536,883,355,107,7,0,7909,7909,529,969,1151,854,1419,1467,878,414,196,31,1
광주광역시 광산구 비아동(2920062000),7271,7271,649,757,886,887,1351,1374,713,410,216,28,0,3840,3840,331,403,500,464,735,783,376,182,60,6,0,3431,3431,318,354,386,423,616,591,337,228,156,22,0
광주광역시 광산구 첨단1동(2920062400),27562,27562,1988,3443,5134,3459,4341,5506,2378,822,413,76,2,13670,13670,1009,1741,2707,1771,1975,2663,1277,366,149,11,1,13892,13892,979,1702,2427,1688,2366,2843,1101,456,264,65,1
광주광역시 광산구 첨단2동(2920062600),43496,43496,3760,5558,7881,5836,8011,7646,2939,1169,611,81,4,21941,21941,1931,2873,4183,3056,3790,3908,1539,470,179,12,0,21555,21555,1829,2685,3698,2780,4221,3738,1400,699,432,69,4
광주광역시 광산구 신가동(2920063000),18686,18686,2039,2839,2652,2310,3938,2862,1170,611,230,33,2,9529,9529,1045,1458,1430,1136,1946,1594,575,270,67,7,1,9157,9157,994,1381,1222,1174,1992,1268,595,341,163,26,1
광주광역시 광산구 운남동(2920063500),31274,31274,2847,3903,4695,3953,5792,5544,2520,1361,591,65,3,15335,15335,1442,2042,2407,1965,2806,2759,1205,513,177,19,0,15939,15939,1405,1861,2288,1988,2986,2785,1315,848,414,46,3
광주광역시 광산구 수완동(2920063700),77767,77767,9974,13588,9573,10252,17968,10038,4001,1720,557,94,2,38410,38410,5112,6794,4978,4764,8634,5354,1896,714,151,13,0,39357,39357,4862,6794,4595,5488,9334,4684,2105,1006,406,81,2
광주광역시 광산구 하남동(2920064000),24793,24793,3084,3292,3270,3722,5029,3506,1954,617,276,41,2,12710,12710,1585,1716,1739,1868,2623,1795,1019,284,72,9,0,12083,12083,1499,1576,1531,1854,2406,1711,935,333,204,32,2
광주광역시 광산구 임곡동(2920065000),2137,2137,59,110,162,112,183,393,461,345,263,48,1,1112,1112,24,63,94,68,115,239,260,160,83,6,0,1025,1025,35,47,68,44,68,154,201,185,180,42,1
광주광역시 광산구 동곡동(2920066000),1921,1921,42,77,168,138,182,317,417,367,184,26,3,989,989,23,44,97,92,113,184,214,169,49,3,1,932,932,19,33,71,46,69,133,203,198,135,23,2
광주광역시 광산구 평동(2920067000),4112,4112,133,146,435,459,496,668,803,578,328,63,3,2276,2276,67,75,261,286,345,427,438,270,94,13,0,1836,1836,66,71,174,173,151,241,365,308,234,50,3
광주광역시 광산구 삼도동(2920068000),2258,2258,49,121,167,153,211,378,469,374,293,42,1,1158,1158,21,63,109,95,126,234,255,175,73,7,0,1100,1100,28,58,58,58,85,144,214,199,220,35,1
광주광역시 광산구 본량동(2920069000),2052,2052,28,95,150,122,224,318,389,367,309,48,2,1018,1018,13,51,82,64,142,186,225,145,98,12,0,1034,1034,15,44,68,58,82,132,164,222,211,36,2
광주광역시 광산구 신창동(2920070000),35251,35251,3658,5469,5416,4972,7557,5001,1826,926,372,50,4,17980,17980,1849,2898,2825,2559,3680,2725,916,406,110,12,0,17271,17271,1809,2571,2591,2413,3877,2276,910,520,262,38,4
대전광역시  (3000000000),1457619,1457619,111757,144580,211361,192055,234618,239844,184422,91427,41422,5932,201,727522,727522,57464,74723,110901,100347,117038,119640,89501,41606,14907,1359,36,730097,730097,54293,69857,100460,91708,117580,120204,94921,49821,26515,4573,165
대전광역시 동구 (3011000000),223358,223358,14869,19927,30180,25790,33994,36404,33423,19072,8540,1120,39,112660,112660,7685,10301,16020,13969,17848,18731,16196,8551,3072,277,10,110698,110698,7184,9626,14160,11821,16146,17673,17227,10521,5468,843,29
대전광역시 동구 중앙동(3011051500),4733,4733,106,140,371,374,501,938,1151,776,335,39,2,2651,2651,51,74,208,225,331,614,647,369,122,9,1,2082,2082,55,66,163,149,170,324,504,407,213,30,1
대전광역시 동구 효동(3011053000),24872,24872,2499,3336,2574,2863,4851,3540,2916,1573,622,96,2,12266,12266,1249,1758,1398,1384,2416,1744,1358,696,241,22,0,12606,12606,1250,1578,1176,1479,2435,1796,1558,877,381,74,2
대전광역시 동구 신인동(3011054500),12146,12146,879,888,1345,1578,1769,1938,1957,1210,513,67,2,5943,5943,453,475,668,835,939,925,873,556,205,13,1,6203,6203,426,413,677,743,830,1013,1084,654,308,54,1
대전광역시 동구 판암1동(3011055100),12337,12337,752,961,1473,1457,1700,2150,1975,1194,598,75,2,6029,6029,424,492,769,785,838,1045,938,515,197,25,1,6308,6308,328,469,704,672,862,1105,1037,679,401,50,1
대전광역시 동구 판암2동(3011055200),8674,8674,259,380,781,729,1008,1513,1919,1286,708,90,1,4254,4254,128,196,443,441,574,784,918,524,224,21,1,4420,4420,131,184,338,288,434,729,1001,762,484,69,0
대전광역시 동구 용운동(3011056000),21724,21724,1669,1844,3341,2953,3286,3543,2974,1428,601,81,4,10967,10967,873,924,1774,1596,1700,1766,1447,661,203,21,2,10757,10757,796,920,1567,1357,1586,1777,1527,767,398,60,2
대전광역시 동구 대동(3011058500),14939,14939,1379,1373,1768,1987,2333,2359,1989,1146,523,79,3,7487,7487,723,730,930,1046,1180,1194,968,512,184,20,0,7452,7452,656,643,838,941,1153,1165,1021,634,339,59,3
대전광역시 동구 자양동(3011059000),10572,10572,374,856,2687,1045,1230,1548,1503,897,385,43,4,5578,5578,199,414,1472,637,715,810,751,421,150,9,0,4994,4994,175,442,1215,408,515,738,752,476,235,34,4
대전광역시 동구 가양1동(3011062000),13793,13793,790,1103,1944,1421,2025,2303,2261,1314,568,60,4,7104,7104,386,553,1078,789,1119,1234,1132,584,211,17,1,6689,6689,404,550,866,632,906,1069,1129,730,357,43,3
대전광역시 동구 가양2동(3011063000),18254,18254,924,1772,2883,1865,2682,3292,2711,1439,606,77,3,9172,9172,472,918,1493,1051,1386,1667,1300,651,220,14,0,9082,9082,452,854,1390,814,1296,1625,1411,788,386,63,3
대전광역시 동구 용전동(3011064000),20509,20509,1068,1476,3939,2985,3140,3302,2664,1356,514,64,1,10565,10565,551,757,2014,1719,1687,1737,1279,609,196,16,0,9944,9944,517,719,1925,1266,1453,1565,1385,747,318,48,1
대전광역시 동구 성남동(3011066500),12179,12179,878,938,1335,1489,1757,2078,1946,1179,495,81,3,6023,6023,471,472,710,779,929,1038,913,522,166,23,0,6156,6156,407,466,625,710,828,1040,1033,657,329,58,3
대전광역시 동구 홍도동(3011067000),10922,10922,579,794,1941,1275,1541,1836,1657,857,394,48,0,5559,5559,316,411,991,716,845,948,805,372,150,5,0,5363,5363,263,383,950,559,696,888,852,485,244,43,0
대전광역시 동구 삼성동(3011069500),14357,14357,774,1252,1535,1388,2151,2533,2456,1512,677,78,1,7296,7296,380,658,845,752,1139,1340,1197,696,265,23,1,7061,7061,394,594,690,636,1012,1193,1259,816,412,55,0
대전광역시 동구 대청동(3011072500),2450,2450,63,139,197,155,251,450,575,325,256,39,0,1277,1277,27,68,114,98,144,257,326,151,79,13,0,1173,1173,36,71,83,57,107,193,249,174,177,26,0
대전광역시 동구 산내동(3011074000),20897,20897,1876,2675,2066,2226,3769,3081,2769,1580,745,103,7,10489,10489,982,1401,1113,1116,1906,1628,1344,712,259,26,2,10408,10408,894,1274,953,1110,1863,1453,1425,868,486,77,5
대전광역시 중구 (3014000000),233213,233213,14648,21578,30590,25608,36173,39109,34221,20572,9368,1298,48,114991,114991,7498,11133,15604,13178,18377,19756,16321,9253,3556,307,8,118222,118222,7150,10445,14986,12430,17796,19353,17900,11319,5812,991,40
대전광역시 중구 은행선화동(3014053500),15882,15882,874,1009,2797,2333,2457,2591,2165,1107,469,76,4,8213,8213,419,511,1324,1262,1393,1476,1125,509,175,17,2,7669,7669,455,498,1473,1071,1064,1115,1040,598,294,59,2
대전광역시 중구 목동(3014055000),14570,14570,1461,2439,1603,1490,3252,2069,1216,686,311,38,5,6959,6959,741,1200,794,665,1514,1098,536,285,116,9,1,7611,7611,720,1239,809,825,1738,971,680,401,195,29,4
대전광역시 중구 중촌동(3014056000),13124,13124,677,1187,1568,1330,2037,2342,2104,1219,576,81,3,6383,6383,331,636,848,691,1037,1126,974,521,194,24,1,6741,6741,346,551,720,639,1000,1216,1130,698,382,57,2
대전광역시 중구 대흥동(3014057500),13936,13936,882,1116,2426,1916,2147,1996,1833,1061,464,92,3,6887,6887,481,602,1113,972,1144,1033,879,457,178,27,1,7049,7049,401,514,1313,944,1003,963,954,604,286,65,2
대전광역시 중구 문창동(3014060500),4727,4727,177,303,489,457,596,825,902,633,310,34,1,2481,2481,101,168,273,255,350,487,451,277,115,4,0,2246,2246,76,135,216,202,246,338,451,356,195,30,1
대전광역시 중구 석교동(3014062000),15801,15801,690,1127,1791,1598,2047,2795,3050,1877,725,94,7,7920,7920,360,571,959,904,1101,1395,1474,856,276,24,0,7881,7881,330,556,832,694,946,1400,1576,1021,449,70,7
대전광역시 중구 대사동(3014063000),5515,5515,162,255,1050,616,600,897,942,619,330,42,2,2686,2686,94,147,451,350,329,466,435,266,137,11,0,2829,2829,68,108,599,266,271,431,507,353,193,31,2
대전광역시 중구 부사동(3014064000),6663,6663,295,429,784,640,874,1217,1241,744,372,66,1,3377,3377,171,226,400,373,477,629,592,344,154,11,0,3286,3286,124,203,384,267,397,588,649,400,218,55,1
대전광역시 중구 용두동(3014065500),9526,9526,503,734,1752,1255,1378,1462,1172,810,398,59,3,4584,4584,245,334,807,665,706,762,558,348,147,11,1,4942,4942,258,400,945,590,672,700,614,462,251,48,2
대전광역시 중구 오류동(3014067000),10435,10435,621,776,1481,1297,1450,1734,1456,967,561,92,0,4909,4909,301,382,736,653,688,822,685,420,201,21,0,5526,5526,320,394,745,644,762,912,771,547,360,71,0
대전광역시 중구 태평1동(3014068000),13478,13478,1139,1626,1482,1511,2419,2228,1562,1020,445,46,0,6544,6544,619,794,781,731,1152,1118,743,441,157,8,0,6934,6934,520,832,701,780,1267,1110,819,579,288,38,0
대전광역시 중구 태평2동(3014069000),26102,26102,1911,3076,3052,2340,4357,4442,3542,2225,1002,148,7,12551,12551,975,1581,1616,1104,2047,2158,1600,1040,390,40,0,13551,13551,936,1495,1436,1236,2310,2284,1942,1185,612,108,7
대전광역시 중구 유천1동(3014070000),6601,6601,327,341,870,891,935,1135,1187,618,266,31,0,3462,3462,169,202,479,491,544,596,589,282,104,6,0,3139,3139,158,139,391,400,391,539,598,336,162,25,0
대전광역시 중구 유천2동(3014071000),13805,13805,910,953,1791,1612,1897,2218,2252,1461,625,84,2,6816,6816,452,510,917,846,1006,1063,1047,699,252,23,1,6989,6989,458,443,874,766,891,1155,1205,762,373,61,1
대전광역시 중구 문화1동(3014072000),22643,22643,1889,2837,2872,2381,3938,3534,2610,1679,804,97,2,10906,10906,980,1474,1411,1111,1852,1730,1245,741,337,24,1,11737,11737,909,1363,1461,1270,2086,1804,1365,938,467,73,1
대전광역시 중구 문화2동(3014073000),12772,12772,624,1076,1530,1261,1835,2388,2075,1236,667,76,4,6225,6225,310,574,869,683,920,1148,962,510,235,14,0,6547,6547,314,502,661,578,915,1240,1113,726,432,62,4
대전광역시 중구 산성동(3014074000),27633,27633,1506,2294,3252,2680,3954,5236,4912,2610,1043,142,4,14088,14088,749,1221,1826,1422,2117,2649,2426,1257,388,33,0,13545,13545,757,1073,1426,1258,1837,2587,2486,1353,655,109,4
대전광역시 서구 (3017000000),475622,475622,37149,48899,73706,65395,77468,77024,56471,26176,11572,1703,59,233902,233902,19175,25203,37594,33435,37495,37317,27084,12009,4183,396,11,241720,241720,17974,23696,36112,31960,39973,39707,29387,14167,7389,1307,48
대전광역시 서구 복수동(3017051000),22727,22727,2108,3030,2837,2633,4296,3532,2512,1227,483,66,3,11195,11195,1084,1539,1448,1303,2043,1762,1203,603,193,16,1,11532,11532,1024,1491,1389,1330,2253,1770,1309,624,290,50,2
대전광역시 서구 도마1동(3017052000),15212,15212,707,1001,2488,1605,1797,2620,2747,1553,612,76,6,7730,7730,387,522,1380,901,993,1285,1286,725,230,20,1,7482,7482,320,479,1108,704,804,1335,1461,828,382,56,5
대전광역시 서구 도마2동(3017053000),17417,17417,838,1390,2459,1819,2372,2974,3083,1670,725,86,1,8800,8800,459,727,1360,995,1269,1477,1422,779,292,20,0,8617,8617,379,663,1099,824,1103,1497,1661,891,433,66,1
대전광역시 서구 정림동(3017053500),16429,16429,1088,1448,2037,1749,2281,3111,2761,1294,576,82,2,8020,8020,569,771,1088,891,1117,1424,1352,590,198,19,1,8409,8409,519,677,949,858,1164,1687,1409,704,378,63,1
대전광역시 서구 변동(3017054000),16236,16236,983,1209,2164,2032,2271,2906,2617,1406,564,82,2,8271,8271,532,631,1161,1129,1182,1472,1271,636,236,20,1,7965,7965,451,578,1003,903,1089,1434,1346,770,328,62,1
대전광역시 서구 용문동(3017055000),12414,12414,614,616,2467,2167,1710,1749,1693,931,412,51,4,5917,5917,328,316,1119,1138,892,810,747,402,147,17,1,6497,6497,286,300,1348,1029,818,939,946,529,265,34,3
대전광역시 서구 탄방동(3017055500),27440,27440,1685,2399,5449,4640,4461,4330,2740,1111,544,78,3,13203,13203,894,1264,2514,2350,2113,2073,1304,481,193,17,0,14237,14237,791,1135,2935,2290,2348,2257,1436,630,351,61,3
대전광역시 서구 괴정동(3017056000),19182,19182,1164,1273,4562,3563,2790,2504,1961,946,358,57,4,9361,9361,589,652,2104,1898,1457,1156,931,420,142,12,0,9821,9821,575,621,2458,1665,1333,1348,1030,526,216,45,4
대전광역시 서구 가장동(3017057000),12120,12120,825,1111,1629,1461,1855,1962,1819,999,398,61,0,5874,5874,418,557,821,745,912,951,828,468,161,13,0,6246,6246,407,554,808,716,943,1011,991,531,237,48,0
대전광역시 서구 내동(3017057500),23940,23940,1888,2660,3161,2722,4005,3951,3146,1662,659,85,1,11497,11497,951,1266,1659,1369,1903,1863,1435,774,256,21,0,12443,12443,937,1394,1502,1353,2102,2088,1711,888,403,64,1
대전광역시 서구 갈마1동(3017058100),21626,21626,1124,1648,4226,3442,3095,3398,2989,1177,461,65,1,11020,11020,609,869,2219,1965,1554,1619,1407,590,177,10,1,10606,10606,515,779,2007,1477,1541,1779,1582,587,284,55,0
대전광역시 서구 갈마2동(3017058200),25052,25052,1427,2031,5647,4166,3776,4029,2597,893,440,45,1,12516,12516,716,972,2878,2249,1913,1952,1248,433,147,8,0,12536,12536,711,1059,2769,1917,1863,2077,1349,460,293,37,1
대전광역시 서구 월평1동(3017058600),11214,11214,377,556,2848,1874,1518,1902,1315,563,226,33,2,6001,6001,199,299,1532,1131,849,980,652,270,82,6,1,5213,5213,178,257,1316,743,669,922,663,293,144,27,1
대전광역시 서구 월평2동(3017058700),15003,15003,774,1288,1882,1535,1942,2829,2579,1287,748,137,2,7147,7147,378,663,1020,790,908,1327,1276,545,209,30,1,7856,7856,396,625,862,745,1034,1502,1303,742,539,107,1
대전광역시 서구 월평3동(3017058800),21583,21583,1794,2689,2740,2637,3399,3916,2958,933,443,73,1,10594,10594,910,1458,1506,1261,1546,1802,1504,440,151,16,0,10989,10989,884,1231,1234,1376,1853,2114,1454,493,292,57,1
대전광역시 서구 가수원동(3017059000),41601,41601,5292,4779,5053,6590,7801,5727,4018,1581,649,107,4,20478,20478,2710,2446,2549,3179,3910,2752,1926,740,238,27,1,21123,21123,2582,2333,2504,3411,3891,2975,2092,841,411,80,3
대전광역시 서구 관저1동(3017059600),15778,15778,1282,1600,2777,2068,2361,2786,1647,805,395,55,2,7546,7546,653,839,1315,1053,1072,1284,843,330,140,17,0,8232,8232,629,761,1462,1015,1289,1502,804,475,255,38,2
대전광역시 서구 관저2동(3017059700),50505,50505,6153,6129,6815,8017,9460,7580,3788,1690,761,109,3,24682,24682,3153,3131,3455,3926,4475,3768,1766,763,230,15,0,25823,25823,3000,2998,3360,4091,4985,3812,2022,927,531,94,3
대전광역시 서구 기성동(3017060000),3779,3779,97,165,302,264,407,696,764,591,397,91,5,1954,1954,59,86,170,155,247,382,431,266,137,21,0,1825,1825,38,79,132,109,160,314,333,325,260,70,5
대전광역시 서구 둔산1동(3017063000),17101,17101,1623,3387,1648,1378,4018,2459,1336,811,374,65,2,8430,8430,831,1771,878,577,1809,1335,659,386,158,24,2,8671,8671,792,1616,770,801,2209,1124,677,425,216,41,0
대전광역시 서구 둔산2동(3017064000),36312,36312,3162,4271,5505,5369,6333,6278,3574,1188,557,71,4,17547,17547,1645,2216,2701,2559,2860,3011,1791,556,191,17,0,18765,18765,1517,2055,2804,2810,3473,3267,1783,632,366,54,4
대전광역시 서구 만년동(3017065000),12931,12931,957,1314,2372,1976,2101,2231,1276,468,197,39,0,6469,6469,483,683,1307,1040,988,1056,634,198,71,9,0,6462,6462,474,631,1065,936,1113,1175,642,270,126,30,0
대전광역시 서구 둔산3동(3017066000),20020,20020,1187,2905,2638,1688,3419,3554,2551,1390,593,89,6,9650,9650,618,1525,1410,831,1483,1776,1168,614,204,21,0,10370,10370,569,1380,1228,857,1936,1778,1383,776,389,68,6
대전광역시 유성구 (3020000000),350017,350017,34125,37875,52506,55391,60183,53978,34803,13523,6504,1103,26,176715,176715,17568,19561,28149,28916,29603,26916,17304,6291,2163,240,4,173302,173302,16557,18314,24357,26475,30580,27062,17499,7232,4341,863,22
대전광역시 유성구 진잠동(3020052000),34770,34770,3199,3341,4359,4398,5897,6171,4450,1884,937,130,4,17669,17669,1620,1789,2367,2274,3035,3102,2243,898,316,23,2,17101,17101,1579,1552,1992,2124,2862,3069,2207,986,621,107,2
대전광역시 유성구 온천1동(3020053000),34906,34906,1537,1492,8332,6797,4391,5460,4171,1775,807,135,9,18023,18023,795,755,4234,3907,2344,2701,2162,797,286,41,1,16883,16883,742,737,4098,2890,2047,2759,2009,978,521,94,8
대전광역시 유성구 온천2동(3020054000),40101,40101,3456,3222,8433,6353,5575,5865,4595,1696,777,129,0,20838,20838,1724,1659,4918,3473,2816,2816,2300,824,274,34,0,19263,19263,1732,1563,3515,2880,2759,3049,2295,872,503,95,0
대전광역시 유성구 노은1동(3020054600),22098,22098,2226,3012,2866,3183,4320,3261,1865,869,422,73,1,10969,10969,1172,1544,1482,1574,2058,1678,892,401,154,13,1,11129,11129,1054,1468,1384,1609,2262,1583,973,468,268,60,0
대전광역시 유성구 노은2동(3020054700),24752,24752,2375,3441,3115,3108,4717,4036,2214,1114,543,89,0,12183,12183,1237,1769,1600,1537,2221,2035,1078,489,199,18,0,12569,12569,1138,1672,1515,1571,2496,2001,1136,625,344,71,0
대전광역시 유성구 노은3동(3020054800),37658,37658,4912,4577,3793,6142,7422,5268,3544,1358,543,95,4,18484,18484,2479,2335,1986,2933,3604,2577,1694,660,197,19,0,19174,19174,2433,2242,1807,3209,3818,2691,1850,698,346,76,4
대전광역시 유성구 신성동(3020055000),26035,26035,2930,2908,4134,5221,4246,3495,2004,653,386,58,0,13643,13643,1546,1486,2274,2896,2143,1802,1049,323,112,12,0,12392,12392,1384,1422,1860,2325,2103,1693,955,330,274,46,0
대전광역시 유성구 전민동(3020057000),27086,27086,2545,3169,4362,4404,4295,4478,2509,740,473,110,1,13920,13920,1359,1618,2409,2439,2065,2189,1319,360,131,31,0,13166,13166,1186,1551,1953,1965,2230,2289,1190,380,342,79,1
대전광역시 유성구 구즉동(3020058000),27819,27819,2464,3048,4250,4065,4732,4728,2591,1173,659,105,4,14245,14245,1257,1580,2359,2200,2390,2475,1297,467,197,23,0,13574,13574,1207,1468,1891,1865,2342,2253,1294,706,462,82,4
대전광역시 유성구 관평동(3020060000),28917,28917,3139,4500,3734,4014,5897,4492,2143,651,295,52,0,14782,14782,1627,2355,1985,2058,2792,2441,1115,324,74,11,0,14135,14135,1512,2145,1749,1956,3105,2051,1028,327,221,41,0
대전광역시 유성구 원신흥동(3020061000),45875,45875,5342,5165,5128,7706,8691,6724,4717,1610,662,127,3,21959,21959,2752,2671,2535,3625,4135,3100,2155,748,223,15,0,23916,23916,2590,2494,2593,4081,4556,3624,2562,862,439,112,3
대전광역시 대덕구 (3023000000),175409,175409,10966,16301,24379,19871,26800,33329,25504,12084,5438,708,29,89254,89254,5538,8525,13534,10849,13715,16920,12596,5502,1933,139,3,86155,86155,5428,7776,10845,9022,13085,16409,12908,6582,3505,569,26
대전광역시 대덕구 오정동(3023051000),14591,14591,628,999,2276,1552,1930,2721,2641,1299,462,78,5,7758,7758,329,557,1258,889,1102,1446,1352,632,179,13,1,6833,6833,299,442,1018,663,828,1275,1289,667,283,65,4
대전광역시 대덕구 대화동(3023052000),7101,7101,301,477,793,830,1072,1341,1322,662,254,47,2,3754,3754,159,265,454,433,630,724,698,296,88,7,0,3347,3347,142,212,339,397,442,617,624,366,166,40,2
대전광역시 대덕구 회덕동(3023052500),12559,12559,665,989,1444,1226,1753,2341,2305,1181,585,67,3,6389,6389,331,518,797,668,927,1231,1134,557,208,18,0,6170,6170,334,471,647,558,826,1110,1171,624,377,49,3
대전광역시 대덕구 비래동(3023053300),16438,16438,936,1640,2281,1591,2535,3163,2504,1208,515,63,2,8192,8192,469,866,1248,880,1251,1547,1170,540,204,16,1,8246,8246,467,774,1033,711,1284,1616,1334,668,311,47,1
대전광역시 대덕구 송촌동(3023054300),27628,27628,1991,3796,4047,2672,4943,5615,2759,1133,597,72,3,13686,13686,996,1936,2191,1350,2222,2847,1401,503,224,16,0,13942,13942,995,1860,1856,1322,2721,2768,1358,630,373,56,3
대전광역시 대덕구 중리동(3023054600),19536,19536,962,1575,2999,2205,3020,3702,3018,1414,574,65,2,10151,10151,480,856,1670,1251,1611,1910,1472,663,226,11,1,9385,9385,482,719,1329,954,1409,1792,1546,751,348,54,1
대전광역시 대덕구 신탄진동(3023055000),11015,11015,493,873,1490,1090,1520,2140,1872,1016,460,54,7,5633,5633,232,463,834,620,814,1106,918,479,161,6,0,5382,5382,261,410,656,470,706,1034,954,537,299,48,7
대전광역시 대덕구 석봉동(3023056000),16518,16518,1994,1513,1987,2880,2707,2614,1773,656,344,49,1,8480,8480,1029,787,1089,1474,1449,1290,913,311,127,11,0,8038,8038,965,726,898,1406,1258,1324,860,345,217,38,1
대전광역시 대덕구 덕암동(3023057000),13858,13858,769,1230,2108,1672,2104,2649,1825,989,453,57,2,7355,7355,406,632,1229,983,1145,1445,886,445,170,14,0,6503,6503,363,598,879,689,959,1204,939,544,283,43,2
대전광역시 대덕구 목상동(3023058000),6618,6618,451,599,1016,993,1193,1152,744,311,138,20,1,3591,3591,223,302,587,621,672,613,380,148,43,2,0,3027,3027,228,297,429,372,521,539,364,163,95,18,1
대전광역시 대덕구 법1동(3023060000),13263,13263,846,1043,1740,1619,1726,2620,2058,1048,509,53,1,6291,6291,413,517,943,857,834,1225,948,412,130,12,0,6972,6972,433,526,797,762,892,1395,1110,636,379,41,1
대전광역시 대덕구 법2동(3023061000),16284,16284,930,1567,2198,1541,2297,3271,2683,1167,547,83,0,7974,7974,471,826,1234,823,1058,1536,1324,516,173,13,0,8310,8310,459,741,964,718,1239,1735,1359,651,374,70,0
울산광역시  (3100000000),1128163,1128163,95855,110894,142012,148949,186142,207341,149602,61003,23183,3096,86,579853,579853,49243,58389,79887,79228,95028,105402,75345,29052,7758,510,11,548310,548310,46612,52505,62125,69721,91114,101939,74257,31951,15425,2586,75
울산광역시 중구 (3111000000),214901,214901,16103,19782,25998,25864,33747,40589,32529,14423,5232,619,15,108828,108828,8307,10575,14467,13567,17249,20205,15862,6645,1854,95,2,106073,106073,7796,9207,11531,12297,16498,20384,16667,7778,3378,524,13
울산광역시 중구 학성동(3111051000),10376,10376,451,660,1112,1089,1410,1874,2058,1237,429,54,2,5305,5305,230,342,626,609,811,1002,988,532,157,8,0,5071,5071,221,318,486,480,599,872,1070,705,272,46,2
울산광역시 중구 반구1동(3111052000),17121,17121,1335,1296,2110,2407,2621,3327,2610,1032,338,43,2,8877,8877,676,677,1163,1309,1414,1720,1279,505,130,4,0,8244,8244,659,619,947,1098,1207,1607,1331,527,208,39,2
울산광역시 중구 반구2동(3111053000),8793,8793,406,591,1244,1046,1142,1751,1527,785,266,35,0,4469,4469,221,318,662,585,601,862,735,382,96,7,0,4324,4324,185,273,582,461,541,889,792,403,170,28,0
울산광역시 중구 복산1동(3111054000),4581,4581,206,295,555,490,533,925,960,449,155,13,0,2316,2316,122,163,302,285,284,434,468,202,53,3,0,2265,2265,84,132,253,205,249,491,492,247,102,10,0
울산광역시 중구 복산2동(3111055000),11268,11268,911,1094,1476,1579,1769,2043,1468,656,242,30,0,5617,5617,444,582,810,852,865,979,683,318,77,7,0,5651,5651,467,512,666,727,904,1064,785,338,165,23,0
울산광역시 중구 중앙동(3111058500),12981,12981,430,633,1541,1289,1575,2531,2833,1516,575,57,1,6689,6689,228,329,878,778,871,1294,1425,656,218,12,0,6292,6292,202,304,663,511,704,1237,1408,860,357,45,1
울산광역시 중구 우정동(3111059000),18847,18847,1290,1558,2253,2305,2761,3434,3138,1438,609,61,0,9427,9427,696,841,1245,1187,1399,1693,1520,615,217,14,0,9420,9420,594,717,1008,1118,1362,1741,1618,823,392,47,0
울산광역시 중구 태화동(3111060000),33427,33427,3342,3678,3742,4299,5917,5776,4339,1702,544,86,2,16670,16670,1778,1935,2116,2085,2894,2732,2117,813,189,11,0,16757,16757,1564,1743,1626,2214,3023,3044,2222,889,355,75,2
울산광역시 중구 다운동(3111061000),22870,22870,1034,1997,3106,2033,3329,5015,3781,1787,720,68,0,11618,11618,507,1114,1769,1140,1654,2499,1857,826,239,13,0,11252,11252,527,883,1337,893,1675,2516,1924,961,481,55,0
울산광역시 중구 병영1동(3111062000),22319,22319,1462,2241,2895,2298,3262,4693,3542,1401,466,56,3,11321,11321,737,1224,1626,1198,1609,2335,1723,678,187,4,0,10998,10998,725,1017,1269,1100,1653,2358,1819,723,279,52,3
울산광역시 중구 병영2동(3111063000),20374,20374,1990,1931,2192,2800,3384,3614,2936,1084,405,37,1,10308,10308,1003,1032,1234,1429,1795,1763,1429,492,129,1,1,10066,10066,987,899,958,1371,1589,1851,1507,592,276,36,0
울산광역시 중구 약사동(3111064000),10891,10891,1300,1268,1313,1648,1825,1970,1052,359,134,21,1,5470,5470,657,676,713,783,889,994,542,157,54,5,0,5421,5421,643,592,600,865,936,976,510,202,80,16,1
울산광역시 중구 성안동(3111065000),21053,21053,1946,2540,2459,2581,4219,3636,2285,977,349,58,3,10741,10741,1008,1342,1323,1327,2163,1898,1096,469,108,6,1,10312,10312,938,1198,1136,1254,2056,1738,1189,508,241,52,2
울산광역시 남구 (3114000000),317672,317672,23328,29835,45027,41793,50890,61178,42452,16709,5763,677,20,162114,162114,11994,15805,25076,22374,24926,30733,21076,7992,2018,119,1,155558,155558,11334,14030,19951,19419,25964,30445,21376,8717,3745,558,19
울산광역시 남구 신정1동(3114051000),18791,18791,813,1099,2518,2266,2470,3652,3678,1676,562,55,2,9518,9518,418,566,1426,1287,1330,1784,1724,766,209,8,0,9273,9273,395,533,1092,979,1140,1868,1954,910,353,47,2
울산광역시 남구 신정2동(3114052000),24523,24523,1944,3089,3196,2806,4297,4734,2790,1248,364,54,1,12579,12579,1017,1679,1817,1453,1990,2455,1408,611,141,8,0,11944,11944,927,1410,1379,1353,2307,2279,1382,637,223,46,1
울산광역시 남구 신정3동(3114053000),16409,16409,1275,1232,2113,2039,2524,3268,2490,1038,377,52,1,8337,8337,647,662,1144,1100,1284,1644,1217,479,153,7,0,8072,8072,628,570,969,939,1240,1624,1273,559,224,45,1
울산광역시 남구 신정4동(3114054000),21148,21148,1786,2289,2808,2718,3636,3695,2702,1107,356,50,1,10713,10713,929,1193,1538,1447,1754,1874,1312,518,138,10,0,10435,10435,857,1096,1270,1271,1882,1821,1390,589,218,40,1
울산광역시 남구 신정5동(3114055000),8876,8876,473,591,1343,1287,1363,1724,1286,594,194,20,1,4714,4714,237,314,791,715,736,901,643,297,78,2,0,4162,4162,236,277,552,572,627,823,643,297,116,18,1
울산광역시 남구 달동(3114056000),27215,27215,1587,2024,4179,3849,4119,5253,4008,1505,625,63,3,13797,13797,821,1094,2301,2135,2072,2533,1935,691,203,12,0,13418,13418,766,930,1878,1714,2047,2720,2073,814,422,51,3
울산광역시 남구 삼산동(3114057000),48905,48905,3472,4316,7901,7700,8378,9319,5517,1718,511,73,0,25363,25363,1758,2273,4318,4264,4097,4725,2832,911,169,16,0,23542,23542,1714,2043,3583,3436,4281,4594,2685,807,342,57,0
울산광역시 남구 삼호동(3114058500),20531,20531,1142,1674,3136,2234,2907,4598,3058,1229,502,50,1,10466,10466,641,880,1755,1218,1452,2263,1547,537,163,10,0,10065,10065,501,794,1381,1016,1455,2335,1511,692,339,40,1
울산광역시 남구 무거동(3114059500),32058,32058,2098,3412,5758,3551,5155,6620,3541,1340,513,70,0,16428,16428,1077,1771,3311,1907,2412,3320,1805,632,181,12,0,15630,15630,1021,1641,2447,1644,2743,3300,1736,708,332,58,0
울산광역시 남구 옥동(3114060000),26550,26550,2080,3149,3641,3146,4198,5441,3380,1094,377,44,0,13313,13313,1081,1720,2081,1595,1829,2625,1724,532,118,8,0,13237,13237,999,1429,1560,1551,2369,2816,1656,562,259,36,0
울산광역시 남구 대현동(3114062500),30258,30258,3347,3281,3321,4469,5475,4874,3493,1478,468,49,3,15119,15119,1675,1698,1793,2202,2697,2467,1696,717,161,13,0,15139,15139,1672,1583,1528,2267,2778,2407,1797,761,307,36,3
울산광역시 남구 수암동(3114063500),16900,16900,1539,1825,2234,2342,2600,3256,2158,697,219,28,2,8450,8450,771,968,1199,1171,1207,1626,1084,348,72,4,0,8450,8450,768,857,1035,1171,1393,1630,1074,349,147,24,2
울산광역시 남구 선암동(3114064000),14307,14307,1141,1253,1763,1933,2278,2675,2151,795,290,27,1,7370,7370,599,654,964,1038,1191,1345,1079,404,91,4,1,6937,6937,542,599,799,895,1087,1330,1072,391,199,23,0
울산광역시 남구 야음장생포동(3114067000),11201,11201,631,601,1116,1453,1490,2069,2200,1190,405,42,4,5947,5947,323,333,638,842,875,1171,1070,549,141,5,0,5254,5254,308,268,478,611,615,898,1130,641,264,37,4
울산광역시 동구 (3117000000),155511,155511,14385,15580,17472,22271,26067,25194,23192,8431,2554,355,10,81246,81246,7352,8237,9827,12246,14207,12561,11594,4314,856,50,2,74265,74265,7033,7343,7645,10025,11860,12633,11598,4117,1698,305,8
울산광역시 동구 방어동(3117051000),40125,40125,3508,4098,4607,5763,7316,6580,5454,2051,649,97,2,21571,21571,1794,2205,2643,3338,4179,3453,2734,1015,203,7,0,18554,18554,1714,1893,1964,2425,3137,3127,2720,1036,446,90,2
울산광역시 동구 일산동(3117052000),5805,5805,228,361,723,768,835,1046,1172,504,150,18,0,3121,3121,112,191,419,481,493,538,566,264,53,4,0,2684,2684,116,170,304,287,342,508,606,240,97,14,0
울산광역시 동구 화정동(3117053000),19799,19799,2141,1924,1989,2869,3251,3168,2868,1114,424,50,1,10211,10211,1087,1013,1110,1464,1792,1605,1447,554,127,12,0,9588,9588,1054,911,879,1405,1459,1563,1421,560,297,38,1
울산광역시 동구 대송동(3117054000),11693,11693,892,1181,1502,1477,1950,2240,1719,531,178,21,2,6123,6123,457,629,833,835,1011,1137,878,275,67,1,0,5570,5570,435,552,669,642,939,1103,841,256,111,20,2
울산광역시 동구 전하1동(3117055000),14928,14928,1331,1375,1914,2153,2312,2332,2258,974,247,30,2,7681,7681,692,758,953,1184,1262,1133,1080,521,91,6,1,7247,7247,639,617,961,969,1050,1199,1178,453,156,24,1
울산광역시 동구 전하2동(3117056000),20736,20736,2052,2291,2351,2653,3447,3711,2938,953,291,47,2,10572,10572,1013,1157,1326,1367,1768,1839,1489,501,106,5,1,10164,10164,1039,1134,1025,1286,1679,1872,1449,452,185,42,1
울산광역시 동구 남목1동(3117058000),8849,8849,653,926,899,1074,1408,1408,1644,638,173,25,1,4519,4519,330,472,533,580,746,671,812,314,59,2,0,4330,4330,323,454,366,494,662,737,832,324,114,23,1
울산광역시 동구 남목2동(3117059000),21339,21339,2341,2136,2354,3727,3441,2908,3232,961,206,33,0,11257,11257,1227,1147,1393,2048,1855,1342,1624,533,82,6,0,10082,10082,1114,989,961,1679,1586,1566,1608,428,124,27,0
울산광역시 동구 남목3동(3117060000),12237,12237,1239,1288,1133,1787,2107,1801,1907,705,236,34,0,6191,6191,640,665,617,949,1101,843,964,337,68,7,0,6046,6046,599,623,516,838,1006,958,943,368,168,27,0
울산광역시 북구 (3120000000),218410,218410,24740,23522,27231,33659,38732,38581,20859,7542,3083,443,18,113162,113162,12707,12239,15539,17501,19891,19787,10975,3526,929,64,4,105248,105248,12033,11283,11692,16158,18841,18794,9884,4016,2154,379,14
울산광역시 북구 농소1동(3120051000),37139,37139,4557,3942,4147,5704,6707,6169,3779,1507,542,81,4,18991,18991,2325,2021,2319,2871,3508,3108,1980,685,160,14,0,18148,18148,2232,1921,1828,2833,3199,3061,1799,822,382,67,4
울산광역시 북구 농소2동(3120052000),40148,40148,5337,4692,4415,6649,7510,6303,3439,1216,518,68,1,20447,20447,2762,2416,2401,3343,3884,3158,1749,565,158,11,0,19701,19701,2575,2276,2014,3306,3626,3145,1690,651,360,57,1
울산광역시 북구 농소3동(3120053000),38808,38808,3657,6187,4904,3822,8417,7180,2762,1266,535,74,4,19754,19754,1878,3254,2745,1857,3953,3863,1471,557,163,12,1,19054,19054,1779,2933,2159,1965,4464,3317,1291,709,372,62,3
울산광역시 북구 강동동(3120054000),16527,16527,2651,1369,1176,3391,2840,2165,1837,677,361,57,3,8468,8468,1312,694,661,1688,1603,1093,967,331,110,9,0,8059,8059,1339,675,515,1703,1237,1072,870,346,251,48,3
울산광역시 북구 효문동(3120056000),29770,29770,2701,2169,4588,4933,4321,6310,3311,978,393,65,1,15950,15950,1423,1142,2659,2816,2314,3214,1780,474,119,8,1,13820,13820,1278,1027,1929,2117,2007,3096,1531,504,274,57,0
울산광역시 북구 송정동(3120057000),35999,35999,4383,3623,4957,6150,5944,6605,2925,952,397,63,0,18387,18387,2280,1880,2734,3116,2914,3301,1573,478,104,7,0,17612,17612,2103,1743,2223,3034,3030,3304,1352,474,293,56,0
울산광역시 북구 양정동(3120058000),10000,10000,712,762,1747,1599,1461,1966,1202,395,136,20,0,5791,5791,356,406,1217,996,839,1104,630,204,37,2,0,4209,4209,356,356,530,603,622,862,572,191,99,18,0
울산광역시 북구 염포동(3120059000),10019,10019,742,778,1297,1411,1532,1883,1604,551,201,15,5,5374,5374,371,426,803,814,876,946,825,232,78,1,2,4645,4645,371,352,494,597,656,937,779,319,123,14,3
울산광역시 울주군 (3171000000),221669,221669,17299,22175,26284,25362,36706,41799,30570,13898,6551,1002,23,114503,114503,8883,11533,14978,13540,18755,22116,15838,6575,2101,182,2,107166,107166,8416,10642,11306,11822,17951,19683,14732,7323,4450,820,21
울산광역시 울주군 온산읍(3171025000),20283,20283,1476,1631,2508,2772,3685,3981,2578,1123,460,64,5,11638,11638,777,867,1570,1741,2258,2381,1375,519,143,5,2,8645,8645,699,764,938,1031,1427,1600,1203,604,317,59,3
울산광역시 울주군 언양읍(3171025300),28271,28271,2364,2756,3424,3184,4512,5221,4016,1782,874,130,8,14144,14144,1169,1406,1926,1652,2218,2627,2009,844,268,25,0,14127,14127,1195,1350,1498,1532,2294,2594,2007,938,606,105,8
울산광역시 울주군 온양읍(3171025600),28612,28612,2539,3243,3288,3467,5292,5207,3331,1451,694,99,1,14901,14901,1304,1659,1832,1839,2756,2839,1764,676,212,20,0,13711,13711,1235,1584,1456,1628,2536,2368,1567,775,482,79,1
울산광역시 울주군 범서읍(3171025900),70185,70185,6466,9833,9205,7527,13502,12915,6883,2610,1098,145,1,35336,35336,3319,5145,5117,3661,6272,6647,3577,1230,342,26,0,34849,34849,3147,4688,4088,3866,7230,6268,3306,1380,756,119,1
울산광역시 울주군 청량읍(3171026200),19285,19285,1741,1547,2258,2842,2920,3495,2727,1160,508,86,1,9975,9975,884,775,1234,1565,1505,1851,1434,545,167,15,0,9310,9310,857,772,1024,1277,1415,1644,1293,615,341,71,1
울산광역시 울주군 삼남읍(3171026500),22039,22039,1496,1514,2765,2962,3185,4307,3424,1597,664,124,1,11338,11338,790,785,1601,1618,1662,2165,1713,757,224,23,0,10701,10701,706,729,1164,1344,1523,2142,1711,840,440,101,1
울산광역시 울주군 서생면(3171031000),8298,8298,456,506,738,841,1162,1577,1652,903,409,54,0,4489,4489,245,273,456,452,727,917,839,414,157,9,0,3809,3809,211,233,282,389,435,660,813,489,252,45,0
울산광역시 울주군 웅촌면(3171034000),7688,7688,288,374,817,636,756,1637,1703,920,481,75,1,3991,3991,148,213,489,347,427,856,906,433,152,20,0,3697,3697,140,161,328,289,329,781,797,487,329,55,1
울산광역시 울주군 두동면(3171036000),4162,4162,128,189,288,278,412,878,1081,543,308,55,2,2160,2160,66,101,167,164,237,476,577,270,94,8,0,2002,2002,62,88,121,114,175,402,504,273,214,47,2
울산광역시 울주군 두서면(3171037000),3114,3114,46,111,169,206,238,537,844,549,354,60,0,1554,1554,23,54,96,123,138,297,442,254,117,10,0,1560,1560,23,57,73,83,100,240,402,295,237,50,0
울산광역시 울주군 상북면(3171038000),7939,7939,257,406,714,538,898,1685,1851,980,523,85,2,4036,4036,139,221,424,313,464,854,947,496,160,18,0,3903,3903,118,185,290,225,434,831,904,484,363,67,2
울산광역시 울주군 삼동면(3171040000),1793,1793,42,65,110,109,144,359,480,280,178,25,1,941,941,19,34,66,65,91,206,255,137,65,3,0,852,852,23,31,44,44,53,153,225,143,113,22,1
세종특별자치시  (3600000000),361396,361396,47239,43710,38010,61490,70245,46140,31569,14422,7284,1251,36,180462,180462,24138,21991,19408,30026,35767,24073,15637,6681,2469,265,7,180934,180934,23101,21719,18602,31464,34478,22067,15932,7741,4815,986,29
세종특별자치시  (3611000000),361396,361396,47239,43710,38010,61490,70245,46140,31569,14422,7284,1251,36,180462,180462,24138,21991,19408,30026,35767,24073,15637,6681,2469,265,7,180934,180934,23101,21719,18602,31464,34478,22067,15932,7741,4815,986,29
세종특별자치시  조치원읍(3611025000),43290,43290,3164,4175,6470,5510,6878,6647,5551,3082,1562,243,8,22487,22487,1621,2125,3690,3035,3698,3531,2772,1364,586,64,1,20803,20803,1543,2050,2780,2475,3180,3116,2779,1718,976,179,7
세종특별자치시  연기면(3611031000),2781,2781,97,106,392,362,335,528,526,254,149,31,1,1586,1586,48,53,237,247,217,326,288,120,47,3,0,1195,1195,49,53,155,115,118,202,238,134,102,28,1
세종특별자치시  연동면(3611032000),3153,3153,88,129,296,293,339,524,685,426,308,61,4,1653,1653,44,66,189,171,209,295,369,204,92,13,1,1500,1500,44,63,107,122,130,229,316,222,216,48,3
세종특별자치시  부강면(3611033000),6211,6211,320,364,715,745,818,1090,1088,619,399,52,1,3426,3426,168,200,466,472,506,627,558,268,144,16,1,2785,2785,152,164,249,273,312,463,530,351,255,36,0
세종특별자치시  금남면(3611034000),8941,8941,326,406,924,911,1026,1604,1818,1128,672,122,4,4744,4744,157,187,553,551,640,896,965,543,226,25,1,4197,4197,169,219,371,360,386,708,853,585,446,97,3
세종특별자치시  장군면(3611035000),6895,6895,232,312,1038,920,944,1282,1154,580,384,48,1,3991,3991,128,154,657,615,645,733,616,290,141,12,0,2904,2904,104,158,381,305,299,549,538,290,243,36,1
세종특별자치시  연서면(3611036000),7422,7422,336,406,866,737,880,1221,1430,892,581,71,2,4051,4051,160,221,565,463,540,704,758,402,223,15,0,3371,3371,176,185,301,274,340,517,672,490,358,56,2
세종특별자치시  전의면(3611037000),5578,5578,183,375,560,490,659,1021,1046,664,494,81,5,2962,2962,94,212,335,304,390,578,560,287,187,15,0,2616,2616,89,163,225,186,269,443,486,377,307,66,5
세종특별자치시  전동면(3611038000),3486,3486,72,116,280,242,338,692,872,507,314,51,2,1891,1891,31,62,156,155,217,412,483,259,106,9,1,1595,1595,41,54,124,87,121,280,389,248,208,42,1
세종특별자치시  소정면(3611039000),2413,2413,98,176,275,181,334,443,416,273,192,25,0,1281,1281,53,83,164,117,198,256,223,119,63,5,0,1132,1132,45,93,111,64,136,187,193,154,129,20,0
세종특별자치시  한솔동(3611051000),19181,19181,2540,3341,1724,2499,4481,2638,1226,488,203,39,2,9447,9447,1321,1697,894,1124,2135,1380,604,221,60,11,0,9734,9734,1219,1644,830,1375,2346,1258,622,267,143,28,2
세종특별자치시  새롬동(3611051500),31539,31539,4578,4214,3820,6304,6572,3483,1763,551,199,55,0,15286,15286,2317,2035,1752,2962,3290,1768,841,258,55,8,0,16253,16253,2261,2179,2068,3342,3282,1715,922,293,144,47,0
세종특별자치시  도담동(3611052000),40907,40907,5782,5496,4615,7547,8729,4713,2428,1033,459,105,0,19768,19768,2977,2754,2050,3523,4251,2446,1154,460,131,22,0,21139,21139,2805,2742,2565,4024,4478,2267,1274,573,328,83,0
세종특별자치시  아름동(3611053000),23618,23618,3459,4328,1850,3381,5913,2775,1250,463,164,34,1,11689,11689,1798,2274,899,1512,2825,1498,600,221,53,8,1,11929,11929,1661,2054,951,1869,3088,1277,650,242,111,26,0
세종특별자치시  종촌동(3611054000),29422,29422,4590,4209,2564,5372,6292,3252,1995,782,326,39,1,14295,14295,2353,2068,1202,2541,3125,1637,889,361,109,10,0,15127,15127,2237,2141,1362,2831,3167,1615,1106,421,217,29,1
세종특별자치시  고운동(3611055000),34419,34419,5910,4829,2566,6423,7595,3520,2438,843,248,47,0,16834,16834,2997,2475,1236,2983,3830,1676,1136,405,85,11,0,17585,17585,2913,2354,1330,3440,3765,1844,1302,438,163,36,0
세종특별자치시  소담동(3611055500),33596,33596,5853,3629,3220,7755,6494,3783,1981,614,211,52,4,16524,16524,2979,1778,1578,3709,3258,1881,992,290,51,7,1,17072,17072,2874,1851,1642,4046,3236,1902,989,324,160,45,3
세종특별자치시  보람동(3611056000),19351,19351,3126,2556,1872,3533,3948,2351,1341,440,154,30,0,9493,9493,1588,1306,910,1620,1972,1198,636,216,42,5,0,9858,9858,1538,1250,962,1913,1976,1153,705,224,112,25,0
세종특별자치시  대평동(3611057000),11259,11259,1647,1077,1373,2254,1964,1678,883,249,106,28,0,5576,5576,872,541,682,1104,979,815,426,126,27,4,0,5683,5683,775,536,691,1150,985,863,457,123,79,24,0
세종특별자치시  다정동(3611058000),27934,27934,4838,3466,2590,6031,5706,2895,1678,534,159,37,0,13478,13478,2432,1700,1193,2818,2842,1416,767,267,41,2,0,14456,14456,2406,1766,1397,3213,2864,1479,911,267,118,35,0
경기도  (4100000000),13479798,13479798,1130520,1325369,1812656,1901856,2298715,2242984,1587742,767606,357086,52864,2400,6784466,6784466,578890,681423,954827,981229,1169273,1136978,789501,349150,130158,12458,579,6695332,6695332,551630,643946,857829,920627,1129442,1106006,798241,418456,226928,40406,1821
북부출장소  (4110500000),0,0,0,0,0,0,0,0,0,0,0,0,0,0,0,0,0,0,0,0,0,0,0,0,0,0,0,0,0,0,0,0,0,0,0,0,0,0,0
경기도 수원시 (4111000000),1185532,1185532,94805,117430,186516,177506,201444,196348,125117,56593,25609,3965,199,597136,597136,48905,60760,98254,92457,101582,98028,61817,25359,9032,895,47,588396,588396,45900,56670,88262,85049,99862,98320,63300,31234,16577,3070,152
경기도 수원시 장안구 (4111100000),271170,271170,17609,28305,43729,32149,44353,48647,31703,15698,7661,1255,61,136718,136718,9071,14853,23968,16850,21996,24322,15626,6931,2780,307,14,134452,134452,8538,13452,19761,15299,22357,24325,16077,8767,4881,948,47
경기도 수원시 장안구 파장동(4111156000),23459,23459,1322,1814,3388,2975,3627,4332,3429,1676,771,117,8,11825,11825,681,942,1861,1571,1869,2186,1691,740,255,27,2,11634,11634,641,872,1527,1404,1758,2146,1738,936,516,90,6
경기도 수원시 장안구 율천동(4111156600),43236,43236,3033,4406,10286,5738,6396,6715,3904,1708,901,142,7,22951,22951,1547,2398,6333,3051,3202,3356,1970,740,312,41,1,20285,20285,1486,2008,3953,2687,3194,3359,1934,968,589,101,6
경기도 수원시 장안구 정자1동(4111157100),29434,29434,2430,3465,4055,3422,5294,5301,3104,1503,735,121,4,14528,14528,1245,1862,2168,1694,2521,2608,1487,658,259,25,1,14906,14906,1185,1603,1887,1728,2773,2693,1617,845,476,96,3
경기도 수원시 장안구 정자2동(4111157200),29682,29682,1859,3112,4315,3608,4970,5320,3497,1956,906,135,4,14551,14551,931,1596,2208,1879,2430,2632,1657,831,356,30,1,15131,15131,928,1516,2107,1729,2540,2688,1840,1125,550,105,3
경기도 수원시 장안구 정자3동(4111157300),42278,42278,3517,6805,6226,4365,8798,7503,2919,1338,697,108,2,21134,21134,1868,3509,3219,2129,4114,3916,1546,564,249,20,0,21144,21144,1649,3296,3007,2236,4684,3587,1373,774,448,88,2
경기도 수원시 장안구 영화동(4111158000),20023,20023,826,1183,2666,2416,2882,3902,3560,1772,703,106,7,10249,10249,432,609,1385,1367,1580,1988,1751,825,290,20,2,9774,9774,394,574,1281,1049,1302,1914,1809,947,413,86,5
경기도 수원시 장안구 송죽동(4111159100),19610,19610,1118,1732,2981,2593,3060,3645,2635,1207,544,88,7,9724,9724,561,945,1500,1365,1548,1776,1278,531,196,22,2,9886,9886,557,787,1481,1228,1512,1869,1357,676,348,66,5
경기도 수원시 장안구 조원1동(4111159700),28408,28408,1443,2715,4283,3217,4366,5389,3877,1980,973,165,0,14333,14333,755,1421,2282,1763,2232,2687,1921,891,330,51,0,14075,14075,688,1294,2001,1454,2134,2702,1956,1089,643,114,0
경기도 수원시 장안구 조원2동(4111159800),18925,18925,1374,2031,2897,2002,2840,3815,2142,1012,678,131,3,9117,9117,698,1020,1500,960,1317,1754,1111,453,260,41,3,9808,9808,676,1011,1397,1042,1523,2061,1031,559,418,90,0
경기도 수원시 장안구 연무동(4111160000),16115,16115,687,1042,2632,1813,2120,2725,2636,1546,753,142,19,8306,8306,353,551,1512,1071,1183,1419,1214,698,273,30,2,7809,7809,334,491,1120,742,937,1306,1422,848,480,112,17
경기도 수원시 권선구 (4111300000),365778,365778,31392,33028,53874,56995,61108,61656,41424,17435,7660,1154,52,184768,184768,16171,17157,28193,29841,31635,30412,20456,7990,2648,252,13,181010,181010,15221,15871,25681,27154,29473,31244,20968,9445,5012,902,39
경기도 수원시 권선구 세류1동(4111352000),10246,10246,836,601,1496,1679,1454,1859,1319,667,289,45,1,5141,5141,429,323,769,899,767,893,635,307,110,9,0,5105,5105,407,278,727,780,687,966,684,360,179,36,1
경기도 수원시 권선구 세류2동(4111353000),23574,23574,1127,1580,3590,3526,3654,4225,3444,1623,691,103,11,12176,12176,581,831,1906,2042,1961,2151,1638,760,269,33,4,11398,11398,546,749,1684,1484,1693,2074,1806,863,422,70,7
경기도 수원시 권선구 세류3동(4111354000),19091,19091,912,1523,2701,2542,3016,3386,2878,1470,577,82,4,9628,9628,428,809,1442,1405,1570,1667,1398,676,213,19,1,9463,9463,484,714,1259,1137,1446,1719,1480,794,364,63,3
경기도 수원시 권선구 평동(4111355000),40622,40622,3065,3508,6263,5677,6079,7453,5228,2176,1000,165,8,20587,20587,1597,1827,3396,2966,3126,3646,2635,1019,349,25,1,20035,20035,1468,1681,2867,2711,2953,3807,2593,1157,651,140,7
경기도 수원시 권선구 서둔동(4111356000),37743,37743,2332,3136,5771,5222,5968,6685,5127,2406,953,138,5,19230,19230,1171,1653,3071,2887,3168,3358,2486,1081,327,26,2,18513,18513,1161,1483,2700,2335,2800,3327,2641,1325,626,112,3
경기도 수원시 권선구 구운동(4111365000),24525,24525,1369,2027,3893,3221,3638,4772,3420,1426,659,97,3,12368,12368,682,1031,2065,1730,1892,2357,1696,675,217,23,0,12157,12157,687,996,1828,1491,1746,2415,1724,751,442,74,3
경기도 수원시 권선구 금곡동(4111366200),45622,45622,4817,4944,6150,6525,8127,7639,4409,1939,926,143,3,22548,22548,2467,2613,3156,3237,4045,3695,2151,833,313,38,0,23074,23074,2350,2331,2994,3288,4082,3944,2258,1106,613,105,3
경기도 수원시 권선구 호매실동(4111366400),46430,46430,6906,4633,5012,8938,8538,6057,3958,1596,704,85,3,23105,23105,3603,2324,2496,4380,4515,2905,1927,719,216,19,1,23325,23325,3303,2309,2516,4558,4023,3152,2031,877,488,66,2
경기도 수원시 권선구 권선1동(4111367000),24835,24835,1276,1695,5082,4462,3676,4136,2881,1097,460,67,3,12690,12690,660,899,2561,2416,1913,2093,1473,509,151,14,1,12145,12145,616,796,2521,2046,1763,2043,1408,588,309,53,2
경기도 수원시 권선구 권선2동(4111368000),48989,48989,5492,5386,6586,7743,8960,7902,4656,1517,635,105,7,24081,24081,2872,2800,3436,3716,4328,3707,2271,712,218,18,3,24908,24908,2620,2586,3150,4027,4632,4195,2385,805,417,87,4
경기도 수원시 권선구 곡선동(4111369000),27368,27368,1617,2205,5309,5232,4863,4630,2240,763,426,80,3,14737,14737,834,1125,2824,3022,2747,2479,1206,338,147,15,0,12631,12631,783,1080,2485,2210,2116,2151,1034,425,279,65,3
경기도 수원시 권선구 입북동(4111370000),16733,16733,1643,1790,2021,2228,3135,2912,1864,755,340,44,1,8477,8477,847,922,1071,1141,1603,1461,940,361,118,13,0,8256,8256,796,868,950,1087,1532,1451,924,394,222,31,1
경기도 수원시 팔달구 (4111500000),182377,182377,10361,14203,30218,26591,28136,31205,23721,12064,5127,706,45,92024,92024,5261,7250,15614,14437,14581,15854,11591,5398,1856,170,12,90353,90353,5100,6953,14604,12154,13555,15351,12130,6666,3271,536,33
경기도 수원시 팔달구 매교동(4111565000),5932,5932,239,314,885,928,844,1071,916,486,223,23,3,3130,3130,120,169,479,503,491,597,453,225,83,9,1,2802,2802,119,145,406,425,353,474,463,261,140,14,2
경기도 수원시 팔달구 매산동(4111566000),10494,10494,421,476,1799,1667,1427,1908,1608,797,330,54,7,5618,5618,221,240,988,946,821,1029,845,378,126,21,3,4876,4876,200,236,811,721,606,879,763,419,204,33,4
경기도 수원시 팔달구 고등동(4111567000),18603,18603,1542,1313,2583,3153,2801,3021,2365,1298,466,58,3,9409,9409,795,628,1300,1729,1504,1522,1126,602,192,11,0,9194,9194,747,685,1283,1424,1297,1499,1239,696,274,47,3
경기도 수원시 팔달구 화서1동(4111568000),22600,22600,1466,2071,3145,2571,3682,4020,3149,1714,693,84,5,11001,11001,724,1026,1600,1332,1815,1946,1509,760,264,23,2,11599,11599,742,1045,1545,1239,1867,2074,1640,954,429,61,3
경기도 수원시 팔달구 화서2동(4111569000),26409,26409,1943,2908,4084,3424,4402,5046,2704,1193,612,87,6,12991,12991,999,1465,2118,1699,2085,2462,1391,544,206,20,2,13418,13418,944,1443,1966,1725,2317,2584,1313,649,406,67,4
경기도 수원시 팔달구 지동(4111570000),11071,11071,392,690,1354,1158,1582,2044,2075,1189,517,67,3,5629,5629,209,365,742,638,869,1095,1002,515,180,13,1,5442,5442,183,325,612,520,713,949,1073,674,337,54,2
경기도 수원시 팔달구 우만1동(4111571000),20324,20324,872,1360,3235,2878,2955,3616,3015,1633,672,81,7,10138,10138,456,708,1726,1613,1568,1787,1361,682,220,16,1,10186,10186,416,652,1509,1265,1387,1829,1654,951,452,65,6
경기도 수원시 팔달구 우만2동(4111572000),17081,17081,1140,1773,3618,2205,2699,2680,1775,782,352,56,1,8571,8571,560,977,1983,1148,1298,1295,844,330,125,11,0,8510,8510,580,796,1635,1057,1401,1385,931,452,227,45,1
경기도 수원시 팔달구 인계동(4111573000),39192,39192,2085,2838,8023,7294,6316,5762,4127,1836,795,110,6,19830,19830,1045,1425,3954,4053,3268,2933,2022,837,272,20,1,19362,19362,1040,1413,4069,3241,3048,2829,2105,999,523,90,5
경기도 수원시 팔달구 행궁동(4111574000),10671,10671,261,460,1492,1313,1428,2037,1987,1136,467,86,4,5707,5707,132,247,724,776,862,1188,1038,525,188,26,1,4964,4964,129,213,768,537,566,849,949,611,279,60,3
경기도 수원시 영통구 (4111700000),366207,366207,35443,41894,58695,61771,67847,54840,28269,11396,5161,850,41,183626,183626,18402,21500,30479,31329,33370,27440,14144,5040,1748,166,8,182581,182581,17041,20394,28216,30442,34477,27400,14125,6356,3413,684,33
경기도 수원시 영통구 매탄1동(4111751000),18015,18015,1092,1833,3079,2362,2907,3278,2144,911,340,65,4,9052,9052,552,939,1692,1255,1396,1633,1027,431,116,10,1,8963,8963,540,894,1387,1107,1511,1645,1117,480,224,55,3
경기도 수원시 영통구 매탄2동(4111752000),14935,14935,850,1501,2464,1900,2377,2742,1835,836,358,67,5,7411,7411,458,790,1237,1018,1174,1316,910,376,118,13,1,7524,7524,392,711,1227,882,1203,1426,925,460,240,54,4
경기도 수원시 영통구 매탄3동(4111753000),36154,36154,2768,4352,6450,5512,6756,5619,2854,1180,579,80,4,18666,18666,1429,2231,3569,3027,3374,2867,1429,544,184,12,0,17488,17488,1339,2121,2881,2485,3382,2752,1425,636,395,68,4
경기도 수원시 영통구 매탄4동(4111754000),21884,21884,1302,2228,3756,3189,3677,3779,2389,1002,487,72,3,10708,10708,694,1132,1992,1666,1714,1796,1119,429,149,16,1,11176,11176,608,1096,1764,1523,1963,1983,1270,573,338,56,2
경기도 수원시 영통구 원천동(4111755000),38889,38889,4318,3638,6504,7240,7302,4785,3137,1311,555,97,2,19697,19697,2236,1905,3354,3656,3812,2456,1499,580,180,19,0,19192,19192,2082,1733,3150,3584,3490,2329,1638,731,375,78,2
경기도 수원시 영통구 영통1동(4111757000),35440,35440,3485,4750,4886,5369,6981,5727,2544,1056,556,79,7,17438,17438,1790,2450,2504,2615,3310,2817,1299,417,214,19,3,18002,18002,1695,2300,2382,2754,3671,2910,1245,639,342,60,4
경기도 수원시 영통구 영통2동(4111758000),26394,26394,2517,2135,5522,6674,4193,3180,1262,575,288,45,3,13997,13997,1292,1105,3137,3736,2159,1602,630,220,104,11,1,12397,12397,1225,1030,2385,2938,2034,1578,632,355,184,34,2
경기도 수원시 영통구 영통3동(4111758500),32916,32916,2550,4307,6597,4412,6031,5391,2284,813,449,81,1,16810,16810,1291,2262,3543,2329,2840,2766,1258,346,162,13,0,16106,16106,1259,2045,3054,2083,3191,2625,1026,467,287,68,1
경기도 수원시 영통구 망포1동(4111759300),31250,31250,3392,4022,4484,4877,5777,5169,2299,815,349,64,2,15763,15763,1767,2046,2433,2391,2830,2587,1233,353,113,10,0,15487,15487,1625,1976,2051,2486,2947,2582,1066,462,236,54,2
경기도 수원시 영통구 망포2동(4111759600),28023,28023,4263,3238,3327,5483,5579,3680,1615,544,253,38,3,13983,13983,2239,1672,1634,2618,2816,1848,819,249,81,7,0,14040,14040,2024,1566,1693,2865,2763,1832,796,295,172,31,3
경기도 수원시 영통구 광교1동(4111760000),52998,52998,5484,6826,8434,9426,10638,7300,3145,1187,467,89,2,25948,25948,2893,3399,3830,4478,5139,3808,1656,558,165,22,0,27050,27050,2591,3427,4604,4948,5499,3492,1489,629,302,67,2
경기도 수원시 영통구 광교2동(4111761000),29309,29309,3422,3064,3192,5327,5629,4190,2761,1166,480,73,5,14153,14153,1761,1569,1554,2540,2806,1944,1265,537,162,14,1,15156,15156,1661,1495,1638,2787,2823,2246,1496,629,318,59,4
경기도 성남시 (4113000000),932867,932867,67266,86510,130689,135421,155085,154722,116031,57641,25187,4118,197,462086,462086,34397,44356,67012,68933,76514,77390,56787,26239,9399,1013,46,470781,470781,32869,42154,63677,66488,78571,77332,59244,31402,15788,3105,151
경기도 성남시 수정구 (4113100000),238336,238336,15358,17180,34842,35391,36958,40467,33903,16935,6354,889,59,120625,120625,7774,8787,18328,18913,19556,20608,16438,7705,2305,194,17,117711,117711,7584,8393,16514,16478,17402,19859,17465,9230,4049,695,42
경기도 성남시 수정구 신흥1동(4113151000),13349,13349,480,716,2007,1789,1988,2507,2255,1112,438,54,3,7032,7032,244,378,1085,1051,1156,1393,1090,483,138,13,1,6317,6317,236,338,922,738,832,1114,1165,629,300,41,2
경기도 성남시 수정구 신흥2동(4113152000),20289,20289,1788,1612,2649,3354,3095,3472,2777,1125,356,56,5,9943,9943,877,799,1329,1701,1529,1647,1344,568,129,18,2,10346,10346,911,813,1320,1653,1566,1825,1433,557,227,38,3
경기도 성남시 수정구 신흥3동(4113153000),11268,11268,427,629,1749,1540,1692,2156,1758,954,320,41,2,5873,5873,206,337,914,887,941,1163,865,429,121,9,1,5395,5395,221,292,835,653,751,993,893,525,199,32,1
경기도 성남시 수정구 태평1동(4113154000),15544,15544,512,742,2838,2163,2130,2686,2467,1402,540,61,3,7973,7973,269,377,1467,1209,1210,1401,1208,616,199,17,0,7571,7571,243,365,1371,954,920,1285,1259,786,341,44,3
경기도 성남시 수정구 태평2동(4113155000),15555,15555,730,1065,2517,2142,2256,2767,2270,1228,506,68,6,7818,7818,350,564,1331,1179,1181,1421,1069,537,175,10,1,7737,7737,380,501,1186,963,1075,1346,1201,691,331,58,5
경기도 성남시 수정구 태평3동(4113156000),13458,13458,603,919,1940,1723,1966,2543,2176,1092,432,62,2,6892,6892,310,451,1101,944,1039,1326,1087,464,154,15,1,6566,6566,293,468,839,779,927,1217,1089,628,278,47,1
경기도 성남시 수정구 태평4동(4113156100),13396,13396,674,1167,2068,1630,2097,2360,1846,1054,450,49,1,6771,6771,337,590,1125,908,1055,1216,896,461,175,8,0,6625,6625,337,577,943,722,1042,1144,950,593,275,41,1
경기도 성남시 수정구 수진1동(4113157000),12572,12572,372,654,1793,1463,1740,2544,2270,1229,439,60,8,6548,6548,188,359,985,854,966,1390,1104,541,149,11,1,6024,6024,184,295,808,609,774,1154,1166,688,290,49,7
경기도 성남시 수정구 수진2동(4113158000),16010,16010,778,1068,2353,2087,2262,2850,2633,1436,480,56,7,8038,8038,375,561,1212,1141,1180,1422,1263,665,202,14,3,7972,7972,403,507,1141,946,1082,1428,1370,771,278,42,4
경기도 성남시 수정구 단대동(4113159000),15807,15807,1042,1286,2154,2209,2434,2731,2194,1198,482,70,7,7827,7827,536,678,1138,1142,1258,1329,1020,522,186,14,4,7980,7980,506,608,1016,1067,1176,1402,1174,676,296,56,3
경기도 성남시 수정구 산성동(4113160000),7652,7652,376,633,923,961,1282,1286,1188,725,248,28,2,3946,3946,200,335,522,542,705,652,554,326,105,5,0,3706,3706,176,298,401,419,577,634,634,399,143,23,2
경기도 성남시 수정구 양지동(4113161000),9935,9935,558,920,1361,1099,1645,1731,1449,828,301,42,1,4913,4913,283,474,685,573,840,877,690,363,118,9,1,5022,5022,275,446,676,526,805,854,759,465,183,33,0
경기도 성남시 수정구 복정동(4113162000),11109,11109,704,486,2268,2577,1994,1383,1058,470,130,37,2,6132,6132,363,250,1218,1531,1205,755,516,237,52,5,0,4977,4977,341,236,1050,1046,789,628,542,233,78,32,2
경기도 성남시 수정구 위례동(4113162500),45770,45770,4923,4173,5594,7350,8100,7055,5463,2075,883,148,6,22383,22383,2502,2043,2795,3482,4113,3414,2705,1007,288,32,2,23387,23387,2421,2130,2799,3868,3987,3641,2758,1068,595,116,4
경기도 성남시 수정구 신촌동(4113163000),4753,4753,499,448,738,882,754,613,507,215,81,16,0,2546,2546,260,251,470,480,400,308,243,104,26,4,0,2207,2207,239,197,268,402,354,305,264,111,55,12,0
경기도 성남시 수정구 고등동(4113164000),8741,8741,732,514,1384,1910,1100,1318,1060,519,175,28,1,4320,4320,392,255,658,990,550,659,515,245,49,7,0,4421,4421,340,259,726,920,550,659,545,274,126,21,1
경기도 성남시 수정구 시흥동(4113165000),3128,3128,160,148,506,512,423,465,532,273,93,13,3,1670,1670,82,85,293,299,228,235,269,137,39,3,0,1458,1458,78,63,213,213,195,230,263,136,54,10,3
경기도 성남시 중원구 (4113300000),215314,215314,13082,16324,30977,31205,32661,37757,31396,15248,5776,827,61,109100,109100,6709,8420,16051,16777,17211,19140,15589,6994,2040,158,11,106214,106214,6373,7904,14926,14428,15450,18617,15807,8254,3736,669,50
경기도 성남시 중원구 성남동(4113351000),33880,33880,1571,1919,5893,5834,4818,5494,4730,2513,955,145,8,17560,17560,787,970,2990,3348,2684,2831,2376,1178,359,35,2,16320,16320,784,949,2903,2486,2134,2663,2354,1335,596,110,6
경기도 성남시 중원구 중앙동(4113352500),13721,13721,861,851,1551,1854,2149,2557,2309,1146,390,52,1,7282,7282,452,454,849,965,1216,1452,1226,514,142,12,0,6439,6439,409,397,702,889,933,1105,1083,632,248,40,1
경기도 성남시 중원구 금광1동(4113353000),6889,6889,406,429,934,1089,1009,1189,1103,481,192,24,33,3535,3535,204,220,476,597,546,604,572,227,79,5,5,3354,3354,202,209,458,492,463,585,531,254,113,19,28
경기도 성남시 중원구 금광2동(4113354000),25692,25692,1377,2007,3880,3735,3860,4394,3787,1854,705,89,4,12602,12602,678,981,1881,1931,1975,2194,1817,861,265,19,0,13090,13090,699,1026,1999,1804,1885,2200,1970,993,440,70,4
경기도 성남시 중원구 은행1동(4113355000),10537,10537,647,999,1806,1373,1593,1755,1325,722,287,30,0,5160,5160,352,481,886,688,794,877,643,335,100,4,0,5377,5377,295,518,920,685,799,878,682,387,187,26,0
경기도 성남시 중원구 은행2동(4113356000),24231,24231,1275,1932,3634,3018,3595,4401,3492,2003,786,92,3,12047,12047,681,1018,1915,1644,1800,2195,1663,815,298,18,0,12184,12184,594,914,1719,1374,1795,2206,1829,1188,488,74,3
경기도 성남시 중원구 상대원1동(4113357000),25685,25685,1630,1789,3426,4004,3930,4560,3826,1773,656,89,2,13296,13296,855,920,1859,2227,2165,2317,1890,816,227,19,1,12389,12389,775,869,1567,1777,1765,2243,1936,957,429,70,1
경기도 성남시 중원구 상대원2동(4113358000),13487,13487,514,933,1722,1599,1917,2847,2352,1128,411,58,6,7031,7031,264,468,936,905,1066,1551,1176,534,119,10,2,6456,6456,250,465,786,694,851,1296,1176,594,292,48,4
경기도 성남시 중원구 상대원3동(4113359000),12402,12402,553,868,1776,1549,1770,2494,2019,964,352,56,1,6502,6502,280,476,964,903,963,1301,1038,462,106,9,0,5900,5900,273,392,812,646,807,1193,981,502,246,47,1
경기도 성남시 중원구 하대원동(4113366000),21047,21047,1420,1752,3067,2889,3038,3880,3201,1242,473,84,1,10608,10608,698,959,1632,1513,1554,1858,1655,578,151,10,0,10439,10439,722,793,1435,1376,1484,2022,1546,664,322,74,1
경기도 성남시 중원구 도촌동(4113367000),27743,27743,2828,2845,3288,4261,4982,4186,3252,1422,569,108,2,13477,13477,1458,1473,1663,2056,2448,1960,1533,674,194,17,1,14266,14266,1370,1372,1625,2205,2534,2226,1719,748,375,91,1
경기도 성남시 분당구 (4113500000),479217,479217,38826,53006,64870,68825,85466,76498,50732,25458,13057,2402,77,232361,232361,19914,27149,32633,33243,39747,37642,24760,11540,5054,661,18,246856,246856,18912,25857,32237,35582,45719,38856,25972,13918,8003,1741,59
경기도 성남시 분당구 분당동(4113551000),26219,26219,1956,2923,3690,3568,4572,4239,2973,1433,728,132,5,12900,12900,1009,1528,1923,1798,2112,2054,1446,686,305,37,2,13319,13319,947,1395,1767,1770,2460,2185,1527,747,423,95,3
경기도 성남시 분당구 수내1동(4113552000),17954,17954,1245,2195,2439,2422,3682,2889,1398,922,658,101,3,8559,8559,646,1148,1173,1128,1633,1490,678,380,248,35,0,9395,9395,599,1047,1266,1294,2049,1399,720,542,410,66,3
경기도 성남시 분당구 수내2동(4113553000),10534,10534,1153,1948,949,851,2590,1492,772,469,263,45,2,5108,5108,555,977,507,351,1174,835,378,209,109,11,2,5426,5426,598,971,442,500,1416,657,394,260,154,34,0
경기도 성남시 분당구 수내3동(4113554000),14027,14027,1026,2408,1861,1537,3150,2149,1127,490,241,37,1,6963,6963,523,1261,965,775,1449,1122,547,222,87,12,0,7064,7064,503,1147,896,762,1701,1027,580,268,154,25,1
경기도 성남시 분당구 정자동(4113554500),19661,19661,1423,1916,3101,3426,3209,2938,2134,1023,417,70,4,9835,9835,728,961,1647,1797,1528,1448,1036,481,190,18,1,9826,9826,695,955,1454,1629,1681,1490,1098,542,227,52,3
경기도 성남시 분당구 정자1동(4113555000),30934,30934,2024,3299,4694,4928,5903,4837,2561,1656,907,117,8,14586,14586,1026,1610,2141,2279,2591,2446,1247,775,421,46,4,16348,16348,998,1689,2553,2649,3312,2391,1314,881,486,71,4
경기도 성남시 분당구 정자2동(4113556000),15791,15791,902,1355,2029,2908,2620,2357,1791,1045,654,126,4,7473,7473,495,728,1021,1454,1190,1122,853,401,179,29,1,8318,8318,407,627,1008,1454,1430,1235,938,644,475,97,3
경기도 성남시 분당구 정자3동(4113557000),15459,15459,1316,1749,1998,2291,2803,2408,1468,794,522,109,1,7482,7482,677,919,1030,1105,1304,1181,694,324,217,30,1,7977,7977,639,830,968,1186,1499,1227,774,470,305,79,0
경기도 성남시 분당구 서현1동(4113558000),32241,32241,2436,4301,4541,4210,6255,5062,2833,1557,885,158,3,15584,15584,1247,2191,2241,2034,2849,2543,1378,688,370,42,1,16657,16657,1189,2110,2300,2176,3406,2519,1455,869,515,116,2
경기도 성남시 분당구 서현2동(4113559000),18615,18615,1407,2271,2726,2370,3209,3306,1976,825,445,79,1,9190,9190,733,1188,1454,1190,1436,1627,986,394,166,16,0,9425,9425,674,1083,1272,1180,1773,1679,990,431,279,63,1
경기도 성남시 분당구 이매1동(4113560000),25795,25795,2244,3123,3324,3553,4563,4175,2673,1371,624,140,5,12571,12571,1174,1567,1718,1714,2099,2079,1316,622,243,37,2,13224,13224,1070,1556,1606,1839,2464,2096,1357,749,381,103,3
경기도 성남시 분당구 이매2동(4113561000),13544,13544,997,1828,1766,1302,2327,2404,1653,791,399,76,1,6626,6626,518,981,910,589,1023,1192,846,380,169,17,1,6918,6918,479,847,856,713,1304,1212,807,411,230,59,0
경기도 성남시 분당구 야탑1동(4113562000),17516,17516,1278,1281,2713,2829,2710,2676,2314,1147,469,94,5,8667,8667,644,674,1397,1425,1352,1260,1152,545,191,26,1,8849,8849,634,607,1316,1404,1358,1416,1162,602,278,68,4
경기도 성남시 분당구 야탑2동(4113563000),16689,16689,1252,1774,2116,2064,2740,2583,2276,1177,602,102,3,7957,7957,609,916,1036,966,1235,1251,1120,546,251,27,0,8732,8732,643,858,1080,1098,1505,1332,1156,631,351,75,3
경기도 성남시 분당구 야탑3동(4113564000),28966,28966,2166,2025,4101,5293,4310,4526,3856,1737,795,146,11,14261,14261,1129,1008,2121,2814,2180,2111,1842,782,245,29,0,14705,14705,1037,1017,1980,2479,2130,2415,2014,955,550,117,11
경기도 성남시 분당구 판교동(4113565000),23740,23740,2945,3412,2329,3053,5248,3440,2019,872,364,56,2,11650,11650,1509,1776,1147,1336,2486,1810,1004,417,153,12,0,12090,12090,1436,1636,1182,1717,2762,1630,1015,455,211,44,2
경기도 성남시 분당구 삼평동(4113565500),24827,24827,2653,3058,3042,3555,4648,3996,2403,973,420,76,3,12100,12100,1389,1534,1529,1614,2255,2005,1148,452,157,16,1,12727,12727,1264,1524,1513,1941,2393,1991,1255,521,263,60,2
경기도 성남시 분당구 백현동(4113565700),27554,27554,2812,3074,3807,3712,4683,4820,2881,1205,475,84,1,13283,13283,1446,1593,1885,1714,2210,2291,1403,567,150,24,0,14271,14271,1366,1481,1922,1998,2473,2529,1478,638,325,60,1
경기도 성남시 분당구 금곡동(4113566200),28607,28607,1907,2325,4008,4616,4336,4539,3601,1994,1076,203,2,13464,13464,962,1161,1964,2222,2013,2129,1703,856,398,56,0,15143,15143,945,1164,2044,2394,2323,2410,1898,1138,678,147,2
경기도 성남시 분당구 구미1동(4113566500),17680,17680,1314,1660,2715,2745,2917,2936,1877,936,481,97,2,8560,8560,692,810,1314,1360,1387,1421,928,425,194,29,0,9120,9120,622,850,1401,1385,1530,1515,949,511,287,68,2
경기도 성남시 분당구 구미동(4113567000),31307,31307,2201,2692,4495,4486,4938,5209,3644,2098,1248,288,8,15028,15028,1081,1410,2285,2186,2285,2484,1810,916,472,98,1,16279,16279,1120,1282,2210,2300,2653,2725,1834,1182,776,190,7
경기도 성남시 분당구 운중동(4113568000),21557,21557,2169,2389,2426,3106,4053,3517,2502,943,384,66,2,10514,10514,1122,1208,1225,1392,1956,1741,1245,472,139,14,0,11043,11043,1047,1181,1201,1714,2097,1776,1257,471,245,52,2
경기도 의정부시 (4115000000),461077,461077,33807,41978,64810,59618,74164,80276,58778,31165,14451,1902,128,227112,227112,17460,21673,32789,30458,37248,39477,28437,13737,5370,436,27,233965,233965,16347,20305,32021,29160,36916,40799,30341,17428,9081,1466,101
경기도 의정부시 의정부1동(4115051000),32291,32291,1111,1645,6586,4881,4421,5500,4585,2290,1056,154,62,16424,16424,588,831,3055,2685,2475,2989,2342,1008,402,37,12,15867,15867,523,814,3531,2196,1946,2511,2243,1282,654,117,50
경기도 의정부시 의정부2동(4115052000),31320,31320,1771,2088,5367,4592,4768,5513,4077,2110,917,112,5,15521,15521,936,1124,2597,2415,2459,2741,1942,915,358,31,3,15799,15799,835,964,2770,2177,2309,2772,2135,1195,559,81,2
경기도 의정부시 호원1동(4115054500),36185,36185,2252,2802,4732,4512,5732,5904,5300,3463,1345,141,2,17645,17645,1171,1428,2284,2294,2992,2858,2414,1583,578,42,1,18540,18540,1081,1374,2448,2218,2740,3046,2886,1880,767,99,1
경기도 의정부시 호원2동(4115055500),34940,34940,2378,3375,4534,3955,5537,5968,4632,2993,1407,156,5,16941,16941,1224,1702,2322,2001,2662,2930,2161,1295,588,55,1,17999,17999,1154,1673,2212,1954,2875,3038,2471,1698,819,101,4
경기도 의정부시 장암동(4115056100),20507,20507,1456,2043,2419,2234,3413,3421,2880,1708,806,118,9,9797,9797,730,1047,1211,1117,1688,1620,1376,715,274,18,1,10710,10710,726,996,1208,1117,1725,1801,1504,993,532,100,8
경기도 의정부시 신곡1동(4115056700),43428,43428,2720,3905,6085,5090,6639,8518,6011,2945,1341,168,6,21331,21331,1442,1999,3148,2627,3247,4092,2939,1332,474,30,1,22097,22097,1278,1906,2937,2463,3392,4426,3072,1613,867,138,5
경기도 의정부시 신곡2동(4115056800),48026,48026,3429,5072,6929,5466,7624,8907,6132,2872,1376,215,4,23335,23335,1794,2652,3516,2768,3673,4188,2956,1253,488,47,0,24691,24691,1635,2420,3413,2698,3951,4719,3176,1619,888,168,4
경기도 의정부시 송산1동(4115057300),40368,40368,3419,3569,5533,5717,6513,6986,4985,2257,1216,166,7,20043,20043,1732,1854,2859,2958,3263,3407,2499,1039,404,26,2,20325,20325,1687,1715,2674,2759,3250,3579,2486,1218,812,140,5
경기도 의정부시 송산2동(4115057600),33660,33660,2764,4209,4587,3776,6230,6014,3103,1894,943,137,3,16682,16682,1431,2155,2432,1871,3003,3090,1503,806,363,27,1,16978,16978,1333,2054,2155,1905,3227,2924,1600,1088,580,110,2
경기도 의정부시 송산3동(4115057800),46832,46832,6565,5189,5208,8159,9171,6121,3869,1721,724,102,3,22763,22763,3362,2589,2589,3859,4603,2946,1798,770,220,26,1,24069,24069,3203,2600,2619,4300,4568,3175,2071,951,504,76,2
경기도 의정부시 자금동(4115058000),27033,27033,1904,2445,3773,3201,4150,5059,3563,1872,944,117,5,13227,13227,945,1284,1962,1613,2044,2450,1750,816,330,32,1,13806,13806,959,1161,1811,1588,2106,2609,1813,1056,614,85,4
경기도 의정부시 가능동(4115059500),25956,25956,1491,2015,3579,3263,3830,4918,3811,2024,911,109,5,12981,12981,760,1070,1867,1751,1958,2433,1893,890,340,18,1,12975,12975,731,945,1712,1512,1872,2485,1918,1134,571,91,4
경기도 의정부시 흥선동(4115061500),18616,18616,1078,1531,2484,2207,2661,3502,2869,1472,717,85,10,9476,9476,561,807,1355,1192,1425,1778,1438,637,267,14,2,9140,9140,517,724,1129,1015,1236,1724,1431,835,450,71,8
경기도 의정부시 녹양동(4115062000),21915,21915,1469,2090,2994,2565,3475,3945,2961,1544,748,122,2,10946,10946,784,1131,1592,1307,1756,1955,1426,678,284,33,0,10969,10969,685,959,1402,1258,1719,1990,1535,866,464,89,2
경기도 안양시 (4117000000),551189,551189,39104,51860,77171,77390,87348,96883,73052,31808,14289,2181,103,272626,272626,19908,26889,40000,39806,42898,47054,35966,14647,4919,512,27,278563,278563,19196,24971,37171,37584,44450,49829,37086,17161,9370,1669,76
경기도 안양시 만안구 (4117100000),238231,238231,15164,18501,34202,32830,34691,42909,35303,16530,7073,976,52,119297,119297,7685,9654,17875,17371,17782,21073,17365,7736,2526,216,14,118934,118934,7479,8847,16327,15459,16909,21836,17938,8794,4547,760,38
경기도 안양시 만안구 안양1동(4117151000),12518,12518,902,1066,1913,1864,1960,2163,1588,735,277,49,1,6241,6241,447,539,963,967,980,1087,784,351,111,12,0,6277,6277,455,527,950,897,980,1076,804,384,166,37,1
경기도 안양시 만안구 안양2동(4117152000),21551,21551,1102,1483,3491,2889,2963,3956,3311,1619,642,89,6,10826,10826,536,776,1731,1588,1555,1928,1681,776,236,17,2,10725,10725,566,707,1760,1301,1408,2028,1630,843,406,72,4
경기도 안양시 만안구 안양3동(4117153000),16534,16534,801,1299,2427,2144,2278,3005,2756,1285,485,53,1,8244,8244,430,672,1303,1156,1168,1436,1314,584,168,12,1,8290,8290,371,627,1124,988,1110,1569,1442,701,317,41,0
경기도 안양시 만안구 안양4동(4117154000),7122,7122,256,474,1068,924,954,1295,1086,663,355,47,0,3548,3548,128,235,516,517,524,667,531,277,131,22,0,3574,3574,128,239,552,407,430,628,555,386,224,25,0
경기도 안양시 만안구 안양5동(4117155000),10407,10407,451,710,1399,1317,1444,1882,1785,915,447,53,4,5178,5178,234,380,731,705,734,965,865,400,151,12,1,5229,5229,217,330,668,612,710,917,920,515,296,41,3
경기도 안양시 만안구 안양6동(4117156000),23772,23772,1509,1471,3605,4199,3548,3938,3286,1471,663,74,8,12200,12200,763,759,1884,2325,1907,1989,1595,712,236,28,2,11572,11572,746,712,1721,1874,1641,1949,1691,759,427,46,6
경기도 안양시 만안구 안양7동(4117157000),15497,15497,1706,1281,1956,2656,2558,2532,1753,736,262,52,5,7600,7600,842,647,983,1263,1308,1254,843,349,98,11,2,7897,7897,864,634,973,1393,1250,1278,910,387,164,41,3
경기도 안양시 만안구 안양8동(4117158000),10823,10823,449,693,1578,1490,1448,1982,1921,872,339,47,4,5612,5612,237,359,864,891,796,982,935,408,136,4,0,5211,5211,212,334,714,599,652,1000,986,464,203,43,4
경기도 안양시 만안구 안양9동(4117158100),17414,17414,954,1245,2424,2109,2256,3280,2957,1452,648,76,13,8600,8600,481,636,1291,1157,1143,1536,1433,663,242,13,5,8814,8814,473,609,1133,952,1113,1744,1524,789,406,63,8
경기도 안양시 만안구 석수1동(4117159000),19512,19512,1387,1476,2520,2674,2885,3440,3035,1374,607,114,0,9599,9599,750,784,1319,1332,1393,1612,1487,692,203,27,0,9913,9913,637,692,1201,1342,1492,1828,1548,682,404,87,0
경기도 안양시 만안구 석수2동(4117160000),32041,32041,2115,2568,4582,4063,4759,6087,4541,2217,966,140,3,16074,16074,1074,1379,2409,2069,2437,3024,2266,1029,360,27,0,15967,15967,1041,1189,2173,1994,2322,3063,2275,1188,606,113,3
경기도 안양시 만안구 석수3동(4117161000),13466,13466,900,1306,1949,1489,2061,2535,1953,832,393,48,0,6766,6766,432,702,1072,769,1029,1260,991,385,119,7,0,6700,6700,468,604,877,720,1032,1275,962,447,274,41,0
경기도 안양시 만안구 박달1동(4117162100),15069,15069,640,1134,2115,1638,2128,3067,2445,1301,534,62,5,7581,7581,299,589,1102,912,1106,1593,1195,597,176,11,1,7488,7488,341,545,1013,726,1022,1474,1250,704,358,51,4
경기도 안양시 만안구 박달2동(4117163000),22505,22505,1992,2295,3175,3374,3449,3747,2886,1058,455,72,2,11228,11228,1032,1197,1707,1720,1702,1740,1445,513,159,13,0,11277,11277,960,1098,1468,1654,1747,2007,1441,545,296,59,2
경기도 안양시 동안구 (4117300000),312958,312958,23940,33359,42969,44560,52657,53974,37749,15278,7216,1205,51,153329,153329,12223,17235,22125,22435,25116,25981,18601,6911,2393,296,13,159629,159629,11717,16124,20844,22125,27541,27993,19148,8367,4823,909,38
경기도 안양시 동안구 비산1동(4117351000),21288,21288,1722,2185,2861,2739,3422,3852,2887,1083,454,80,3,10384,10384,915,1145,1422,1321,1625,1835,1423,504,175,19,0,10904,10904,807,1040,1439,1418,1797,2017,1464,579,279,61,3
경기도 안양시 동안구 비산2동(4117352000),10956,10956,781,1057,1595,1374,1650,2081,1520,628,227,43,0,5294,5294,396,527,814,673,784,972,753,297,70,8,0,5662,5662,385,530,781,701,866,1109,767,331,157,35,0
경기도 안양시 동안구 비산3동(4117353000),17501,17501,843,1299,2643,2231,2216,3528,2905,1168,561,103,4,8650,8650,424,703,1401,1185,1106,1659,1429,545,169,28,1,8851,8851,419,596,1242,1046,1110,1869,1476,623,392,75,3
경기도 안양시 동안구 부흥동(4117354000),17296,17296,1382,2200,2088,2159,3246,2716,2069,929,437,68,2,8310,8310,734,1160,1070,1023,1493,1325,964,400,125,15,1,8986,8986,648,1040,1018,1136,1753,1391,1105,529,312,53,1
경기도 안양시 동안구 달안동(4117354600),10862,10862,657,709,1485,2244,1787,1657,1326,591,346,58,2,4951,4951,328,368,698,1140,819,721,567,208,90,12,0,5911,5911,329,341,787,1104,968,936,759,383,256,46,2
경기도 안양시 동안구 관양1동(4117355000),36351,36351,1982,2868,5773,4780,4892,6954,5420,2431,1069,170,12,17803,17803,1025,1510,3077,2527,2365,3239,2589,1072,349,47,3,18548,18548,957,1358,2696,2253,2527,3715,2831,1359,720,123,9
경기도 안양시 동안구 관양2동(4117356000),19091,19091,1211,1415,2944,2972,2945,3453,2434,1126,513,75,3,9710,9710,616,694,1590,1639,1490,1726,1225,524,187,19,0,9381,9381,595,721,1354,1333,1455,1727,1209,602,326,56,3
경기도 안양시 동안구 부림동(4117356600),26872,26872,2168,2354,3618,5681,4955,3972,2489,1027,544,62,2,13025,13025,1071,1215,1767,2952,2391,1841,1197,398,178,14,1,13847,13847,1097,1139,1851,2729,2564,2131,1292,629,366,48,1
경기도 안양시 동안구 평촌동(4117357000),14749,14749,1337,1639,2111,1863,2416,2926,1502,572,341,36,6,7274,7274,689,839,1108,890,1123,1452,763,273,125,11,1,7475,7475,648,800,1003,973,1293,1474,739,299,216,25,5
경기도 안양시 동안구 평안동(4117357600),23628,23628,2355,3710,2553,3170,5224,3407,1931,756,439,81,2,11496,11496,1202,1906,1330,1468,2429,1730,967,315,128,19,2,12132,12132,1153,1804,1223,1702,2795,1677,964,441,311,62,0
경기도 안양시 동안구 귀인동(4117357800),16628,16628,1359,3433,1826,1222,3968,2606,1295,567,308,44,0,8198,8198,745,1795,914,517,1809,1377,668,246,113,14,0,8430,8430,614,1638,912,705,2159,1229,627,321,195,30,0
경기도 안양시 동안구 호계1동(4117358000),16937,16937,2336,1508,1906,3666,2991,2262,1498,527,193,45,5,8533,8533,1188,787,951,1825,1554,1132,742,277,70,6,1,8404,8404,1148,721,955,1841,1437,1130,756,250,123,39,4
경기도 안양시 동안구 호계2동(4117359000),19889,19889,1428,1608,3136,3018,2771,3632,2836,976,414,68,2,9757,9757,713,828,1607,1563,1328,1703,1400,454,143,17,1,10132,10132,715,780,1529,1455,1443,1929,1436,522,271,51,1
경기도 안양시 동안구 호계3동(4117360000),21648,21648,1586,2027,3196,2929,3210,4109,3091,983,442,72,3,10863,10863,808,991,1703,1497,1598,1965,1620,519,146,15,1,10785,10785,778,1036,1493,1432,1612,2144,1471,464,296,57,2
경기도 안양시 동안구 범계동(4117361000),15176,15176,1132,2234,1963,1823,2911,2494,1469,676,386,87,1,7249,7249,559,1166,965,846,1320,1212,747,282,126,26,0,7927,7927,573,1068,998,977,1591,1282,722,394,260,61,1
경기도 안양시 동안구 신촌동(4117362000),13046,13046,929,1590,1825,1619,2120,2404,1663,608,238,50,0,6445,6445,456,833,950,822,978,1163,852,297,84,10,0,6601,6601,473,757,875,797,1142,1241,811,311,154,40,0
경기도 안양시 동안구 갈산동(4117363000),11040,11040,732,1523,1446,1070,1933,1921,1414,630,304,63,4,5387,5387,354,768,758,547,904,929,695,300,115,16,1,5653,5653,378,755,688,523,1029,992,719,330,189,47,3
경기도 부천시 (4119000000),812158,812158,55482,69159,115879,114038,127571,145892,113955,46738,20174,3122,148,402851,402851,28545,35457,59790,58682,64362,70741,56139,21602,6782,712,39,409307,409307,26937,33702,56089,55356,63209,75151,57816,25136,13392,2410,109
경기도 부천시 심곡동(4119060300),63663,63663,2983,3826,10064,9348,9448,11563,9831,4588,1747,252,13,32352,32352,1591,1953,5153,5141,5169,5816,4717,2155,612,43,2,31311,31311,1392,1873,4911,4207,4279,5747,5114,2433,1135,209,11
경기도 부천시 부천동(4119060600),89537,89537,5429,7099,12788,11900,13785,16393,13475,5859,2475,314,20,44781,44781,2782,3696,6657,6200,7194,8083,6515,2691,868,89,6,44756,44756,2647,3403,6131,5700,6591,8310,6960,3168,1607,225,14
경기도 부천시 중동(4119061000),41552,41552,2707,3820,6046,5417,6306,7604,6029,2376,1041,195,11,20548,20548,1398,1989,3086,2780,3108,3654,2988,1153,335,53,4,21004,21004,1309,1831,2960,2637,3198,3950,3041,1223,706,142,7
경기도 부천시 신중동(4119074200),130604,130604,9620,11161,19262,21359,20495,22551,17109,5882,2658,487,20,63115,63115,4967,5638,9416,10569,9795,10412,8612,2750,853,98,5,67489,67489,4653,5523,9846,10790,10700,12139,8497,3132,1805,389,15
경기도 부천시 상동(4119074400),86069,86069,7788,9769,12056,12453,15139,15224,9159,2934,1301,240,6,42308,42308,3965,4992,6176,5984,7129,7381,4799,1412,415,52,3,43761,43761,3823,4777,5880,6469,8010,7843,4360,1522,886,188,3
경기도 부천시 대산동(4119074600),81355,81355,4542,6257,11566,11085,12218,14547,12699,5684,2381,360,16,40311,40311,2352,3232,6115,5920,6204,6940,6003,2595,872,74,4,41044,41044,2190,3025,5451,5165,6014,7607,6696,3089,1509,286,12
경기도 부천시 소사본동(4119075000),56719,56719,3713,4257,7790,8099,7824,10096,9216,3909,1571,229,15,28007,28007,1911,2134,4070,4280,3912,4740,4462,1883,554,58,3,28712,28712,1802,2123,3720,3819,3912,5356,4754,2026,1017,171,12
경기도 부천시 범안동(4119079500),95610,95610,9470,9293,11253,14024,17353,14303,11933,5264,2308,386,23,46859,46859,4857,4631,5795,6842,8847,6840,5712,2443,791,93,8,48751,48751,4613,4662,5458,7182,8506,7463,6221,2821,1517,293,15
경기도 부천시 성곡동(4119080000),83093,83093,4358,6865,12466,9652,12290,16828,12338,5392,2544,350,10,41615,41615,2208,3590,6568,5163,6252,8410,6172,2353,815,83,1,41478,41478,2150,3275,5898,4489,6038,8418,6166,3039,1729,267,9
경기도 부천시 오정동(4119083000),83956,83956,4872,6812,12588,10701,12713,16783,12166,4850,2148,309,14,42955,42955,2514,3602,6754,5803,6752,8465,6159,2167,667,69,3,41001,41001,2358,3210,5834,4898,5961,8318,6007,2683,1481,240,11
경기도 광명시 (4121000000),295690,295690,22515,30115,37730,40448,50775,49310,38332,17764,7543,1105,53,145859,145859,11528,15478,19723,20504,25055,24568,18224,7995,2529,244,11,149831,149831,10987,14637,18007,19944,25720,24742,20108,9769,5014,861,42
경기도 광명시 광명1동(4121051000),340,340,0,11,37,48,44,101,72,19,4,4,0,184,184,0,7,18,27,27,57,36,9,2,1,0,156,156,0,4,19,21,17,44,36,10,2,3,0
경기도 광명시 광명2동(4121052000),3319,3319,114,191,395,386,467,606,626,378,140,14,2,1672,1672,70,93,219,220,249,311,286,168,47,9,0,1647,1647,44,98,176,166,218,295,340,210,93,5,2
경기도 광명시 광명3동(4121054000),9824,9824,349,605,1298,1153,1368,1880,1780,973,372,43,3,4756,4756,172,316,686,635,707,894,780,425,131,8,2,5068,5068,177,289,612,518,661,986,1000,548,241,35,1
경기도 광명시 광명4동(4121055000),13977,13977,677,932,1865,1825,1969,2447,2475,1267,446,61,13,6840,6840,334,462,970,986,993,1205,1164,557,153,13,3,7137,7137,343,470,895,839,976,1242,1311,710,293,48,10
경기도 광명시 광명5동(4121056000),14575,14575,851,1274,1836,1798,2330,2474,2315,1158,479,60,0,7203,7203,449,652,1016,947,1177,1191,1071,520,166,14,0,7372,7372,402,622,820,851,1153,1283,1244,638,313,46,0
경기도 광명시 광명6동(4121057000),10669,10669,800,1156,1286,1243,1819,1787,1513,754,280,29,2,5264,5264,375,604,669,630,888,894,733,364,101,6,0,5405,5405,425,552,617,613,931,893,780,390,179,23,2
경기도 광명시 광명7동(4121058000),18838,18838,1216,1678,2517,2485,2913,3225,2883,1325,520,75,1,9307,9307,591,848,1350,1303,1453,1552,1374,622,194,20,0,9531,9531,625,830,1167,1182,1460,1673,1509,703,326,55,1
경기도 광명시 철산1동(4121059000),11016,11016,897,1392,1439,1467,2027,1810,1225,518,213,27,1,5437,5437,460,727,749,731,951,895,603,240,75,6,0,5579,5579,437,665,690,736,1076,915,622,278,138,21,1
경기도 광명시 철산2동(4121060000),7728,7728,297,504,1123,1051,1129,1605,1220,512,248,38,1,4059,4059,146,269,595,605,600,869,646,225,95,9,0,3669,3669,151,235,528,446,529,736,574,287,153,29,1
경기도 광명시 철산3동(4121061000),33935,33935,3000,4286,4289,3956,6320,5685,3983,1603,704,105,4,16637,16637,1521,2229,2207,1861,2990,2830,1953,768,256,21,1,17298,17298,1479,2057,2082,2095,3330,2855,2030,835,448,84,3
경기도 광명시 철산4동(4121062000),13295,13295,1011,1204,1653,2327,2298,2158,1610,768,241,22,3,6664,6664,530,628,877,1172,1153,1101,760,359,80,2,2,6631,6631,481,576,776,1155,1145,1057,850,409,161,20,1
경기도 광명시 하안1동(4121063100),26210,26210,2256,3196,3253,2946,4922,4486,3171,1331,543,100,6,13078,13078,1170,1634,1723,1467,2409,2285,1565,634,170,21,0,13132,13132,1086,1562,1530,1479,2513,2201,1606,697,373,79,6
경기도 광명시 하안2동(4121063200),14025,14025,987,1053,1729,2510,2398,2173,1724,849,522,78,2,6641,6641,500,537,863,1318,1181,1027,714,341,143,17,0,7384,7384,487,516,866,1192,1217,1146,1010,508,379,61,2
경기도 광명시 하안3동(4121063300),20416,20416,1446,1837,2468,2829,3436,3322,2617,1484,840,134,3,9624,9624,782,936,1222,1403,1681,1606,1177,540,247,30,0,10792,10792,664,901,1246,1426,1755,1716,1440,944,593,104,3
경기도 광명시 하안4동(4121063400),12442,12442,941,1413,1672,2008,2291,2046,1237,537,262,34,1,6036,6036,488,731,848,1027,1079,991,562,216,89,5,0,6406,6406,453,682,824,981,1212,1055,675,321,173,29,1
경기도 광명시 소하1동(4121064000),31974,31974,2953,4278,3716,3923,6122,4913,3722,1602,633,108,4,15625,15625,1512,2186,1939,1847,2955,2445,1781,738,197,24,1,16349,16349,1441,2092,1777,2076,3167,2468,1941,864,436,84,3
경기도 광명시 소하2동(4121065000),50897,50897,4656,5017,6952,8269,8698,8160,5620,2434,936,149,6,25572,25572,2395,2563,3653,4191,4423,4153,2711,1137,311,33,2,25325,25325,2261,2454,3299,4078,4275,4007,2909,1297,625,116,4
경기도 광명시 학온동(4121066000),2210,2210,64,88,202,224,224,432,539,252,160,24,1,1260,1260,33,56,119,134,139,262,308,132,72,5,0,950,950,31,32,83,90,85,170,231,120,88,19,1
경기도 평택시 (4122000000),546154,546154,49475,53687,75437,82548,94930,87997,57217,28435,14393,1944,91,283450,283450,25200,27714,41533,45079,50721,46388,28768,12469,5095,458,25,262704,262704,24275,25973,33904,37469,44209,41609,28449,15966,9298,1486,66
경기도 평택시 팽성읍(4122025000),27593,27593,1596,1787,3081,3080,4001,5008,4572,2729,1547,182,10,14369,14369,821,932,1762,1739,2235,2788,2289,1191,569,40,3,13224,13224,775,855,1319,1341,1766,2220,2283,1538,978,142,7
경기도 평택시 안중읍(4122025300),43580,43580,3872,5771,5866,5559,8503,6996,3916,1941,1014,139,3,22468,22468,1912,2918,3167,3053,4354,3845,2002,836,351,30,0,21112,21112,1960,2853,2699,2506,4149,3151,1914,1105,663,109,3
경기도 평택시 포승읍(4122025600),24062,24062,1841,1925,3144,3864,4583,3913,2719,1316,639,114,4,14471,14471,913,1031,2044,2580,3002,2482,1524,647,219,29,0,9591,9591,928,894,1100,1284,1581,1431,1195,669,420,85,4
경기도 평택시 청북읍(4122025900),27051,27051,4006,3248,2408,4844,5528,2984,2256,1093,568,112,4,14313,14313,2071,1677,1341,2513,3131,1695,1134,538,189,24,0,12738,12738,1935,1571,1067,2331,2397,1289,1122,555,379,88,4
경기도 평택시 진위면(4122031000),11303,11303,483,819,1479,1363,1653,2097,1830,1020,496,62,1,6235,6235,239,438,916,870,987,1152,962,482,175,14,0,5068,5068,244,381,563,493,666,945,868,538,321,48,1
경기도 평택시 서탄면(4122032000),3661,3661,116,202,348,339,470,668,754,468,266,30,0,2006,2006,56,120,224,193,307,379,415,217,88,7,0,1655,1655,60,82,124,146,163,289,339,251,178,23,0
경기도 평택시 고덕면(4122033000),25848,25848,2912,2022,4000,5038,4152,3758,2276,1054,539,96,1,13721,13721,1452,1009,2366,2779,2312,1950,1146,503,189,14,1,12127,12127,1460,1013,1634,2259,1840,1808,1130,551,350,82,0
경기도 평택시 오성면(4122034000),6684,6684,306,481,697,620,883,1273,1203,698,458,64,1,3594,3594,174,244,410,383,537,730,624,316,155,21,0,3090,3090,132,237,287,237,346,543,579,382,303,43,1
경기도 평택시 현덕면(4122037000),5230,5230,143,288,433,341,602,962,1139,783,464,72,3,2770,2770,80,146,262,200,381,563,588,380,156,14,0,2460,2460,63,142,171,141,221,399,551,403,308,58,3
경기도 평택시 중앙동(4122051000),43979,43979,2828,4830,7246,5373,7512,8142,4628,2218,1067,131,4,22650,22650,1421,2487,4095,3048,3831,4164,2277,951,345,31,0,21329,21329,1407,2343,3151,2325,3681,3978,2351,1267,722,100,4
경기도 평택시 서정동(4122052000),25341,25341,1277,2287,3697,3058,4079,4826,3321,1805,877,110,4,12823,12823,636,1178,2015,1737,2166,2432,1568,744,308,37,2,12518,12518,641,1109,1682,1321,1913,2394,1753,1061,569,73,2
경기도 평택시 송탄동(4122053500),20094,20094,2354,1833,2641,3401,3677,3236,1804,724,364,59,1,10504,10504,1208,909,1454,1776,2029,1679,970,328,139,12,0,9590,9590,1146,924,1187,1625,1648,1557,834,396,225,47,1
경기도 평택시 지산동(4122055000),12711,12711,695,885,2523,2273,2111,1953,1226,699,309,35,2,6938,6938,333,437,1444,1395,1211,1068,633,290,121,6,0,5773,5773,362,448,1079,878,900,885,593,409,188,29,2
경기도 평택시 송북동(4122056000),22044,22044,1602,2192,2914,2621,3716,4039,2806,1373,668,101,12,11051,11051,805,1112,1596,1324,1931,2048,1398,567,236,28,6,10993,10993,797,1080,1318,1297,1785,1991,1408,806,432,73,6
경기도 평택시 신장1동(4122057000),7015,7015,581,489,1026,1234,1155,1061,744,456,235,33,1,3640,3640,299,253,569,674,646,564,376,168,83,7,1,3375,3375,282,236,457,560,509,497,368,288,152,26,0
경기도 평택시 신장2동(4122058000),5708,5708,165,275,708,642,773,991,1010,691,367,63,23,2906,2906,90,154,391,397,469,526,469,261,124,15,10,2802,2802,75,121,317,245,304,465,541,430,243,48,13
경기도 평택시 신평동(4122059000),22697,22697,1014,1719,3966,2914,3413,4211,3061,1574,743,80,2,11734,11734,527,911,2150,1693,1808,2161,1500,684,280,20,0,10963,10963,487,808,1816,1221,1605,2050,1561,890,463,60,2
경기도 평택시 원평동(4122060000),10508,10508,515,639,1627,1460,1546,1856,1534,860,422,48,1,5475,5475,250,331,919,865,820,990,759,373,158,10,0,5033,5033,265,308,708,595,726,866,775,487,264,38,1
경기도 평택시 통복동(4122061000),4095,4095,127,215,613,426,519,791,744,445,188,26,1,2132,2132,61,123,352,259,285,425,356,194,70,7,0,1963,1963,66,92,261,167,234,366,388,251,118,19,1
경기도 평택시 비전1동(4122062000),87854,87854,11278,9525,11694,16948,16731,11909,6084,2434,1103,144,4,44596,44596,5753,4944,6040,8732,8576,6065,2992,1084,374,35,1,43258,43258,5525,4581,5654,8216,8155,5844,3092,1350,729,109,3
경기도 평택시 비전2동(4122063000),54123,54123,5758,6200,7360,8091,9470,8717,5059,2211,1126,123,8,26843,26843,2936,3255,3800,4057,4598,4287,2499,931,446,33,1,27280,27280,2822,2945,3560,4034,4872,4430,2560,1280,680,90,7
경기도 평택시 용이동(4122063500),25552,25552,3397,3155,3517,4724,5179,3246,1516,539,244,35,0,13393,13393,1805,1633,1876,2502,2737,1735,778,244,77,6,0,12159,12159,1592,1522,1641,2222,2442,1511,738,295,167,29,0
경기도 평택시 세교동(4122064000),29421,29421,2609,2900,4449,4335,4674,5360,3015,1304,689,85,1,14818,14818,1358,1472,2340,2310,2368,2660,1509,540,243,18,0,14603,14603,1251,1428,2109,2025,2306,2700,1506,764,446,67,1
경기도 송탄출장소 (4122200000),0,0,0,0,0,0,0,0,0,0,0,0,0,0,0,0,0,0,0,0,0,0,0,0,0,0,0,0,0,0,0,0,0,0,0,0,0,0,0
경기도 안중출장소 (4122400000),0,0,0,0,0,0,0,0,0,0,0,0,0,0,0,0,0,0,0,0,0,0,0,0,0,0,0,0,0,0,0,0,0,0,0,0,0,0,0
경기도 동두천시 (4125000000),93289,93289,6057,8511,11157,9993,14050,16338,13466,8617,4491,582,27,46610,46610,3122,4285,6077,5186,7253,8627,6640,3620,1639,158,3,46679,46679,2935,4226,5080,4807,6797,7711,6826,4997,2852,424,24
경기도 동두천시 생연1동(4125051000),6853,6853,478,579,745,764,922,1219,1115,635,360,35,1,3426,3426,254,279,411,397,486,638,554,263,131,13,0,3427,3427,224,300,334,367,436,581,561,372,229,22,1
경기도 동두천시 생연2동(4125052000),11996,11996,746,1236,1333,1189,1910,2028,1694,1147,647,65,1,5892,5892,401,629,730,588,970,1065,785,457,250,17,0,6104,6104,345,607,603,601,940,963,909,690,397,48,1
경기도 동두천시 중앙동(4125053500),4972,4972,141,205,489,423,547,1013,1077,629,364,77,7,2608,2608,79,107,274,239,331,589,581,271,111,25,1,2364,2364,62,98,215,184,216,424,496,358,253,52,6
경기도 동두천시 보산동(4125055000),2938,2938,138,200,323,284,369,548,524,356,179,17,0,1427,1427,61,91,195,149,190,266,274,140,57,4,0,1511,1511,77,109,128,135,179,282,250,216,122,13,0
경기도 동두천시 불현동(4125056500),27154,27154,1841,2583,3453,2926,4081,4870,3798,2302,1153,143,4,13394,13394,929,1294,1843,1490,2034,2505,1884,956,419,39,1,13760,13760,912,1289,1610,1436,2047,2365,1914,1346,734,104,3
경기도 동두천시 송내동(4125056600),25309,25309,2057,2915,3317,3001,4452,4103,2620,1834,888,120,2,12471,12471,1048,1474,1762,1523,2220,2141,1192,729,353,29,0,12838,12838,1009,1441,1555,1478,2232,1962,1428,1105,535,91,2
경기도 동두천시 소요동(4125058000),8749,8749,403,511,904,789,1140,1582,1667,1104,572,68,9,4556,4556,207,270,528,434,658,866,848,525,201,19,0,4193,4193,196,241,376,355,482,716,819,579,371,49,9
경기도 동두천시 상패동(4125060000),5318,5318,253,282,593,617,629,975,971,610,328,57,3,2836,2836,143,141,334,366,364,557,522,279,117,12,1,2482,2482,110,141,259,251,265,418,449,331,211,45,2
경기도 안산시 (4127000000),655816,655816,43627,63337,107254,85313,106839,127664,74862,29897,14772,2160,91,336479,336479,22265,32625,57093,46566,54751,65153,39191,13467,4884,463,21,319337,319337,21362,30712,50161,38747,52088,62511,35671,16430,9888,1697,70
경기도 안산시 상록구 (4127100000),353702,353702,23198,34279,59062,44134,57359,69160,39823,16870,8498,1269,50,180526,180526,11778,17566,31489,23969,29241,35221,20682,7451,2827,290,12,173176,173176,11420,16713,27573,20165,28118,33939,19141,9419,5671,979,38
경기도 안산시 상록구 일동(4127151000),24847,24847,1674,2421,3771,3018,4430,4665,2704,1433,632,95,4,12672,12672,839,1192,1932,1658,2365,2467,1381,602,219,17,0,12175,12175,835,1229,1839,1360,2065,2198,1323,831,413,78,4
경기도 안산시 상록구 이동(4127151500),23955,23955,1048,1573,4377,3727,3923,4523,2764,1328,599,89,4,12830,12830,515,812,2320,2208,2228,2443,1453,614,221,15,1,11125,11125,533,761,2057,1519,1695,2080,1311,714,378,74,3
경기도 안산시 상록구 사동(4127152500),32807,32807,1741,2800,6021,4552,5450,6327,3039,1550,1119,196,12,17230,17230,905,1457,3326,2644,2930,3345,1600,637,326,55,5,15577,15577,836,1343,2695,1908,2520,2982,1439,913,793,141,7
경기도 안산시 상록구 사이동(4127153200),32923,32923,2445,3567,5344,4168,5451,6365,3547,1290,644,99,3,16663,16663,1259,1820,2830,2224,2719,3198,1815,561,216,21,0,16260,16260,1186,1747,2514,1944,2732,3167,1732,729,428,78,3
경기도 안산시 상록구 해양동(4127153700),41108,41108,4471,5283,7161,5755,7085,6779,3305,841,359,69,0,20726,20726,2183,2691,3862,2812,3426,3392,1806,432,108,14,0,20382,20382,2288,2592,3299,2943,3659,3387,1499,409,251,55,0
경기도 안산시 상록구 본오1동(4127154000),37760,37760,2580,3916,5986,4490,6764,7350,3882,1807,874,111,0,19515,19515,1340,2048,3165,2436,3490,3884,2053,772,304,23,0,18245,18245,1240,1868,2821,2054,3274,3466,1829,1035,570,88,0
경기도 안산시 상록구 본오2동(4127155000),26593,26593,1510,2751,4380,2950,4308,5425,3036,1414,719,95,5,13190,13190,762,1345,2265,1600,2094,2677,1579,595,250,23,0,13403,13403,748,1406,2115,1350,2214,2748,1457,819,469,72,5
경기도 안산시 상록구 본오3동(4127156000),19961,19961,922,1688,3541,2410,3041,4216,2372,1106,598,67,0,9966,9966,479,855,1833,1313,1506,2060,1209,471,220,20,0,9995,9995,443,833,1708,1097,1535,2156,1163,635,378,47,0
경기도 안산시 상록구 부곡동(4127157000),21805,21805,1434,2077,3444,2374,3551,4666,2514,1090,598,54,3,11270,11270,743,1025,1840,1339,1846,2463,1335,459,207,13,0,10535,10535,691,1052,1604,1035,1705,2203,1179,631,391,41,3
경기도 안산시 상록구 월피동(4127158000),38438,38438,2178,3679,7095,4387,5885,8137,4470,1620,861,120,6,19668,19668,1120,1954,3850,2389,2919,4084,2380,700,251,21,0,18770,18770,1058,1725,3245,1998,2966,4053,2090,920,610,99,6
경기도 안산시 상록구 성포동(4127159000),26642,26642,1671,2497,4657,3234,3530,5640,3575,1113,588,128,9,13063,13063,872,1300,2454,1674,1593,2613,1825,512,176,39,5,13579,13579,799,1197,2203,1560,1937,3027,1750,601,412,89,4
경기도 안산시 상록구 반월동(4127160000),17822,17822,1063,1271,2172,2137,2617,3227,3036,1599,601,96,3,8975,8975,527,666,1176,1150,1403,1584,1445,772,231,20,1,8847,8847,536,605,996,987,1214,1643,1591,827,370,76,2
경기도 안산시 상록구 안산동(4127161000),9041,9041,461,756,1113,932,1324,1840,1579,679,306,50,1,4758,4758,234,401,636,522,722,1011,801,324,98,9,0,4283,4283,227,355,477,410,602,829,778,355,208,41,1
경기도 안산시 단원구 (4127300000),302114,302114,20429,29058,48192,41179,49480,58504,35039,13027,6274,891,41,155953,155953,10487,15059,25604,22597,25510,29932,18509,6016,2057,173,9,146161,146161,9942,13999,22588,18582,23970,28572,16530,7011,4217,718,32
경기도 안산시 단원구 와동(4127351000),38773,38773,2571,3842,6052,5016,7042,7545,4085,1699,804,111,6,20484,20484,1322,2031,3353,2818,3791,4057,2130,723,237,22,0,18289,18289,1249,1811,2699,2198,3251,3488,1955,976,567,89,6
경기도 안산시 단원구 고잔동(4127352500),21723,21723,1123,1858,4132,3127,3185,4107,2529,1084,522,56,0,10861,10861,559,972,2046,1748,1586,2062,1268,452,161,7,0,10862,10862,564,886,2086,1379,1599,2045,1261,632,361,49,0
경기도 안산시 단원구 중앙동(4127353200),25173,25173,1568,2113,5264,3886,3658,4484,2883,856,380,75,6,12540,12540,816,1068,2623,2094,1767,2150,1483,419,108,10,2,12633,12633,752,1045,2641,1792,1891,2334,1400,437,272,65,4
경기도 안산시 단원구 호수동(4127353500),44130,44130,3423,5158,7495,5567,7151,8867,4466,1235,647,119,2,22184,22184,1738,2677,3831,2837,3353,4372,2508,623,218,27,0,21946,21946,1685,2481,3664,2730,3798,4495,1958,612,429,92,2
경기도 안산시 단원구 원곡동(4127354500),6146,6146,282,307,460,618,974,1586,1050,579,267,23,0,3533,3533,142,160,281,369,593,993,598,281,109,7,0,2613,2613,140,147,179,249,381,593,452,298,158,16,0
경기도 안산시 단원구 백운동(4127355500),18349,18349,1279,1765,2756,2468,2777,3678,2424,859,300,35,8,9305,9305,647,910,1444,1324,1394,1809,1246,421,103,6,1,9044,9044,632,855,1312,1144,1383,1869,1178,438,197,29,7
경기도 안산시 단원구 신길동(4127356500),22628,22628,1589,2471,3091,2886,4013,4335,2716,984,467,72,4,12172,12172,828,1263,1779,1651,2235,2324,1426,487,164,14,1,10456,10456,761,1208,1312,1235,1778,2011,1290,497,303,58,3
경기도 안산시 단원구 초지동(4127357000),47046,47046,3749,4693,7388,7286,8111,8226,4655,1856,934,142,6,24144,24144,1927,2406,3961,4033,4164,4101,2403,824,299,25,1,22902,22902,1822,2287,3427,3253,3947,4125,2252,1032,635,117,5
경기도 안산시 단원구 선부1동(4127358000),17971,17971,1312,1441,2693,2985,2747,3337,2218,788,397,53,0,9215,9215,688,756,1459,1682,1432,1597,1145,326,121,9,0,8756,8756,624,685,1234,1303,1315,1740,1073,462,276,44,0
경기도 안산시 단원구 선부2동(4127359000),16265,16265,866,1529,2444,1830,2758,3618,2013,785,373,47,2,8814,8814,428,813,1332,1047,1538,2039,1100,384,118,14,1,7451,7451,438,716,1112,783,1220,1579,913,401,255,33,1
경기도 안산시 단원구 선부3동(4127360000),34990,34990,2354,3509,5689,4845,6084,6786,3762,1235,648,76,2,17983,17983,1210,1809,3062,2612,3102,3408,2042,519,209,10,0,17007,17007,1144,1700,2627,2233,2982,3378,1720,716,439,66,2
경기도 안산시 단원구 대부동(4127361000),8920,8920,313,372,728,665,980,1935,2238,1067,535,82,5,4718,4718,182,194,433,382,555,1020,1160,557,210,22,3,4202,4202,131,178,295,283,425,915,1078,510,325,60,2
경기도 고양시 (4128000000),1080736,1080736,81222,103680,149697,143232,180894,195280,125985,61795,33821,4948,182,529062,529062,41474,53030,76716,71068,87592,96072,63077,26504,12236,1246,47,551674,551674,39748,50650,72981,72164,93302,99208,62908,35291,21585,3702,135
경기도 고양시 덕양구 (4128100000),479828,479828,38448,41295,62636,68497,78854,83215,59022,30338,15327,2103,93,237074,237074,19626,21099,32403,34519,39513,41453,29210,13115,5602,512,22,242754,242754,18822,20196,30233,33978,39341,41762,29812,17223,9725,1591,71
경기도 고양시 덕양구 주교동(4128151000),14866,14866,549,1140,2084,1540,2077,3160,2396,1229,602,85,4,7674,7674,304,623,1160,877,1080,1660,1222,525,201,20,2,7192,7192,245,517,924,663,997,1500,1174,704,401,65,2
경기도 고양시 덕양구 원신동(4128152000),23557,23557,3009,2021,2225,3914,4285,3292,2857,1330,548,76,0,11330,11330,1487,979,1145,1813,2187,1552,1336,613,199,19,0,12227,12227,1522,1042,1080,2101,2098,1740,1521,717,349,57,0
경기도 고양시 덕양구 흥도동(4128153000),46863,46863,5418,4128,5237,7896,8708,6733,4969,2563,1064,142,5,22787,22787,2725,2071,2577,3755,4470,3240,2354,1172,387,35,1,24076,24076,2693,2057,2660,4141,4238,3493,2615,1391,677,107,4
경기도 고양시 덕양구 성사1동(4128154000),21838,21838,1277,1815,2984,2541,3416,4238,3047,1578,816,116,10,10863,10863,658,963,1572,1319,1735,2169,1465,652,306,23,1,10975,10975,619,852,1412,1222,1681,2069,1582,926,510,93,9
경기도 고양시 덕양구 성사2동(4128155000),11385,11385,612,1021,1473,1272,1700,2100,1637,941,558,67,4,5503,5503,306,523,807,651,804,994,799,401,203,14,1,5882,5882,306,498,666,621,896,1106,838,540,355,53,3
경기도 고양시 덕양구 효자동(4128156000),13375,13375,2051,983,1543,2878,2366,1666,1127,493,227,33,8,6513,6513,1029,449,710,1366,1270,820,551,232,75,7,4,6862,6862,1022,534,833,1512,1096,846,576,261,152,26,4
경기도 고양시 덕양구 삼송동(4128157500),24028,24028,2429,1560,2808,4608,4023,3452,2847,1560,669,69,3,11591,11591,1196,813,1330,2271,2041,1603,1365,707,250,14,1,12437,12437,1233,747,1478,2337,1982,1849,1482,853,419,55,2
경기도 고양시 덕양구 창릉동(4128158000),21918,21918,2642,1585,2417,4921,3873,2746,2189,1053,417,72,3,10928,10928,1374,814,1162,2441,2002,1379,1076,501,154,25,0,10990,10990,1268,771,1255,2480,1871,1367,1113,552,263,47,3
경기도 고양시 덕양구 고양동(4128159000),30071,30071,2139,3092,3562,3203,5207,5081,4115,2439,1088,139,6,15094,15094,1082,1635,1904,1643,2632,2687,1976,1067,423,44,1,14977,14977,1057,1457,1658,1560,2575,2394,2139,1372,665,95,5
경기도 고양시 덕양구 관산동(4128160000),36710,36710,2089,2816,4331,4071,5711,6964,5971,3121,1428,199,9,18601,18601,1075,1461,2385,2189,3007,3566,2936,1403,540,37,2,18109,18109,1014,1355,1946,1882,2704,3398,3035,1718,888,162,7
경기도 고양시 덕양구 능곡동(4128161000),15578,15578,895,1204,2114,1816,2197,3147,2386,1150,578,90,1,7995,7995,475,641,1168,964,1102,1611,1253,533,231,17,0,7583,7583,420,563,946,852,1095,1536,1133,617,347,73,1
경기도 고양시 덕양구 화정1동(4128162100),37869,37869,1938,3608,6181,4288,5730,7546,4314,2525,1548,180,11,18447,18447,1004,1871,3125,2214,2682,3687,2188,996,615,63,2,19422,19422,934,1737,3056,2074,3048,3859,2126,1529,933,117,9
경기도 고양시 덕양구 화정2동(4128162200),33154,33154,2542,3669,4621,4287,6090,5830,3192,1710,1075,135,3,16066,16066,1303,1891,2332,2116,2819,2883,1625,664,395,37,1,17088,17088,1239,1778,2289,2171,3271,2947,1567,1046,680,98,2
경기도 고양시 덕양구 행주동(4128163000),18995,18995,704,1191,2850,2264,2681,3974,3054,1420,739,116,2,9944,9944,378,630,1568,1286,1462,2156,1581,602,262,18,1,9051,9051,326,561,1282,978,1219,1818,1473,818,477,98,1
경기도 고양시 덕양구 행신1동(4128164000),21922,21922,1310,2039,3074,2683,3467,4242,2877,1361,759,105,5,10701,10701,710,998,1568,1409,1655,2061,1461,532,283,23,1,11221,11221,600,1041,1506,1274,1812,2181,1416,829,476,82,4
경기도 고양시 덕양구 행신2동(4128165000),32108,32108,2212,2748,4866,4886,4908,5914,3555,1825,1051,136,7,15781,15781,1137,1403,2554,2520,2344,2878,1814,744,353,33,1,16327,16327,1075,1345,2312,2366,2564,3036,1741,1081,698,103,6
경기도 고양시 덕양구 행신3동(4128165500),45765,45765,2638,4784,6901,5079,7319,9291,5386,2601,1534,230,2,22211,22211,1351,2399,3603,2561,3474,4537,2660,1079,492,54,1,23554,23554,1287,2385,3298,2518,3845,4754,2726,1522,1042,176,1
경기도 고양시 덕양구 화전동(4128166000),27386,27386,3908,1765,2971,6083,4804,3387,2658,1186,519,99,6,13631,13631,1989,867,1489,2954,2578,1688,1283,571,185,26,1,13755,13755,1919,898,1482,3129,2226,1699,1375,615,334,73,5
경기도 고양시 덕양구 대덕동(4128167000),2440,2440,86,126,394,267,292,452,445,253,107,14,4,1414,1414,43,68,244,170,169,282,265,121,48,3,1,1026,1026,43,58,150,97,123,170,180,132,59,11,3
경기도 고양시 일산동구 (4128500000),300407,300407,20696,29204,44758,38625,50887,56071,34102,15595,8985,1439,45,146147,146147,10585,15046,22558,18886,24118,27365,17255,6741,3222,356,15,154260,154260,10111,14158,22200,19739,26769,28706,16847,8854,5763,1083,30
경기도 고양시 일산동구 식사동(4128551000),36783,36783,3626,4831,4978,4124,7246,6564,3210,1391,700,107,6,17898,17898,1869,2487,2491,1846,3359,3302,1674,584,256,28,2,18885,18885,1757,2344,2487,2278,3887,3262,1536,807,444,79,4
경기도 고양시 일산동구 중산동(4128552000),47036,47036,3338,4397,6818,5473,7292,9164,5900,2738,1622,289,5,22718,22718,1687,2300,3587,2694,3462,4260,2914,1178,561,74,1,24318,24318,1651,2097,3231,2779,3830,4904,2986,1560,1061,215,4
경기도 고양시 일산동구 정발산동(4128553000),23539,23539,1238,2053,3949,2906,3556,4481,3052,1437,758,107,2,11361,11361,651,1024,2051,1508,1637,2081,1471,642,268,27,1,12178,12178,587,1029,1898,1398,1919,2400,1581,795,490,80,1
경기도 고양시 일산동구 풍산동(4128554000),39084,39084,3128,4439,5392,4705,6732,7038,4359,2031,1085,173,2,18835,18835,1576,2290,2727,2274,3163,3360,2142,854,401,48,0,20249,20249,1552,2149,2665,2431,3569,3678,2217,1177,684,125,2
경기도 고양시 일산동구 백석1동(4128555100),30739,30739,2005,2701,4892,4533,4994,5714,3490,1494,804,107,5,14634,14634,1013,1380,2406,2218,2309,2680,1693,608,302,23,2,16105,16105,992,1321,2486,2315,2685,3034,1797,886,502,84,3
경기도 고양시 일산동구 백석2동(4128555200),20953,20953,892,1309,3478,3345,3697,3880,2399,1150,700,97,6,10095,10095,437,681,1602,1632,1811,1981,1214,497,216,23,1,10858,10858,455,628,1876,1713,1886,1899,1185,653,484,74,5
경기도 고양시 일산동구 마두1동(4128556000),24172,24172,1398,3248,3720,2268,4124,4736,2672,1162,714,125,5,11642,11642,715,1656,1869,1047,1838,2329,1409,501,247,30,1,12530,12530,683,1592,1851,1221,2286,2407,1263,661,467,95,4
경기도 고양시 일산동구 마두2동(4128557000),16496,16496,1209,2177,2245,1585,2913,3100,1631,831,699,104,2,7820,7820,618,1118,1131,698,1280,1517,830,340,250,37,1,8676,8676,591,1059,1114,887,1633,1583,801,491,449,67,1
경기도 고양시 일산동구 장항1동(4128558000),11372,11372,1404,962,1263,1853,2081,1941,1208,448,175,36,1,5820,5820,755,496,661,870,1058,1006,661,240,67,6,0,5552,5552,649,466,602,983,1023,935,547,208,108,30,1
경기도 고양시 일산동구 장항2동(4128559000),26971,26971,1071,1564,5075,4820,4780,4859,2579,1262,845,109,7,13131,13131,555,787,2341,2459,2326,2411,1361,513,339,35,4,13840,13840,516,777,2734,2361,2454,2448,1218,749,506,74,3
경기도 고양시 일산동구 고봉동(4128560000),23262,23262,1387,1523,2948,3013,3472,4594,3602,1651,883,185,4,12193,12193,709,827,1692,1640,1875,2438,1886,784,315,25,2,11069,11069,678,696,1256,1373,1597,2156,1716,867,568,160,2
경기도 고양시 일산서구 (4128700000),300501,300501,22078,33181,42303,36110,51153,55994,32861,15862,9509,1406,44,145841,145841,11263,16885,21755,17663,23961,27254,16612,6648,3412,378,10,154660,154660,10815,16296,20548,18447,27192,28740,16249,9214,6097,1028,34
경기도 고양시 일산서구 일산1동(4128751000),27371,27371,1927,2639,3936,3162,4230,5214,3383,1809,944,121,6,13236,13236,975,1302,2041,1589,2002,2504,1657,769,363,34,0,14135,14135,952,1337,1895,1573,2228,2710,1726,1040,581,87,6
경기도 고양시 일산서구 일산2동(4128752000),18543,18543,885,1463,2703,1929,2516,4151,2835,1252,703,102,4,9201,9201,428,782,1421,982,1249,2050,1470,539,254,26,0,9342,9342,457,681,1282,947,1267,2101,1365,713,449,76,4
경기도 고양시 일산서구 일산3동(4128753000),35670,35670,2576,5714,4733,3486,7043,6533,3233,1357,841,151,3,17330,17330,1367,2912,2443,1698,3114,3180,1708,565,300,42,1,18340,18340,1209,2802,2290,1788,3929,3353,1525,792,541,109,2
경기도 고양시 일산서구 탄현동(4128754000),51817,51817,4496,5492,7344,7043,9092,9530,4847,2326,1422,223,2,25380,25380,2309,2805,3784,3470,4364,4674,2488,938,495,53,0,26437,26437,2187,2687,3560,3573,4728,4856,2359,1388,927,170,2
경기도 고양시 일산서구 주엽1동(4128755000),28083,28083,1811,3192,3771,3317,4586,5039,3205,1693,1292,169,8,13145,13145,918,1599,1934,1563,2033,2344,1580,669,446,56,3,14938,14938,893,1593,1837,1754,2553,2695,1625,1024,846,113,5
경기도 고양시 일산서구 주엽2동(4128756000),29136,29136,1960,3188,3764,3303,4742,5206,3331,1966,1454,217,5,13641,13641,1021,1600,1896,1582,2161,2418,1651,758,485,68,1,15495,15495,939,1588,1868,1721,2581,2788,1680,1208,969,149,4
경기도 고양시 일산서구 대화동(4128757000),36370,36370,2263,2993,6306,5315,5578,6802,4127,1834,991,153,8,17629,17629,1151,1590,3046,2714,2645,3238,2060,803,338,41,3,18741,18741,1112,1403,3260,2601,2933,3564,2067,1031,653,112,5
경기도 고양시 일산서구 송포동(4128758000),21791,21791,1660,2257,3057,2859,3715,4032,2405,1120,605,78,3,10757,10757,807,1157,1678,1368,1757,1993,1218,506,252,19,2,11034,11034,853,1100,1379,1491,1958,2039,1187,614,353,59,1
경기도 고양시 일산서구 송산동(4128759000),51720,51720,4500,6243,6689,5696,9651,9487,5495,2505,1257,192,5,25522,25522,2287,3138,3512,2697,4636,4853,2780,1101,479,39,0,26198,26198,2213,3105,3177,2999,5015,4634,2715,1404,778,153,5
경기도 과천시 (4129000000),68955,68955,5934,6736,9278,9691,10388,12021,8464,3967,2044,395,37,33846,33846,3088,3477,4865,4855,5022,5790,4117,1777,749,97,9,35109,35109,2846,3259,4413,4836,5366,6231,4347,2190,1295,298,28
경기도 과천시 중앙동(4129051000),10999,10999,807,993,1577,1433,1450,2057,1552,661,378,78,13,5339,5339,419,498,840,697,669,964,787,309,138,16,2,5660,5660,388,495,737,736,781,1093,765,352,240,62,11
경기도 과천시 갈현동(4129052000),14962,14962,1762,1801,1704,2009,2696,2398,1506,699,330,53,4,7264,7264,916,901,865,910,1312,1183,742,288,130,17,0,7698,7698,846,900,839,1099,1384,1215,764,411,200,36,4
경기도 과천시 별양동(4129053000),10866,10866,713,1123,1679,1308,1441,2076,1389,621,421,89,6,5185,5185,370,574,851,644,655,981,664,269,149,25,3,5681,5681,343,549,828,664,786,1095,725,352,272,64,3
경기도 과천시 부림동(4129054000),15032,15032,1494,1403,2010,2408,2182,2622,1684,739,399,88,3,7382,7382,786,732,1052,1192,1045,1242,833,333,147,19,1,7650,7650,708,671,958,1216,1137,1380,851,406,252,69,2
경기도 과천시 과천동(4129055000),9404,9404,621,579,1290,1598,1395,1528,1398,677,277,41,0,4921,4921,316,318,717,915,759,755,686,334,108,13,0,4483,4483,305,261,573,683,636,773,712,343,169,28,0
경기도 과천시 문원동(4129056000),7692,7692,537,837,1018,935,1224,1340,935,570,239,46,11,3755,3755,281,454,540,497,582,665,405,244,77,7,3,3937,3937,256,383,478,438,642,675,530,326,162,39,8
경기도 구리시 (4131000000),195324,195324,14674,17799,26947,25635,32331,35364,25252,11629,4982,659,52,96900,96900,7559,9199,13848,12915,16131,17427,12582,5204,1849,167,19,98424,98424,7115,8600,13099,12720,16200,17937,12670,6425,3133,492,33
경기도 구리시 갈매동(4131051000),31135,31135,4484,2300,3281,5792,5845,4169,3362,1430,407,65,0,15439,15439,2316,1145,1623,2795,3105,2014,1598,701,129,13,0,15696,15696,2168,1155,1658,2997,2740,2155,1764,729,278,52,0
경기도 구리시 동구동(4131052000),37888,37888,2646,3903,5599,4529,6261,7225,4473,2098,1007,141,6,18701,18701,1400,2079,2893,2285,2983,3457,2284,891,388,39,2,19187,19187,1246,1824,2706,2244,3278,3768,2189,1207,619,102,4
경기도 구리시 인창동(4131053000),23307,23307,1717,2363,3329,2969,3922,4251,2752,1343,593,66,2,11380,11380,870,1229,1665,1451,1906,2079,1338,595,224,22,1,11927,11927,847,1134,1664,1518,2016,2172,1414,748,369,44,1
경기도 구리시 교문1동(4131054100),16366,16366,714,1069,2201,2012,2478,3199,2680,1315,588,83,27,8359,8359,371,515,1150,1112,1337,1648,1363,608,220,24,11,8007,8007,343,554,1051,900,1141,1551,1317,707,368,59,16
경기도 구리시 교문2동(4131054200),22010,22010,1534,2670,3030,2451,3785,3917,2780,1227,545,67,4,10691,10691,771,1359,1572,1197,1746,1886,1360,565,218,16,1,11319,11319,763,1311,1458,1254,2039,2031,1420,662,327,51,3
경기도 구리시 수택1동(4131057000),17304,17304,707,1162,2680,2036,2475,3566,2833,1256,520,67,2,8633,8633,381,606,1327,1095,1246,1789,1445,551,176,16,1,8671,8671,326,556,1353,941,1229,1777,1388,705,344,51,1
경기도 구리시 수택2동(4131058000),25598,25598,1323,2093,3793,3181,3666,5041,3887,1727,783,98,6,12749,12749,661,1109,2001,1628,1905,2493,1910,740,281,19,2,12849,12849,662,984,1792,1553,1761,2548,1977,987,502,79,4
경기도 구리시 수택3동(4131059000),21716,21716,1549,2239,3034,2665,3899,3996,2485,1233,539,72,5,10948,10948,789,1157,1617,1352,1903,2061,1284,553,213,18,1,10768,10768,760,1082,1417,1313,1996,1935,1201,680,326,54,4
경기도 남양주시 (4136000000),721767,721767,64690,77742,85727,89842,131232,118804,86377,45207,19294,2722,130,359354,359354,33311,39893,44665,44347,65776,60689,42066,20653,7300,625,29,362413,362413,31379,37849,41062,45495,65456,58115,44311,24554,11994,2097,101
경기도 남양주시 와부읍(4136025000),61583,61583,3918,7275,7738,5906,10832,11099,7799,4726,1990,288,12,30398,30398,2048,3729,4110,2930,5131,5609,3744,2207,808,79,3,31185,31185,1870,3546,3628,2976,5701,5490,4055,2519,1182,209,9
경기도 남양주시 진접읍(4136025300),92910,92910,8062,11391,10638,10081,17254,15277,11308,5976,2595,316,12,46860,46860,4196,5879,5626,5005,8662,8106,5630,2682,989,84,1,46050,46050,3866,5512,5012,5076,8592,7171,5678,3294,1606,232,11
경기도 남양주시 화도읍(4136025600),104133,104133,8631,11480,12218,12223,19696,17671,12254,6848,2732,366,14,52149,52149,4478,5986,6404,6093,9997,9149,5890,3027,1033,89,3,51984,51984,4153,5494,5814,6130,9699,8522,6364,3821,1699,277,11
경기도 남양주시 화도읍동부출장소(4136025700),14853,14853,1635,1330,1609,2176,2546,2314,1951,837,389,65,1,7518,7518,837,698,845,1089,1329,1181,979,397,151,11,1,7335,7335,798,632,764,1087,1217,1133,972,440,238,54,0
경기도 남양주시 진건읍(4136025900),24007,24007,983,1852,3235,2321,3253,5111,4159,1985,969,136,3,12469,12469,551,933,1794,1271,1743,2700,2194,898,359,26,0,11538,11538,432,919,1441,1050,1510,2411,1965,1087,610,110,3
경기도 남양주시 오남읍(4136026200),53511,53511,3874,6555,6738,5370,10076,9684,5928,3520,1569,193,4,26943,26943,2018,3355,3613,2722,5022,5152,2893,1526,597,44,1,26568,26568,1856,3200,3125,2648,5054,4532,3035,1994,972,149,3
경기도 남양주시 퇴계원읍(4136026500),29466,29466,1702,2541,4033,3303,4231,5644,4674,2230,988,112,8,14707,14707,843,1330,2148,1756,2123,2722,2354,1040,360,29,2,14759,14759,859,1211,1885,1547,2108,2922,2320,1190,628,83,6
경기도 남양주시 별내면(4136031000),19723,19723,1198,1909,2528,1790,3229,3639,2791,1726,790,103,20,9855,9855,616,1031,1268,930,1623,1893,1350,771,335,33,5,9868,9868,582,878,1260,860,1606,1746,1441,955,455,70,15
경기도 남양주시 수동면(4136034000),8969,8969,338,533,808,741,1036,1783,1962,1117,518,126,7,4714,4714,188,300,472,412,572,982,1025,550,190,21,2,4255,4255,150,233,336,329,464,801,937,567,328,105,5
경기도 남양주시 조안면(4136036000),4184,4184,200,239,408,417,507,778,885,477,231,39,3,2170,2170,102,116,230,219,266,426,464,241,97,6,3,2014,2014,98,123,178,198,241,352,421,236,134,33,0
경기도 남양주시 호평동(4136051000),56844,56844,6301,7156,6125,7494,11850,8266,5173,3090,1185,195,9,27728,27728,3266,3681,3168,3515,5723,4199,2332,1336,462,45,1,29116,29116,3035,3475,2957,3979,6127,4067,2841,1754,723,150,8
경기도 남양주시 평내동(4136052000),36643,36643,3224,4905,4596,4320,7307,5896,3503,1908,872,110,2,18031,18031,1634,2522,2309,2127,3557,3028,1665,843,319,27,0,18612,18612,1590,2383,2287,2193,3750,2868,1838,1065,553,83,2
경기도 남양주시 금곡동(4136053000),18751,18751,690,1173,2455,2070,2230,3853,3649,1639,856,131,5,9576,9576,351,617,1371,1180,1185,1934,1846,767,296,28,1,9175,9175,339,556,1084,890,1045,1919,1803,872,560,103,4
경기도 남양주시 양정동(4136054000),4526,4526,154,193,522,478,471,896,1077,482,226,24,3,2564,2564,75,97,307,296,298,511,640,241,92,7,0,1962,1962,79,96,215,182,173,385,437,241,134,17,3
경기도 남양주시 다산1동(4136054500),80444,80444,10531,8467,9241,13390,15848,10604,7237,3513,1401,205,7,39530,39530,5362,4237,4602,6383,8090,5249,3363,1693,516,34,1,40914,40914,5169,4230,4639,7007,7758,5355,3874,1820,885,171,6
경기도 남양주시 다산2동(4136056500),35993,35993,4747,3782,3771,5646,7321,5177,3478,1418,560,90,3,17546,17546,2421,1947,1893,2576,3688,2541,1604,650,205,20,1,18447,18447,2326,1835,1878,3070,3633,2636,1874,768,355,70,2
경기도 남양주시 별내동(4136057000),75227,75227,8502,6961,9064,12116,13545,11112,8549,3715,1423,223,17,36596,36596,4325,3435,4505,5843,6767,5307,4093,1784,491,42,4,38631,38631,4177,3526,4559,6273,6778,5805,4456,1931,932,181,13
경기도 풍양출장소 (4136200000),0,0,0,0,0,0,0,0,0,0,0,0,0,0,0,0,0,0,0,0,0,0,0,0,0,0,0,0,0,0,0,0,0,0,0,0,0,0,0
경기도 오산시 (4137000000),230769,230769,23065,24925,31646,38464,43628,33634,20809,9906,4144,517,31,119513,119513,11753,12722,17109,20831,23201,17606,10288,4369,1526,99,9,111256,111256,11312,12203,14537,17633,20427,16028,10521,5537,2618,418,22
경기도 오산시 중앙동(4137051000),35991,35991,3900,4192,4481,5418,6795,5441,3323,1621,737,77,6,18039,18039,2011,2063,2350,2765,3460,2783,1625,686,282,12,2,17952,17952,1889,2129,2131,2653,3335,2658,1698,935,455,65,4
경기도 오산시 남촌동(4137053000),20453,20453,888,1183,3863,4926,3813,2851,1756,818,324,27,4,12094,12094,434,592,2210,3183,2395,1791,967,387,132,3,0,8359,8359,454,591,1653,1743,1418,1060,789,431,192,24,4
경기도 오산시 신장동(4137054000),61278,61278,6947,7071,7180,9818,11707,8511,5878,2817,1180,157,12,30973,30973,3543,3586,3796,5081,6192,4302,2804,1232,402,32,3,30305,30305,3404,3485,3384,4737,5515,4209,3074,1585,778,125,9
경기도 오산시 세마동(4137055000),32042,32042,3974,3338,4071,5953,6124,4267,2720,1102,421,71,1,16401,16401,2001,1693,2145,3118,3208,2167,1371,543,148,7,0,15641,15641,1973,1645,1926,2835,2916,2100,1349,559,273,64,1
경기도 오산시 초평동(4137056000),16250,16250,1345,1954,2240,2341,3112,2545,1542,782,350,34,5,8347,8347,695,1010,1227,1275,1600,1313,757,341,119,7,3,7903,7903,650,944,1013,1066,1512,1232,785,441,231,27,2
경기도 오산시 대원동(4137057000),64755,64755,6011,7187,9811,10008,12077,10019,5590,2766,1132,151,3,33659,33659,3069,3778,5381,5409,6346,5250,2764,1180,443,38,1,31096,31096,2942,3409,4430,4599,5731,4769,2826,1586,689,113,2
경기도 시흥시 (4139000000),510098,510098,49119,50411,70298,78769,92133,88712,50081,19781,9269,1422,103,266410,266410,24972,25928,38173,42109,49611,46652,26609,9018,3027,281,30,243688,243688,24147,24483,32125,36660,42522,42060,23472,10763,6242,1141,73
경기도 시흥시 대야동(4139051000),44784,44784,3497,3519,6801,6975,6586,8573,5592,2040,1023,170,8,22725,22725,1798,1809,3557,3644,3397,4242,2976,944,326,31,1,22059,22059,1699,1710,3244,3331,3189,4331,2616,1096,697,139,7
경기도 시흥시 신천동(4139052000),36284,36284,1603,3205,5875,3900,5241,8075,5195,2103,944,120,23,18752,18752,861,1670,3198,2170,2748,4137,2755,921,263,26,3,17532,17532,742,1535,2677,1730,2493,3938,2440,1182,681,94,20
경기도 시흥시 신현동(4139053100),9961,9961,437,736,1402,965,1298,2212,1711,758,377,56,9,5232,5232,217,387,781,551,678,1167,931,365,131,19,5,4729,4729,220,349,621,414,620,1045,780,393,246,37,4
경기도 시흥시 은행동(4139054000),55843,55843,7330,5689,6674,9820,9733,8630,5120,1848,844,150,5,27911,27911,3707,2904,3414,4846,5022,4271,2613,864,245,24,1,27932,27932,3623,2785,3260,4974,4711,4359,2507,984,599,126,4
경기도 시흥시 매화동(4139055000),12130,12130,666,1185,1658,1104,1926,2479,1701,891,451,66,3,6359,6359,321,624,967,584,1023,1373,907,404,137,18,1,5771,5771,345,561,691,520,903,1106,794,487,314,48,2
경기도 시흥시 목감동(4139057000),42276,42276,5843,3343,4199,8320,7498,5726,4617,1835,755,126,14,21412,21412,2948,1713,2146,4165,4082,2861,2344,891,234,24,4,20864,20864,2895,1630,2053,4155,3416,2865,2273,944,521,102,10
경기도 시흥시 군자동(4139058100),22041,22041,1531,2188,2880,2652,3833,4089,2849,1301,621,86,11,11562,11562,793,1137,1591,1493,2130,2146,1450,584,221,14,3,10479,10479,738,1051,1289,1159,1703,1943,1399,717,400,72,8
경기도 시흥시 월곶동(4139058200),16016,16016,1376,1484,1882,2349,3178,2704,1796,835,357,51,4,8346,8346,680,782,1007,1248,1745,1475,866,394,138,9,2,7670,7670,696,702,875,1101,1433,1229,930,441,219,42,2
경기도 시흥시 정왕본동(4139058900),20309,20309,1141,1109,3228,4010,4202,3766,1877,664,268,41,3,12799,12799,575,575,2116,2740,2831,2400,1122,344,88,7,1,7510,7510,566,534,1112,1270,1371,1366,755,320,180,34,2
경기도 시흥시 정왕1동(4139059100),22544,22544,1277,1962,3801,3341,4542,4327,2158,746,333,54,3,13306,13306,633,1022,2433,2105,2826,2609,1227,334,109,6,2,9238,9238,644,940,1368,1236,1716,1718,931,412,224,48,1
경기도 시흥시 정왕2동(4139059200),32129,32129,2379,3539,5189,4335,6153,6233,2642,1021,567,68,3,17360,17360,1195,1825,3013,2518,3394,3309,1466,429,191,20,0,14769,14769,1184,1714,2176,1817,2759,2924,1176,592,376,48,3
경기도 시흥시 정왕3동(4139059300),22937,22937,1709,2122,3071,3142,4605,4576,2353,879,399,79,2,12914,12914,869,1105,1762,1873,2801,2591,1353,406,144,9,1,10023,10023,840,1017,1309,1269,1804,1985,1000,473,255,70,1
경기도 시흥시 정왕4동(4139059400),21351,21351,1649,2689,3570,2423,3822,4333,1659,730,434,41,1,10577,10577,854,1369,1834,1226,1800,2167,884,281,148,14,0,10774,10774,795,1320,1736,1197,2022,2166,775,449,286,27,1
경기도 시흥시 배곧동(4139059500),71201,71201,10859,8063,9090,14456,14862,8612,3784,1032,377,65,1,36487,36487,5499,4055,4779,7346,7881,4345,1976,471,126,9,0,34714,34714,5360,4008,4311,7110,6981,4267,1808,561,251,56,1
경기도 시흥시 과림동(4139062100),1977,1977,39,52,160,175,179,467,567,228,87,19,4,1209,1209,20,29,99,119,128,294,344,132,37,5,2,768,768,19,23,61,56,51,173,223,96,50,14,2
경기도 시흥시 연성동(4139063000),23855,23855,1717,2858,3693,2585,4189,4849,2244,1074,557,84,5,12146,12146,888,1492,1945,1344,2054,2551,1190,461,205,14,2,11709,11709,829,1366,1748,1241,2135,2298,1054,613,352,70,3
경기도 시흥시 장곡동(4139063100),31092,31092,3681,3964,3933,4690,6179,5100,2175,895,408,65,2,15690,15690,1885,2062,1983,2297,3084,2683,1156,393,132,14,1,15402,15402,1796,1902,1950,2393,3095,2417,1019,502,276,51,1
경기도 시흥시 능곡동(4139064000),23368,23368,2385,2704,3192,3527,4107,3961,2041,901,467,81,2,11623,11623,1229,1368,1548,1840,1987,2031,1049,400,152,18,1,11745,11745,1156,1336,1644,1687,2120,1930,992,501,315,63,1
경기도 군포시 (4141000000),271007,271007,19818,26043,37777,37519,43680,47717,34409,15103,7703,1197,41,134427,134427,10132,13467,19733,19470,21535,23300,16909,6813,2737,321,10,136580,136580,9686,12576,18044,18049,22145,24417,17500,8290,4966,876,31
경기도 군포시 군포1동(4141051000),33403,33403,1920,2603,5407,4576,4971,6500,4622,1888,780,131,5,17637,17637,969,1364,3003,2609,2658,3400,2392,906,297,38,1,15766,15766,951,1239,2404,1967,2313,3100,2230,982,483,93,4
경기도 군포시 군포2동(4141052000),53278,53278,4560,6087,7170,7037,9108,9275,6238,2505,1119,175,4,26421,26421,2343,3129,3714,3583,4444,4454,3128,1188,393,43,2,26857,26857,2217,2958,3456,3454,4664,4821,3110,1317,726,132,2
경기도 군포시 산본1동(4141054000),15919,15919,640,824,2480,2173,2054,2983,2707,1357,592,102,7,7977,7977,333,442,1346,1235,1109,1406,1277,612,197,19,1,7942,7942,307,382,1134,938,945,1577,1430,745,395,83,6
경기도 군포시 산본2동(4141055000),26998,26998,2180,2745,3654,3474,4390,4746,3627,1384,678,118,2,13077,13077,1104,1421,1880,1683,2076,2202,1807,630,246,28,0,13921,13921,1076,1324,1774,1791,2314,2544,1820,754,432,90,2
경기도 군포시 금정동(4141056000),17361,17361,831,1140,2765,2330,2481,3443,2777,1100,426,66,2,9048,9048,441,598,1480,1324,1348,1784,1371,538,151,13,0,8313,8313,390,542,1285,1006,1133,1659,1406,562,275,53,2
경기도 군포시 재궁동(4141057000),18922,18922,1128,1401,2733,3129,2730,3104,2599,1287,706,104,1,8986,8986,589,710,1368,1636,1288,1444,1183,511,232,25,0,9936,9936,539,691,1365,1493,1442,1660,1416,776,474,79,1
경기도 군포시 오금동(4141058000),21850,21850,1816,2121,2812,3667,3720,3448,2394,1124,663,84,1,10616,10616,921,1105,1462,1826,1781,1629,1132,469,265,26,0,11234,11234,895,1016,1350,1841,1939,1819,1262,655,398,58,1
경기도 군포시 수리동(4141059000),16583,16583,1011,1583,2050,2103,2611,2945,2157,1197,819,104,3,7891,7891,470,820,1051,1075,1254,1395,994,491,302,37,2,8692,8692,541,763,999,1028,1357,1550,1163,706,517,67,1
경기도 군포시 궁내동(4141060000),20861,20861,1821,3077,2526,2168,4065,3565,2023,923,608,82,3,10189,10189,979,1547,1334,1034,1866,1784,995,408,211,31,0,10672,10672,842,1530,1192,1134,2199,1781,1028,515,397,51,3
경기도 군포시 대야동(4141061000),20601,20601,2223,1756,2554,3649,3368,3266,2367,957,391,65,5,10340,10340,1124,916,1274,1858,1752,1563,1218,474,141,17,3,10261,10261,1099,840,1280,1791,1616,1703,1149,483,250,48,2
경기도 군포시 광정동(4141062000),25231,25231,1688,2706,3626,3213,4182,4442,2898,1381,921,166,8,12245,12245,859,1415,1821,1607,1959,2239,1412,586,302,44,1,12986,12986,829,1291,1805,1606,2223,2203,1486,795,619,122,7
경기도 의왕시 (4143000000),162227,162227,12849,14285,23148,22571,24184,29105,21985,9082,4264,729,25,80714,80714,6662,7345,12189,11642,11991,13992,10965,4280,1480,165,3,81513,81513,6187,6940,10959,10929,12193,15113,11020,4802,2784,564,22
경기도 의왕시 고천동(4143051000),14382,14382,873,956,2462,2611,1739,2012,2196,1013,435,83,2,7302,7302,469,503,1269,1449,911,942,1085,500,156,17,1,7080,7080,404,453,1193,1162,828,1070,1111,513,279,66,1
경기도 의왕시 부곡동(4143052000),29498,29498,2166,2400,4176,4127,4376,5162,3899,2020,1028,140,4,15019,15019,1136,1235,2277,2246,2307,2567,1948,895,372,36,0,14479,14479,1030,1165,1899,1881,2069,2595,1951,1125,656,104,4
경기도 의왕시 오전동(4143053000),37307,37307,2707,3771,4932,4629,5831,6779,5439,2187,881,149,2,18520,18520,1346,1944,2605,2374,2828,3272,2714,1077,329,30,1,18787,18787,1361,1827,2327,2255,3003,3507,2725,1110,552,119,1
경기도 의왕시 내손1동(4143054000),20970,20970,1498,2016,3264,2393,3098,4161,2800,1052,572,108,8,10292,10292,776,1074,1685,1192,1455,1990,1419,486,193,22,0,10678,10678,722,942,1579,1201,1643,2171,1381,566,379,86,8
경기도 의왕시 내손2동(4143055000),23015,23015,2317,2055,3166,3490,3531,4086,2759,991,528,90,2,11321,11321,1196,1071,1637,1682,1752,1954,1393,440,174,22,0,11694,11694,1121,984,1529,1808,1779,2132,1366,551,354,68,2
경기도 의왕시 청계동(4143056000),37055,37055,3288,3087,5148,5321,5609,6905,4892,1819,820,159,7,18260,18260,1739,1518,2716,2699,2738,3267,2406,882,256,38,1,18795,18795,1549,1569,2432,2622,2871,3638,2486,937,564,121,6
경기도 하남시 (4145000000),301801,301801,30550,26183,37539,50942,53384,43182,36509,16511,5905,1036,60,151429,151429,15665,13263,19015,25794,27944,21554,17627,8238,2087,228,14,150372,150372,14885,12920,18524,25148,25440,21628,18882,8273,3818,808,46
경기도 하남시 천현동(4145051000),7641,7641,343,412,949,1019,1013,1439,1539,606,257,56,8,4228,4228,169,222,550,606,623,822,823,301,97,12,3,3413,3413,174,190,399,413,390,617,716,305,160,44,5
경기도 하남시 신장1동(4145052000),6652,6652,304,402,981,1014,929,1207,1059,522,202,30,2,3421,3421,153,214,518,595,519,615,506,228,68,5,0,3231,3231,151,188,463,419,410,592,553,294,134,25,2
경기도 하남시 신장2동(4145053000),44963,44963,3720,3780,5139,6544,7111,7023,6861,3407,1192,177,9,22266,22266,1917,1952,2652,3352,3610,3364,3237,1678,457,44,3,22697,22697,1803,1828,2487,3192,3501,3659,3624,1729,735,133,6
경기도 하남시 덕풍1동(4145054000),16001,16001,990,1073,2130,2291,2210,2825,2728,1247,446,57,4,8107,8107,502,576,1180,1239,1154,1337,1303,621,181,12,2,7894,7894,488,497,950,1052,1056,1488,1425,626,265,45,2
경기도 하남시 덕풍2동(4145055000),19376,19376,1113,1146,2549,2965,2560,3421,3438,1511,575,94,4,9749,9749,564,589,1394,1614,1333,1680,1658,721,183,11,2,9627,9627,549,557,1155,1351,1227,1741,1780,790,392,83,2
경기도 하남시 덕풍3동(4145056000),25755,25755,2116,2529,3144,3357,4448,4184,3490,1739,640,104,4,12810,12810,1131,1276,1683,1718,2216,2057,1633,832,241,23,0,12945,12945,985,1253,1461,1639,2232,2127,1857,907,399,81,4
경기도 하남시 풍산동(4145057000),29969,29969,4423,2977,3294,5374,5985,3855,2599,967,381,106,8,14901,14901,2223,1500,1663,2529,3136,1905,1271,519,130,23,2,15068,15068,2200,1477,1631,2845,2849,1950,1328,448,251,83,6
경기도 하남시 감북동(4145058000),2778,2778,81,144,343,374,382,577,507,244,108,17,1,1545,1545,45,74,207,232,224,315,281,121,39,7,0,1233,1233,36,70,136,142,158,262,226,123,69,10,1
경기도 하남시 감일동(4145058200),21726,21726,3000,1998,2614,4233,3776,2876,2004,833,319,66,7,10923,10923,1574,1014,1316,2050,1957,1457,1009,433,95,17,1,10803,10803,1426,984,1298,2183,1819,1419,995,400,224,49,6
경기도 하남시 위례동(4145058500),20670,20670,2639,2105,2295,3453,4095,3053,2135,666,192,36,1,10117,10117,1317,1031,1143,1565,2086,1448,1083,368,65,11,0,10553,10553,1322,1074,1152,1888,2009,1605,1052,298,127,25,1
경기도 하남시 춘궁동(4145059000),3993,3993,128,201,486,434,532,783,784,403,206,33,3,2246,2246,67,111,273,263,320,490,433,195,89,4,1,1747,1747,61,90,213,171,212,293,351,208,117,29,2
경기도 하남시 초이동(4145060000),3636,3636,160,176,477,472,450,731,718,297,141,13,1,2071,2071,77,91,274,297,285,429,404,157,53,4,0,1565,1565,83,85,203,175,165,302,314,140,88,9,1
경기도 하남시 미사1동(4145061000),50651,50651,4906,3974,9105,11825,9339,5353,3787,1723,525,111,3,25410,25410,2551,1945,4123,6263,4971,2730,1736,891,175,25,0,25241,25241,2355,2029,4982,5562,4368,2623,2051,832,350,86,3
경기도 하남시 미사2동(4145062000),47990,47990,6627,5266,4033,7587,10554,5855,4860,2346,721,136,5,23635,23635,3375,2668,2039,3471,5510,2905,2250,1173,214,30,0,24355,24355,3252,2598,1994,4116,5044,2950,2610,1173,507,106,5
경기도 용인시 (4146000000),1076773,1076773,98828,121383,138229,143621,199023,167107,109529,65851,28764,4285,153,534238,534238,50522,62462,71671,70935,98195,84973,52419,29889,12002,1143,27,542535,542535,48306,58921,66558,72686,100828,82134,57110,35962,16762,3142,126
경기도 용인시 처인구 (4146100000),259445,259445,20867,25498,34618,33932,43492,43455,32668,16110,7570,1191,44,133193,133193,10649,13442,18772,18038,22909,22440,16472,7450,2749,263,9,126252,126252,10218,12056,15846,15894,20583,21015,16196,8660,4821,928,35
경기도 용인시 처인구 포곡읍(4146125000),33398,33398,2278,3688,4758,3938,5953,5950,3842,1938,922,130,1,17279,17279,1159,1962,2657,2143,3105,3146,1922,839,323,23,0,16119,16119,1119,1726,2101,1795,2848,2804,1920,1099,599,107,1
경기도 용인시 처인구 모현읍(4146125300),26649,26649,1926,2396,3419,3099,4508,4726,3755,1856,830,132,2,13936,13936,1009,1242,1903,1623,2428,2549,1940,893,326,23,0,12713,12713,917,1154,1516,1476,2080,2177,1815,963,504,109,2
경기도 용인시 처인구 이동읍(4146125600),20290,20290,1524,1777,2142,2352,3314,3705,3067,1511,764,128,6,10381,10381,747,926,1213,1305,1801,1940,1500,671,254,23,1,9909,9909,777,851,929,1047,1513,1765,1567,840,510,105,5
경기도 용인시 처인구 남사읍(4146125900),23749,23749,3202,1966,1876,4179,4236,3073,2983,1516,614,101,3,11979,11979,1607,983,997,2076,2305,1543,1456,763,225,23,1,11770,11770,1595,983,879,2103,1931,1530,1527,753,389,78,2
경기도 용인시 처인구 원삼면(4146134000),8226,8226,341,522,724,723,1058,1597,1737,949,493,80,2,4281,4281,171,280,405,422,583,849,894,482,178,17,0,3945,3945,170,242,319,301,475,748,843,467,315,63,2
경기도 용인시 처인구 백암면(4146135000),8738,8738,239,756,887,744,995,1567,1866,941,649,92,2,4796,4796,137,465,543,451,606,878,1012,455,226,23,0,3942,3942,102,291,344,293,389,689,854,486,423,69,2
경기도 용인시 처인구 양지면(4146136000),19598,19598,1250,2284,2413,2429,3127,3419,2745,1191,615,116,9,10545,10545,658,1350,1369,1389,1718,1795,1446,574,215,30,1,9053,9053,592,934,1044,1040,1409,1624,1299,617,400,86,8
경기도 용인시 처인구 중앙동(4146151000),24815,24815,1540,2210,4440,3187,3865,4191,3109,1462,702,102,7,12550,12550,779,1119,2326,1757,2023,2095,1527,648,253,20,3,12265,12265,761,1091,2114,1430,1842,2096,1582,814,449,82,4
경기도 용인시 처인구 역삼동(4146152000),44677,44677,4776,4443,7195,7345,7713,6450,3951,1899,774,126,5,22389,22389,2453,2260,3684,3755,3934,3147,1955,867,301,31,2,22288,22288,2323,2183,3511,3590,3779,3303,1996,1032,473,95,3
경기도 용인시 처인구 유림동(4146153000),36266,36266,3128,4336,4929,4526,6772,6224,3539,1864,830,114,4,18297,18297,1585,2240,2654,2318,3395,3209,1760,801,305,30,0,17969,17969,1543,2096,2275,2208,3377,3015,1779,1063,525,84,4
경기도 용인시 처인구 동부동(4146154000),13039,13039,663,1120,1835,1410,1951,2553,2074,983,377,70,3,6760,6760,344,615,1021,799,1011,1289,1060,457,143,20,1,6279,6279,319,505,814,611,940,1264,1014,526,234,50,2
경기도 용인시 기흥구 (4146300000),439922,439922,41611,50442,56935,58322,83102,67537,42300,26375,11516,1716,66,217098,217098,21362,25893,29515,28530,40647,34106,19827,11831,4892,482,13,222824,222824,20249,24549,27420,29792,42455,33431,22473,14544,6624,1234,53
경기도 용인시 기흥구 신갈동(4146351000),38537,38537,3321,3565,5058,6133,6561,6178,4082,2402,1096,133,8,19196,19196,1674,1842,2514,3193,3298,3118,2009,1050,457,40,1,19341,19341,1647,1723,2544,2940,3263,3060,2073,1352,639,93,7
경기도 용인시 기흥구 영덕1동(4146351600),30553,30553,3393,3547,3832,4584,5949,4890,2654,1162,455,83,4,15158,15158,1717,1839,1988,2254,2928,2477,1255,533,151,15,1,15395,15395,1676,1708,1844,2330,3021,2413,1399,629,304,68,3
경기도 용인시 기흥구 영덕2동(4146351700),17544,17544,1850,1227,2462,3191,2731,2789,1758,766,604,162,4,8694,8694,943,618,1313,1610,1379,1330,844,375,222,59,1,8850,8850,907,609,1149,1581,1352,1459,914,391,382,103,3
경기도 용인시 기흥구 구갈동(4146352000),41918,41918,4272,3324,6664,7724,7047,6550,3681,1864,672,113,7,20910,20910,2190,1702,3266,3876,3613,3300,1798,872,269,23,1,21008,21008,2082,1622,3398,3848,3434,3250,1883,992,403,90,6
경기도 용인시 기흥구 상갈동(4146353000),13321,13321,925,1256,1965,1873,2367,2264,1325,885,418,43,0,6898,6898,504,624,1051,1034,1223,1225,655,387,186,9,0,6423,6423,421,632,914,839,1144,1039,670,498,232,34,0
경기도 용인시 기흥구 보라동(4146353500),33616,33616,2948,4343,4035,3843,6475,5271,3425,2214,918,137,7,16655,16655,1533,2234,2076,1871,3213,2665,1605,1020,387,49,2,16961,16961,1415,2109,1959,1972,3262,2606,1820,1194,531,88,5
경기도 용인시 기흥구 기흥동(4146354000),21645,21645,1816,2184,2566,2772,3859,3545,2741,1456,610,92,4,10736,10736,927,1133,1373,1386,1944,1736,1280,680,262,14,1,10909,10909,889,1051,1193,1386,1915,1809,1461,776,348,78,3
경기도 용인시 기흥구 서농동(4146355000),26180,26180,3103,2531,5219,4510,4491,3208,1900,832,344,41,1,13433,13433,1544,1273,3059,2257,2314,1561,932,361,125,7,0,12747,12747,1559,1258,2160,2253,2177,1647,968,471,219,34,1
경기도 용인시 기흥구 구성동(4146356000),39228,39228,3253,4771,4352,4116,7646,5931,4348,3192,1403,209,7,18970,18970,1685,2456,2260,1993,3683,2912,1912,1382,641,45,1,20258,20258,1568,2315,2092,2123,3963,3019,2436,1810,762,164,6
경기도 용인시 기흥구 마북동(4146357000),32272,32272,2622,3055,4094,4035,5360,5125,3795,2800,1208,171,7,15739,15739,1363,1585,2096,1962,2585,2490,1783,1258,556,59,2,16533,16533,1259,1470,1998,2073,2775,2635,2012,1542,652,112,5
경기도 용인시 기흥구 동백1동(4146357200),33006,33006,3365,5679,3606,3342,7805,4800,2190,1499,626,91,3,15853,15853,1655,2858,1821,1497,3679,2535,945,595,237,31,0,17153,17153,1710,2821,1785,1845,4126,2265,1245,904,389,60,3
경기도 용인시 기흥구 동백2동(4146357500),27293,27293,2600,4649,3233,2328,6215,4373,2045,1208,558,82,2,13407,13407,1354,2395,1678,999,2841,2376,952,554,236,21,1,13886,13886,1246,2254,1555,1329,3374,1997,1093,654,322,61,1
경기도 용인시 기흥구 동백3동(4146357700),23485,23485,2928,2978,2215,3061,4916,2706,2061,1736,790,92,2,11393,11393,1522,1531,1089,1392,2413,1378,881,776,373,36,2,12092,12092,1406,1447,1126,1669,2503,1328,1180,960,417,56,0
경기도 용인시 기흥구 상하동(4146358600),24928,24928,1919,2800,3435,2769,4370,4510,2782,1572,667,99,5,12183,12183,1014,1460,1764,1329,2095,2227,1326,693,252,23,0,12745,12745,905,1340,1671,1440,2275,2283,1456,879,415,76,5
경기도 용인시 기흥구 보정동(4146359000),36396,36396,3296,4533,4199,4041,7310,5397,3513,2787,1147,168,5,17873,17873,1737,2343,2167,1877,3439,2776,1650,1295,538,51,0,18523,18523,1559,2190,2032,2164,3871,2621,1863,1492,609,117,5
경기도 용인시 수지구 (4146500000),377406,377406,36350,45443,46676,51367,72429,56115,34561,23366,9678,1378,43,183947,183947,18511,23127,23384,24367,34639,28427,16120,10608,4361,398,5,193459,193459,17839,22316,23292,27000,37790,27688,18441,12758,5317,980,38
경기도 용인시 수지구 풍덕천1동(4146551000),36636,36636,2716,3630,5398,6235,6003,5438,3746,2319,1009,134,8,18275,18275,1415,1867,2775,3308,2930,2743,1742,1033,420,41,1,18361,18361,1301,1763,2623,2927,3073,2695,2004,1286,589,93,7
경기도 용인시 수지구 풍덕천2동(4146552000),41439,41439,4622,5692,4967,6151,8896,5825,2493,1747,939,106,1,20359,20359,2357,2928,2451,2896,4326,3082,1217,685,386,31,0,21080,21080,2265,2764,2516,3255,4570,2743,1276,1062,553,75,1
경기도 용인시 수지구 신봉동(4146553000),37975,37975,3431,5277,4071,3998,7881,5788,3499,2795,1090,143,2,18426,18426,1709,2715,2105,1822,3641,2987,1626,1253,527,41,0,19549,19549,1722,2562,1966,2176,4240,2801,1873,1542,563,102,2
경기도 용인시 수지구 죽전1동(4146554000),56759,56759,4889,6993,7937,6899,10711,8863,5317,3344,1594,204,8,27380,27380,2458,3540,3928,3242,5110,4380,2514,1456,687,65,0,29379,29379,2431,3453,4009,3657,5601,4483,2803,1888,907,139,8
경기도 용인시 수지구 죽전2동(4146555000),18426,18426,1468,1573,2804,3213,3030,2888,1826,1040,490,92,2,9127,9127,771,812,1440,1634,1487,1411,862,480,199,31,0,9299,9299,697,761,1364,1579,1543,1477,964,560,291,61,2
경기도 용인시 수지구 동천동(4146556000),49600,49600,5677,5382,5528,7819,9585,7131,4786,2589,934,163,6,24427,24427,2962,2761,2771,3644,4716,3615,2296,1220,403,38,1,25173,25173,2715,2621,2757,4175,4869,3516,2490,1369,531,125,5
경기도 용인시 수지구 상현1동(4146557000),48535,48535,4730,6130,6307,6735,9313,7084,4160,2783,1120,166,7,23405,23405,2334,3092,3047,3178,4440,3574,1922,1261,519,37,1,25130,25130,2396,3038,3260,3557,4873,3510,2238,1522,601,129,6
경기도 용인시 수지구 상현2동(4146558000),33776,33776,3280,4211,3861,4166,6476,5120,3097,2430,990,143,2,16413,16413,1683,2174,1936,1952,3082,2561,1410,1110,459,46,0,17363,17363,1597,2037,1925,2214,3394,2559,1687,1320,531,97,2
경기도 용인시 수지구 성복동(4146559000),54260,54260,5537,6555,5803,6151,10534,7978,5637,4319,1512,227,7,26135,26135,2822,3238,2931,2691,4907,4074,2531,2110,761,68,2,28125,28125,2715,3317,2872,3460,5627,3904,3106,2209,751,159,5
경기도 파주시 (4148000000),470096,470096,43744,49431,57651,67016,81282,74234,51267,28724,14590,2081,76,238389,238389,22333,25402,30626,35434,41596,38858,25580,12669,5339,532,20,231707,231707,21411,24029,27025,31582,39686,35376,25687,16055,9251,1549,56
경기도 파주시 문산읍(4148025000),48326,48326,4777,4765,5747,7553,7538,6994,5424,3455,1832,231,10,24747,24747,2411,2457,3177,4177,4013,3649,2636,1491,648,84,4,23579,23579,2366,2308,2570,3376,3525,3345,2788,1964,1184,147,6
경기도 파주시 파주읍(4148025300),13253,13253,617,814,1511,1336,1700,2545,2341,1400,851,130,8,7068,7068,330,424,914,759,993,1460,1233,619,301,33,2,6185,6185,287,390,597,577,707,1085,1108,781,550,97,6
경기도 파주시 법원읍(4148025600),10500,10500,328,695,1294,869,1158,2100,2047,1256,655,98,0,5612,5612,180,372,810,495,666,1146,1100,595,217,31,0,4888,4888,148,323,484,374,492,954,947,661,438,67,0
경기도 파주시 조리읍(4148026200),29950,29950,1716,2731,3701,2922,4475,5925,4600,2462,1245,162,11,15231,15231,861,1368,2008,1602,2304,3105,2333,1126,479,42,3,14719,14719,855,1363,1693,1320,2171,2820,2267,1336,766,120,8
경기도 파주시 월롱면(4148031000),9012,9012,185,277,1926,2163,999,1327,1165,577,340,53,0,5782,5782,89,156,1180,1761,716,817,655,284,113,11,0,3230,3230,96,121,746,402,283,510,510,293,227,42,0
경기도 파주시 탄현면(4148032000),13303,13303,628,997,1483,1456,2102,2591,2082,1169,678,110,7,7232,7232,339,515,878,863,1192,1473,1132,558,258,24,0,6071,6071,289,482,605,593,910,1118,950,611,420,86,7
경기도 파주시 광탄면(4148035000),11283,11283,457,628,1228,1004,1297,2282,2284,1242,710,148,3,6160,6160,236,345,760,607,765,1284,1275,613,241,33,1,5123,5123,221,283,468,397,532,998,1009,629,469,115,2
경기도 파주시 파평면(4148036000),3866,3866,90,186,421,240,344,766,806,589,352,69,3,2035,2035,51,97,280,143,199,434,414,272,128,14,3,1831,1831,39,89,141,97,145,332,392,317,224,55,0
경기도 파주시 적성면(4148037000),7502,7502,568,514,957,855,809,1184,1261,890,388,74,2,4062,4062,290,298,613,487,465,643,678,413,156,19,0,3440,3440,278,216,344,368,344,541,583,477,232,55,2
경기도 파주시 장단출장소(4148038700),553,553,18,31,53,48,70,106,97,85,42,3,0,281,281,8,13,27,22,49,54,54,34,18,2,0,272,272,10,18,26,26,21,52,43,51,24,1,0
경기도 파주시 진동면(4148040000),164,164,5,14,3,10,17,30,30,33,19,3,0,90,90,2,5,3,6,7,20,16,18,11,2,0,74,74,3,9,0,4,10,10,14,15,8,1,0
경기도 파주시 금촌1동(4148051000),22176,22176,1092,1498,3450,2793,3245,4173,3194,1771,839,118,3,11782,11782,558,793,1949,1639,1769,2360,1619,776,289,30,0,10394,10394,534,705,1501,1154,1476,1813,1575,995,550,88,3
경기도 파주시 금촌2동(4148052000),33064,33064,3216,4248,4228,4364,5992,5308,2957,1757,874,116,4,16154,16154,1642,2188,2125,2215,2859,2714,1355,719,313,22,2,16910,16910,1574,2060,2103,2149,3133,2594,1602,1038,561,94,2
경기도 파주시 금촌3동(4148053000),27470,27470,2252,2743,3842,3593,4308,4769,3242,1716,886,117,2,14086,14086,1117,1449,2113,1924,2222,2468,1633,781,346,32,1,13384,13384,1135,1294,1729,1669,2086,2301,1609,935,540,85,1
경기도 파주시 교하동(4148054000),42622,42622,3849,5518,5003,5310,8306,7021,4138,2181,1124,167,5,21625,21625,1959,2888,2702,2707,4101,3777,2102,950,407,31,1,20997,20997,1890,2630,2301,2603,4205,3244,2036,1231,717,136,4
경기도 파주시 운정1동(4148055000),49340,49340,5265,6169,6026,7270,9467,7417,4422,2162,995,141,6,24177,24177,2683,3069,2931,3614,4673,3690,2151,959,375,32,0,25163,25163,2582,3100,3095,3656,4794,3727,2271,1203,620,109,6
경기도 파주시 운정2동(4148056000),63002,63002,8834,7609,6620,11586,12521,7692,4405,2450,1123,157,5,30763,30763,4511,3850,3158,5728,6255,3816,1996,991,416,40,2,32239,32239,4323,3759,3462,5858,6266,3876,2409,1459,707,117,3
경기도 파주시 운정3동(4148057000),84710,84710,9847,9994,10158,13644,16934,12004,6772,3529,1637,184,7,41502,41502,5066,5115,4998,6685,8348,5948,3198,1470,623,50,1,43208,43208,4781,4879,5160,6959,8586,6056,3574,2059,1014,134,6
경기도 이천시 (4150000000),219224,219224,18422,22216,30399,30408,34733,35129,26978,13059,6902,944,34,113538,113538,9535,11566,17227,16365,17942,18308,13808,6021,2536,222,8,105686,105686,8887,10650,13172,14043,16791,16821,13170,7038,4366,722,26
경기도 이천시 장호원읍(4150025000),14604,14604,953,1347,1538,1476,1990,2452,2500,1415,833,97,3,7436,7436,479,721,918,788,1021,1285,1241,659,301,23,0,7168,7168,474,626,620,688,969,1167,1259,756,532,74,3
경기도 이천시 부발읍(4150025300),36170,36170,3219,4460,5141,5076,6695,5528,3528,1632,799,89,3,18996,18996,1639,2302,3033,2701,3426,2983,1844,759,290,19,0,17174,17174,1580,2158,2108,2375,3269,2545,1684,873,509,70,3
경기도 이천시 신둔면(4150031000),14007,14007,1076,1157,1642,1850,1996,2563,2139,1026,474,81,3,7342,7342,553,644,878,1012,1084,1342,1138,488,185,17,1,6665,6665,523,513,764,838,912,1221,1001,538,289,64,2
경기도 이천시 백사면(4150032000),11320,11320,781,856,1336,1258,1615,2174,1794,881,527,94,4,5777,5777,405,451,740,645,849,1106,936,404,214,26,1,5543,5543,376,405,596,613,766,1068,858,477,313,68,3
경기도 이천시 호법면(4150033000),5776,5776,314,337,631,670,717,1087,1091,574,309,45,1,3060,3060,160,183,342,399,415,609,566,262,115,9,0,2716,2716,154,154,289,271,302,478,525,312,194,36,1
경기도 이천시 마장면(4150034000),14738,14738,1523,1213,2210,2650,2062,2059,1648,867,435,68,3,8036,8036,798,626,1358,1509,1175,1117,861,410,163,17,2,6702,6702,725,587,852,1141,887,942,787,457,272,51,1
경기도 이천시 대월면(4150035000),14460,14460,1184,1175,2601,2494,2097,1959,1605,862,416,67,0,7374,7374,615,584,1296,1330,1144,1039,812,394,142,18,0,7086,7086,569,591,1305,1164,953,920,793,468,274,49,0
경기도 이천시 모가면(4150036000),4466,4466,142,271,377,364,499,847,984,567,368,45,2,2398,2398,82,161,236,227,286,462,520,274,139,11,0,2068,2068,60,110,141,137,213,385,464,293,229,34,2
경기도 이천시 설성면(4150037000),4675,4675,153,222,388,352,492,871,1049,657,424,61,6,2466,2466,70,117,231,219,302,486,550,316,163,10,2,2209,2209,83,105,157,133,190,385,499,341,261,51,4
경기도 이천시 율면(4150038000),2650,2650,55,121,178,148,239,430,695,393,343,46,2,1363,1363,34,63,103,91,157,227,363,183,131,10,1,1287,1287,21,58,75,57,82,203,332,210,212,36,1
경기도 이천시 창전동(4150051000),17161,17161,959,1534,2827,2193,2561,2886,2500,1126,515,58,2,8552,8552,503,782,1514,1240,1258,1370,1162,526,179,18,0,8609,8609,456,752,1313,953,1303,1516,1338,600,336,40,2
경기도 이천시 증포동(4150051500),53994,53994,6574,7821,6954,8049,10435,8048,3882,1418,715,97,1,27002,27002,3413,4092,3676,3849,5040,4104,1983,596,231,18,0,26992,26992,3161,3729,3278,4200,5395,3944,1899,822,484,79,1
경기도 이천시 중리동(4150052000),14922,14922,908,926,3088,2463,1875,2282,1954,930,434,59,3,8480,8480,471,479,2133,1567,1023,1184,990,442,174,16,1,6442,6442,437,447,955,896,852,1098,964,488,260,43,2
경기도 이천시 관고동(4150053000),10281,10281,581,776,1488,1365,1460,1943,1609,711,310,37,1,5256,5256,313,361,769,788,762,994,842,308,109,10,0,5025,5025,268,415,719,577,698,949,767,403,201,27,1
경기도 안성시 (4155000000),188038,188038,13707,18076,22805,22887,30221,31500,26342,13696,7713,1053,38,97025,97025,7050,9442,12618,12503,16154,16723,13297,6279,2746,207,6,91013,91013,6657,8634,10187,10384,14067,14777,13045,7417,4967,846,32
경기도 안성시 공도읍(4155025000),59821,59821,5814,7532,6982,8335,12105,8966,5608,2929,1371,173,6,30183,30183,2940,3887,3744,4358,6170,4664,2639,1291,454,35,1,29638,29638,2874,3645,3238,3977,5935,4302,2969,1638,917,138,5
경기도 안성시 보개면(4155031000),5347,5347,166,300,486,404,538,1018,1195,702,458,76,4,2817,2817,89,178,285,238,323,553,655,317,164,15,0,2530,2530,77,122,201,166,215,465,540,385,294,61,4
경기도 안성시 금광면(4155032000),7361,7361,382,624,729,637,1004,1329,1417,692,473,71,3,3674,3674,206,312,400,337,534,694,714,291,174,11,1,3687,3687,176,312,329,300,470,635,703,401,299,60,2
경기도 안성시 서운면(4155033000),3349,3349,89,138,293,240,338,669,767,459,320,35,1,1766,1766,51,74,187,137,201,381,395,216,115,9,0,1583,1583,38,64,106,103,137,288,372,243,205,26,1
경기도 안성시 미양면(4155034000),5930,5930,217,275,555,556,732,1117,1271,686,463,55,3,3220,3220,108,150,346,339,456,617,698,334,160,11,1,2710,2710,109,125,209,217,276,500,573,352,303,44,2
경기도 안성시 대덕면(4155035000),15336,15336,1329,1120,2032,2532,2577,2368,1943,912,462,60,1,8587,8587,720,581,1159,1504,1578,1377,1022,459,178,9,0,6749,6749,609,539,873,1028,999,991,921,453,284,51,1
경기도 안성시 양성면(4155036000),5273,5273,152,277,454,403,554,1022,1208,651,454,94,4,2757,2757,80,128,269,234,336,570,655,309,161,15,0,2516,2516,72,149,185,169,218,452,553,342,293,79,4
경기도 안성시 원곡면(4155038000),6357,6357,384,392,775,927,915,1168,1017,483,260,36,0,3582,3582,223,219,479,561,557,642,564,234,90,13,0,2775,2775,161,173,296,366,358,526,453,249,170,23,0
경기도 안성시 일죽면(4155039000),7647,7647,284,513,673,600,817,1381,1725,986,574,90,4,4023,4023,140,303,382,364,490,753,876,492,207,15,1,3624,3624,144,210,291,236,327,628,849,494,367,75,3
경기도 안성시 죽산면(4155040000),6802,6802,217,362,684,530,756,1395,1472,815,516,52,3,3621,3621,105,189,387,330,445,807,779,376,192,10,1,3181,3181,112,173,297,200,311,588,693,439,324,42,2
경기도 안성시 삼죽면(4155041000),3678,3678,82,328,426,277,355,637,781,461,303,27,1,1940,1940,43,185,224,185,205,352,405,226,112,3,0,1738,1738,39,143,202,92,150,285,376,235,191,24,1
경기도 안성시 고삼면(4155042000),1955,1955,46,84,202,141,179,375,483,238,175,30,2,1018,1018,22,49,111,86,106,204,248,113,74,5,0,937,937,24,35,91,55,73,171,235,125,101,25,2
경기도 안성시 안성1동(4155051000),12400,12400,702,1030,1594,1324,1726,2215,2000,1107,604,95,3,6243,6243,344,526,870,712,918,1130,981,504,239,18,1,6157,6157,358,504,724,612,808,1085,1019,603,365,77,2
경기도 안성시 안성2동(4155052000),24353,24353,2102,2606,3659,3280,4069,3904,2789,1258,611,75,0,12339,12339,1092,1358,1952,1726,2088,1996,1370,547,190,20,0,12014,12014,1010,1248,1707,1554,1981,1908,1419,711,421,55,0
경기도 안성시 안성3동(4155053000),22429,22429,1741,2495,3261,2701,3556,3936,2666,1317,669,84,3,11255,11255,887,1303,1823,1392,1747,1983,1296,570,236,18,0,11174,11174,854,1192,1438,1309,1809,1953,1370,747,433,66,3
경기도 김포시 (4157000000),481719,481719,55329,48622,53041,76664,90428,67795,51319,26081,10812,1578,50,241239,241239,28162,24796,27346,37617,47020,34657,24983,12180,4095,372,11,240480,240480,27167,23826,25695,39047,43408,33138,26336,13901,6717,1206,39
경기도 김포시 통진읍(4157025000),27215,27215,1653,2284,3327,2946,4050,5221,4395,2117,1055,162,5,14564,14564,852,1242,2015,1666,2257,2828,2326,961,370,45,2,12651,12651,801,1042,1312,1280,1793,2393,2069,1156,685,117,3
경기도 김포시 고촌읍(4157025300),47304,47304,6439,4519,4385,8681,9022,5982,5102,2199,831,136,8,23606,23606,3357,2351,2192,4134,4688,2975,2447,1118,316,27,1,23698,23698,3082,2168,2193,4547,4334,3007,2655,1081,515,109,7
경기도 김포시 양촌읍(4157025600),29067,29067,2316,2510,2970,3870,4837,5004,4332,2150,922,152,4,15335,15335,1157,1299,1622,2154,2734,2753,2230,1013,341,30,2,13732,13732,1159,1211,1348,1716,2103,2251,2102,1137,581,122,2
경기도 김포시 대곶면(4157034000),9784,9784,326,521,912,854,1247,2140,2117,1053,525,88,1,5730,5730,178,283,573,549,789,1366,1231,533,209,19,0,4054,4054,148,238,339,305,458,774,886,520,316,69,1
경기도 김포시 월곶면(4157035000),5512,5512,143,240,526,401,597,1152,1304,705,365,76,3,3035,3035,67,116,325,234,373,664,718,385,138,15,0,2477,2477,76,124,201,167,224,488,586,320,227,61,3
경기도 김포시 하성면(4157036000),8157,8157,263,444,813,656,865,1666,1784,1035,551,77,3,4450,4450,138,246,492,389,543,957,964,490,209,22,0,3707,3707,125,198,321,267,322,709,820,545,342,55,3
경기도 김포시 김포본동(4157051500),61749,61749,5990,6382,7856,8342,10798,10369,6827,3411,1570,199,5,30421,30421,2997,3251,4177,4030,5305,5145,3372,1500,589,54,1,31328,31328,2993,3131,3679,4312,5493,5224,3455,1911,981,145,4
경기도 김포시 장기본동(4157052500),39130,39130,4889,5514,3967,5542,8392,5091,3211,1766,664,92,2,19079,19079,2433,2802,1996,2553,4136,2579,1478,814,262,25,1,20051,20051,2456,2712,1971,2989,4256,2512,1733,952,402,67,1
경기도 김포시 사우동(4157054000),22812,22812,1544,2080,3181,2813,3782,4222,2906,1507,681,90,6,11457,11457,822,1095,1689,1466,1925,2103,1410,677,252,18,0,11355,11355,722,985,1492,1347,1857,2119,1496,830,429,72,6
경기도 김포시 풍무동(4157055000),62120,62120,6715,6972,7815,9203,11660,8942,6039,3262,1348,157,7,30332,30332,3413,3568,3780,4389,5760,4442,2860,1540,540,38,2,31788,31788,3302,3404,4035,4814,5900,4500,3179,1722,808,119,5
경기도 김포시 장기동(4157056000),41332,41332,5619,5069,4000,6677,9109,4884,3377,1828,674,92,3,20260,20260,2875,2463,2053,3150,4655,2458,1528,813,249,15,1,21072,21072,2744,2606,1947,3527,4454,2426,1849,1015,425,77,2
경기도 김포시 구래동(4157057000),43237,43237,6498,3774,5606,10035,8361,4044,2996,1399,453,69,2,21533,21533,3279,1856,2698,5027,4532,1964,1355,638,168,15,1,21704,21704,3219,1918,2908,5008,3829,2080,1641,761,285,54,1
경기도 김포시 마산동(4157057500),34614,34614,5418,3013,3081,7618,6769,3402,3017,1692,519,84,1,17124,17124,2760,1510,1502,3781,3638,1624,1309,784,194,22,0,17490,17490,2658,1503,1579,3837,3131,1778,1708,908,325,62,1
경기도 김포시 운양동(4157058000),49686,49686,7516,5300,4602,9026,10939,5676,3912,1957,654,104,0,24313,24313,3834,2714,2232,4095,5685,2799,1755,914,258,27,0,25373,25373,3682,2586,2370,4931,5254,2877,2157,1043,396,77,0
경기도 화성시 (4159000000),864687,864687,103071,97937,106675,150419,166670,117230,73311,32290,14874,2130,80,449184,449184,52644,50022,57918,78384,88836,63091,37385,15099,5345,443,17,415503,415503,50427,47915,48757,72035,77834,54139,35926,17191,9529,1687,63
경기도 화성시 봉담읍(4159025300),82025,82025,8161,9841,10315,11343,15863,12611,8327,3768,1553,228,15,41662,41662,4054,4897,5514,5774,8222,6676,4169,1759,547,47,3,40363,40363,4107,4944,4801,5569,7641,5935,4158,2009,1006,181,12
경기도 화성시 우정읍(4159025600),17381,17381,884,1436,1778,1572,2747,3525,2858,1607,857,114,3,9473,9473,473,735,1080,944,1629,2025,1494,760,304,29,0,7908,7908,411,701,698,628,1118,1500,1364,847,553,85,3
경기도 화성시 향남읍(4159025900),87197,87197,10571,10225,10505,15791,17579,11171,6759,2956,1456,178,6,46720,46720,5486,5238,5788,8898,9791,6229,3419,1325,504,38,4,40477,40477,5085,4987,4717,6893,7788,4942,3340,1631,952,140,2
경기도 화성시 남양읍(4159026200),42229,42229,4089,3577,5756,7198,6903,6569,4878,2117,963,174,5,23070,23070,2118,1839,3410,4196,3943,3571,2563,1043,353,34,0,19159,19159,1971,1738,2346,3002,2960,2998,2315,1074,610,140,5
경기도 화성시 매송면(4159031000),7099,7099,267,472,805,634,921,1499,1340,733,379,49,0,3767,3767,137,256,458,366,528,837,708,327,138,12,0,3332,3332,130,216,347,268,393,662,632,406,241,37,0
경기도 화성시 비봉면(4159032000),5815,5815,219,322,596,502,690,1183,1187,645,389,80,2,3292,3292,120,177,354,313,438,702,699,320,153,15,1,2523,2523,99,145,242,189,252,481,488,325,236,65,1
경기도 화성시 마도면(4159033000),6930,6930,249,393,750,761,996,1423,1243,709,352,50,4,4143,4143,139,215,491,512,692,879,703,367,135,10,0,2787,2787,110,178,259,249,304,544,540,342,217,40,4
경기도 화성시 송산면(4159034000),10915,10915,450,786,990,898,1409,2110,2166,1230,732,137,7,5898,5898,227,431,579,546,816,1222,1171,584,287,35,0,5017,5017,223,355,411,352,593,888,995,646,445,102,7
경기도 화성시 서신면(4159035000),7093,7093,166,289,546,516,800,1580,1735,838,538,83,2,3918,3918,83,155,351,308,494,919,956,420,213,19,0,3175,3175,83,134,195,208,306,661,779,418,325,64,2
경기도 화성시 팔탄면(4159036000),9930,9930,312,465,974,1016,1450,2294,1978,842,512,83,4,6007,6007,167,241,651,692,969,1514,1141,423,188,21,0,3923,3923,145,224,323,324,481,780,837,419,324,62,4
경기도 화성시 장안면(4159037000),10280,10280,375,600,1041,897,1292,2135,2120,1082,674,63,1,5917,5917,211,331,633,575,846,1345,1184,510,264,17,1,4363,4363,164,269,408,322,446,790,936,572,410,46,0
경기도 화성시 양감면(4159040000),3985,3985,95,161,396,370,473,895,886,414,265,29,1,2452,2452,56,87,272,257,337,593,537,215,91,7,0,1533,1533,39,74,124,113,136,302,349,199,174,22,1
경기도 화성시 정남면(4159041000),11407,11407,402,739,1350,1168,1607,2399,2071,1008,568,88,7,6604,6604,210,400,842,779,1024,1465,1173,489,205,15,2,4803,4803,192,339,508,389,583,934,898,519,363,73,5
경기도 화성시 새솔동(4159051500),21840,21840,4010,2172,2348,4752,4234,2693,1224,261,128,18,0,10968,10968,1973,1077,1215,2341,2225,1313,650,129,41,4,0,10872,10872,2037,1095,1133,2411,2009,1380,574,132,87,14,0
경기도 화성시 진안동(4159052000),43737,43737,4308,3901,7115,8765,7845,5943,3588,1538,648,84,2,23616,23616,2195,2001,4134,4987,4427,3134,1799,679,241,18,1,20121,20121,2113,1900,2981,3778,3418,2809,1789,859,407,66,1
경기도 화성시 병점1동(4159053000),32913,32913,3376,3485,5608,5711,5783,4497,2665,1251,472,65,0,16923,16923,1769,1786,3123,3011,2954,2253,1295,537,185,10,0,15990,15990,1607,1699,2485,2700,2829,2244,1370,714,287,55,0
경기도 화성시 병점2동(4159054000),24146,24146,2343,3924,3006,2900,5326,3340,1799,1014,439,54,1,11753,11753,1190,1955,1543,1415,2559,1730,803,404,146,8,0,12393,12393,1153,1969,1463,1485,2767,1610,996,610,293,46,1
경기도 화성시 반월동(4159055000),32203,32203,4213,3997,4051,5671,6063,4510,2581,746,322,48,1,16280,16280,2135,2072,2121,2824,3126,2204,1325,370,95,8,0,15923,15923,2078,1925,1930,2847,2937,2306,1256,376,227,40,1
경기도 화성시 기배동(4159056000),13570,13570,1254,1781,1715,1510,2636,2274,1413,696,255,35,1,6953,6953,642,920,936,789,1349,1198,692,326,96,5,0,6617,6617,612,861,779,721,1287,1076,721,370,159,30,1
경기도 화성시 화산동(4159057000),23061,23061,1738,2221,3100,2903,3931,4119,3051,1344,578,69,7,12189,12189,886,1186,1781,1600,2181,2162,1550,638,191,12,2,10872,10872,852,1035,1319,1303,1750,1957,1501,706,387,57,5
경기도 화성시 동탄1동(4159058500),51326,51326,6214,6888,8107,9555,10261,6503,2422,950,378,47,1,26479,26479,3141,3538,4392,4854,5130,3577,1233,455,147,12,0,24847,24847,3073,3350,3715,4701,5131,2926,1189,495,231,35,1
경기도 화성시 동탄2동(4159058600),35584,35584,4148,6576,3742,4061,8748,4792,2064,1028,387,35,3,17535,17535,2125,3293,1912,1821,4260,2551,975,437,156,4,1,18049,18049,2023,3283,1830,2240,4488,2241,1089,591,231,31,2
경기도 화성시 동탄3동(4159058700),42119,42119,5663,5311,6388,8218,8460,4271,2139,1175,434,59,1,21730,21730,2924,2754,3524,4296,4343,2254,941,506,169,19,0,20389,20389,2739,2557,2864,3922,4117,2017,1198,669,265,40,1
경기도 화성시 동탄4동(4159058800),52936,52936,8904,9013,4209,8839,13294,5548,2055,754,274,46,0,26363,26363,4526,4561,2107,3816,6815,3067,1038,341,86,6,0,26573,26573,4378,4452,2102,5023,6479,2481,1017,413,188,40,0
경기도 화성시 동탄5동(4159059000),43308,43308,6285,4264,5298,10650,8328,4327,2624,1068,402,60,2,21813,21813,3234,2180,2587,5415,4348,2212,1198,498,130,11,0,21495,21495,3051,2084,2711,5235,3980,2115,1426,570,272,49,2
경기도 화성시 동탄6동(4159060000),32606,32606,4741,3177,4644,7639,6300,3485,1750,591,234,44,1,16892,16892,2418,1644,2363,3994,3400,1837,879,270,78,9,0,15714,15714,2323,1533,2281,3645,2900,1648,871,321,156,35,1
경기도 화성시 동탄7동(4159061000),84738,84738,14497,9407,8701,19032,17431,8920,4725,1447,497,78,3,42492,42492,7396,4799,4355,9276,9125,4358,2297,730,140,14,2,42246,42246,7101,4608,4346,9756,8306,4562,2428,717,357,64,1
경기도 화성시 동탄8동(4159062000),28314,28314,5137,2514,2841,7547,5300,2614,1663,478,188,32,0,14275,14275,2609,1254,1402,3785,2865,1264,793,237,62,4,0,14039,14039,2528,1260,1439,3762,2435,1350,870,241,126,28,0
경기도 화성시동부출장소 (4159200000),0,0,0,0,0,0,0,0,0,0,0,0,0,0,0,0,0,0,0,0,0,0,0,0,0,0,0,0,0,0,0,0,0,0,0,0,0,0,0
경기도 화성시동탄출장소 (4159400000),0,0,0,0,0,0,0,0,0,0,0,0,0,0,0,0,0,0,0,0,0,0,0,0,0,0,0,0,0,0,0,0,0,0,0,0,0,0,0
경기도 광주시 (4161000000),383794,383794,34362,34124,45153,56776,67231,63956,49924,22333,8614,1267,54,196185,196185,17654,17465,24011,29526,35506,32638,25019,10782,3296,277,11,187609,187609,16708,16659,21142,27250,31725,31318,24905,11551,5318,990,43
경기도 광주시 오포읍(4161025000),112851,112851,11067,8883,13418,19665,20355,17407,13421,6055,2215,347,18,57127,57127,5747,4552,7040,10209,10831,8468,6486,2857,850,82,5,55724,55724,5320,4331,6378,9456,9524,8939,6935,3198,1365,265,13
경기도 광주시 초월읍(4161025300),46655,46655,3710,5044,5529,6166,8211,7991,6033,2689,1117,161,4,24299,24299,1941,2571,2967,3245,4363,4291,3169,1303,417,31,1,22356,22356,1769,2473,2562,2921,3848,3700,2864,1386,700,130,3
경기도 광주시 곤지암읍(4161025900),23153,23153,1379,1835,2831,2790,3559,4569,3621,1649,818,99,3,12360,12360,701,977,1582,1549,1930,2541,1936,807,311,25,1,10793,10793,678,858,1249,1241,1629,2028,1685,842,507,74,2
경기도 광주시 도척면(4161033000),9465,9465,464,642,1008,1007,1336,1843,1824,832,437,67,5,5209,5209,239,340,589,587,804,1036,1006,426,165,16,1,4256,4256,225,302,419,420,532,807,818,406,272,51,4
경기도 광주시 퇴촌면(4161034000),15373,15373,1086,1233,1189,1471,2467,2593,3006,1601,620,104,3,7829,7829,536,666,666,759,1349,1338,1450,798,238,27,2,7544,7544,550,567,523,712,1118,1255,1556,803,382,77,1
경기도 광주시 남종면(4161035000),1502,1502,35,67,113,94,147,263,396,223,143,21,0,778,778,20,33,59,52,80,145,214,107,61,7,0,724,724,15,34,54,42,67,118,182,116,82,14,0
경기도 광주시 남한산성면(4161037000),2581,2581,145,196,178,216,357,479,516,300,163,30,1,1367,1367,72,102,91,113,205,271,285,148,74,6,0,1214,1214,73,94,87,103,152,208,231,152,89,24,1
경기도 광주시 경안동(4161051000),24939,24939,1946,2256,3360,3501,4068,4412,3195,1526,597,75,3,12863,12863,1032,1161,1813,1847,2134,2350,1609,698,209,9,1,12076,12076,914,1095,1547,1654,1934,2062,1586,828,388,66,2
경기도 광주시 송정동(4161052000),22061,22061,1621,2013,2813,2904,3740,3959,3089,1363,486,69,4,11106,11106,797,979,1484,1551,1940,1978,1547,644,169,17,0,10955,10955,824,1034,1329,1353,1800,1981,1542,719,317,52,4
경기도 광주시 쌍령동(4161054000),18422,18422,1951,1632,2387,2893,3186,3054,2145,862,266,43,3,9194,9194,1009,791,1241,1456,1622,1475,1067,410,118,5,0,9228,9228,942,841,1146,1437,1564,1579,1078,452,148,38,3
경기도 광주시 탄벌동(4161055000),39192,39192,3026,3630,5025,5229,6819,7364,5218,2061,722,93,5,19924,19924,1539,1837,2651,2800,3499,3667,2609,1014,284,24,0,19268,19268,1487,1793,2374,2429,3320,3697,2609,1047,438,69,5
경기도 광주시 광남1동(4161056000),33522,33522,2615,2688,4270,4796,5741,5922,4776,1970,644,97,3,17230,17230,1359,1383,2289,2505,3082,2989,2387,976,242,18,0,16292,16292,1256,1305,1981,2291,2659,2933,2389,994,402,79,3
경기도 광주시 광남2동(4161057000),34078,34078,5317,4005,3032,6044,7245,4100,2684,1202,386,61,2,16899,16899,2662,2073,1539,2853,3667,2089,1254,594,158,10,0,17179,17179,2655,1932,1493,3191,3578,2011,1430,608,228,51,2
경기도 양주시 (4163000000),234990,234990,20264,24408,27806,28629,40115,38764,30058,16415,7406,1074,51,119207,119207,10335,12407,14910,14766,20684,20341,15081,7640,2801,231,11,115783,115783,9929,12001,12896,13863,19431,18423,14977,8775,4605,843,40
경기도 양주시 백석읍(4163025000),26277,26277,1315,2523,3245,2271,3880,5164,4327,2261,1131,153,7,13288,13288,642,1296,1767,1237,1973,2698,2201,1045,403,26,0,12989,12989,673,1227,1478,1034,1907,2466,2126,1216,728,127,7
경기도 양주시 은현면(4163031000),5869,5869,145,305,649,459,662,1244,1373,654,322,56,0,3340,3340,74,167,389,292,417,763,774,337,115,12,0,2529,2529,71,138,260,167,245,481,599,317,207,44,0
경기도 양주시 남면(4163032000),6868,6868,369,369,815,764,785,1208,1424,692,368,72,2,3847,3847,174,188,522,464,478,719,808,341,139,14,0,3021,3021,195,181,293,300,307,489,616,351,229,58,2
경기도 양주시 광적면(4163033000),11891,11891,619,844,1267,1128,1664,2468,2226,1065,532,77,1,6427,6427,313,457,743,632,946,1380,1214,519,204,19,0,5464,5464,306,387,524,496,718,1088,1012,546,328,58,1
경기도 양주시 장흥면(4163034000),10475,10475,498,520,1101,1079,1132,1786,2250,1306,648,150,5,5373,5373,263,289,664,600,614,891,1109,652,257,31,3,5102,5102,235,231,437,479,518,895,1141,654,391,119,2
경기도 양주시 양주1동(4163051000),5324,5324,201,265,580,445,616,1046,1108,673,342,47,1,2813,2813,104,146,324,252,357,551,622,312,137,8,0,2511,2511,97,119,256,193,259,495,486,361,205,39,1
경기도 양주시 양주2동(4163052000),50137,50137,4708,6972,5443,5312,10141,7504,5216,3356,1302,177,6,24512,24512,2383,3493,2771,2576,4989,3914,2313,1520,509,44,0,25625,25625,2325,3479,2672,2736,5152,3590,2903,1836,793,133,6
경기도 양주시 회천1동(4163053000),9723,9723,634,743,1527,1198,1348,1775,1373,727,339,45,14,5118,5118,313,390,873,652,729,963,714,337,133,11,3,4605,4605,321,353,654,546,619,812,659,390,206,34,11
경기도 양주시 회천2동(4163054000),27076,27076,1919,2646,3447,2878,4289,5417,3753,1858,780,87,2,13755,13755,998,1366,1829,1531,2221,2777,1908,821,286,18,0,13321,13321,921,1280,1618,1347,2068,2640,1845,1037,494,69,2
경기도 양주시 회천3동(4163055000),27363,27363,2224,3436,3864,2978,4970,4640,2577,1655,910,103,6,13558,13558,1147,1756,2031,1477,2454,2384,1253,665,357,29,5,13805,13805,1077,1680,1833,1501,2516,2256,1324,990,553,74,1
경기도 양주시 회천4동(4163056000),53987,53987,7632,5785,5868,10117,10628,6512,4431,2168,732,107,7,27176,27176,3924,2859,2997,5053,5506,3301,2165,1091,261,19,0,26811,26811,3708,2926,2871,5064,5122,3211,2266,1077,471,88,7
경기도 포천시 (4165000000),147317,147317,8326,11982,17932,14582,20095,29012,25405,12357,6635,955,36,78102,78102,4289,6272,10426,8159,10802,15973,13770,5757,2411,230,13,69215,69215,4037,5710,7506,6423,9293,13039,11635,6600,4224,725,23
경기도 포천시 소흘읍(4165025000),44717,44717,2875,4896,5931,4432,7216,9103,6168,2587,1308,195,6,22825,22825,1469,2546,3213,2272,3582,4814,3242,1190,457,38,2,21892,21892,1406,2350,2718,2160,3634,4289,2926,1397,851,157,4
경기도 포천시 군내면(4165031000),8638,8638,592,555,946,1098,1135,1590,1551,714,393,64,0,4640,4640,298,281,554,612,639,872,874,357,140,13,0,3998,3998,294,274,392,486,496,718,677,357,253,51,0
경기도 포천시 내촌면(4165032000),4587,4587,106,184,440,341,514,1128,1069,491,282,31,1,2636,2636,62,102,271,211,325,665,641,235,119,4,1,1951,1951,44,82,169,130,189,463,428,256,163,27,0
경기도 포천시 가산면(4165033000),7629,7629,202,397,782,614,846,1861,1699,719,437,70,2,4495,4495,101,207,466,391,555,1175,1032,375,179,13,1,3134,3134,101,190,316,223,291,686,667,344,258,57,1
경기도 포천시 신북면(4165034000),12350,12350,608,932,1446,1179,1610,2467,2374,1071,561,96,6,6809,6809,327,515,874,692,879,1449,1325,507,212,28,1,5541,5541,281,417,572,487,731,1018,1049,564,349,68,5
경기도 포천시 창수면(4165035000),2148,2148,42,73,185,121,191,377,586,347,205,20,1,1205,1205,28,45,127,81,112,226,327,164,88,7,0,943,943,14,28,58,40,79,151,259,183,117,13,1
경기도 포천시 영중면(4165036000),4788,4788,176,234,412,288,501,976,1126,662,362,49,2,2605,2605,96,116,252,169,319,570,633,299,132,18,1,2183,2183,80,118,160,119,182,406,493,363,230,31,1
경기도 포천시 일동면(4165037000),9387,9387,472,676,966,858,1179,1561,1878,1075,607,109,6,4887,4887,244,360,603,511,654,832,952,497,204,28,2,4500,4500,228,316,363,347,525,729,926,578,403,81,4
경기도 포천시 이동면(4165038000),6245,6245,516,357,862,882,625,882,1062,673,351,35,0,3410,3410,260,172,598,530,364,482,555,318,122,9,0,2835,2835,256,185,264,352,261,400,507,355,229,26,0
경기도 포천시 영북면(4165039000),8221,8221,609,439,975,964,847,1247,1505,969,570,94,2,4443,4443,320,224,676,586,492,697,786,417,220,23,2,3778,3778,289,215,299,378,355,550,719,552,350,71,0
경기도 포천시 관인면(4165040000),2778,2778,55,144,233,125,253,521,684,479,258,25,1,1453,1453,23,70,148,86,154,276,363,227,100,5,1,1325,1325,32,74,85,39,99,245,321,252,158,20,0
경기도 포천시 화현면(4165041000),2752,2752,188,149,309,348,264,449,549,294,174,27,1,1452,1452,89,69,174,198,156,240,314,148,56,8,0,1300,1300,99,80,135,150,108,209,235,146,118,19,1
경기도 포천시 포천동(4165051000),18656,18656,1198,1800,2488,1954,2723,3590,2830,1348,637,84,4,9452,9452,601,964,1355,1055,1358,1844,1448,585,221,20,1,9204,9204,597,836,1133,899,1365,1746,1382,763,416,64,3
경기도 포천시 선단동(4165052000),14421,14421,687,1146,1957,1378,2191,3260,2324,928,490,56,4,7790,7790,371,601,1115,765,1213,1831,1278,438,161,16,1,6631,6631,316,545,842,613,978,1429,1046,490,329,40,3
경기도 여주시 (4167000000),111913,111913,7260,9442,12166,11371,15855,20063,19233,10213,5426,856,28,56882,56882,3735,4860,6671,5995,8203,10515,9800,4885,2016,195,7,55031,55031,3525,4582,5495,5376,7652,9548,9433,5328,3410,661,21
경기도 여주시 가남읍(4167025000),15504,15504,995,1260,1665,1786,2220,2786,2623,1353,707,105,4,8026,8026,490,651,921,1005,1186,1495,1326,660,262,27,3,7478,7478,505,609,744,781,1034,1291,1297,693,445,78,1
경기도 여주시 점동면(4167031000),4683,4683,193,254,447,290,404,868,1110,667,393,53,4,2428,2428,110,139,264,160,228,465,564,348,134,15,1,2255,2255,83,115,183,130,176,403,546,319,259,38,3
경기도 여주시 흥천면(4167032000),5100,5100,168,278,409,357,523,927,1253,722,387,74,2,2668,2668,92,156,231,210,279,511,656,361,154,18,0,2432,2432,76,122,178,147,244,416,597,361,233,56,2
경기도 여주시 금사면(4167033000),2964,2964,88,137,226,185,257,578,764,463,223,43,0,1537,1537,44,61,149,97,147,313,402,228,90,6,0,1427,1427,44,76,77,88,110,265,362,235,133,37,0
경기도 여주시 능서면(4167034000),6334,6334,278,426,546,474,681,1103,1408,827,505,84,2,3264,3264,129,213,310,253,411,609,743,407,171,17,1,3070,3070,149,213,236,221,270,494,665,420,334,67,1
경기도 여주시 대신면(4167035000),6991,6991,208,410,600,444,674,1277,1671,985,623,97,2,3652,3652,102,235,366,259,372,691,892,458,246,31,0,3339,3339,106,175,234,185,302,586,779,527,377,66,2
경기도 여주시 북내면(4167036000),4903,4903,158,343,413,301,564,992,1051,617,403,60,1,2540,2540,83,198,231,162,297,572,552,279,150,16,0,2363,2363,75,145,182,139,267,420,499,338,253,44,1
경기도 여주시 강천면(4167037000),4212,4212,145,268,342,301,457,877,910,558,285,69,0,2179,2179,72,140,203,154,252,491,457,285,113,12,0,2033,2033,73,128,139,147,205,386,453,273,172,57,0
경기도 여주시 산북면(4167038000),2529,2529,115,140,192,180,268,434,609,365,196,29,1,1274,1274,53,68,102,102,147,226,311,173,83,8,1,1255,1255,62,72,90,78,121,208,298,192,113,21,0
경기도 여주시 여흥동(4167051000),21694,21694,1489,1958,2788,2433,3462,3863,3283,1552,752,108,6,10828,10828,769,1001,1490,1240,1751,1920,1641,720,273,22,1,10866,10866,720,957,1298,1193,1711,1943,1642,832,479,86,5
경기도 여주시 중앙동(4167052000),18478,18478,1351,2140,2420,1960,3077,3321,2462,1149,518,76,4,9282,9282,708,1088,1297,1024,1501,1735,1213,515,188,13,0,9196,9196,643,1052,1123,936,1576,1586,1249,634,330,63,4
경기도 여주시 오학동(4167053000),18521,18521,2072,1828,2118,2660,3268,3037,2089,955,434,58,2,9204,9204,1083,910,1107,1329,1632,1487,1043,451,152,10,0,9317,9317,989,918,1011,1331,1636,1550,1046,504,282,48,2
경기도 연천군 (4180000000),43080,43080,2648,3119,5296,4156,4870,7004,7707,5002,2845,409,24,22552,22552,1348,1653,3362,2357,2664,3765,3991,2277,1015,112,8,20528,20528,1300,1466,1934,1799,2206,3239,3716,2725,1830,297,16
경기도 연천군 연천읍(4180025000),7807,7807,670,443,1241,995,803,1044,1138,867,515,86,5,4225,4225,330,251,858,590,454,585,573,373,183,27,1,3582,3582,340,192,383,405,349,459,565,494,332,59,4
경기도 연천군 전곡읍(4180025300),19195,19195,1526,1909,2411,2160,2631,3173,2819,1541,863,155,7,9752,9752,787,976,1359,1163,1340,1648,1441,708,283,44,3,9443,9443,739,933,1052,997,1291,1525,1378,833,580,111,4
경기도 연천군 군남면(4180031000),3166,3166,92,171,320,184,278,570,711,496,311,30,3,1687,1687,47,93,224,109,170,313,388,226,108,8,1,1479,1479,45,78,96,75,108,257,323,270,203,22,2
경기도 연천군 청산면(4180032000),3870,3870,119,187,453,257,397,679,866,553,315,41,3,2054,2054,52,110,321,160,236,376,442,235,111,11,0,1816,1816,67,77,132,97,161,303,424,318,204,30,3
경기도 연천군 백학면(4180033000),2623,2623,81,147,233,176,240,492,580,420,235,18,1,1406,1406,40,86,146,110,134,273,307,204,100,6,0,1217,1217,41,61,87,66,106,219,273,216,135,12,1
경기도 연천군 미산면(4180034000),1771,1771,49,68,138,126,132,327,489,256,160,24,2,949,949,27,39,87,71,81,177,278,115,66,7,1,822,822,22,29,51,55,51,150,211,141,94,17,1
경기도 연천군 왕징면(4180035000),1004,1004,23,46,76,63,76,151,240,217,101,10,1,538,538,16,29,46,37,51,84,125,104,44,1,1,466,466,7,17,30,26,25,67,115,113,57,9,0
경기도 연천군 신서면(4180036000),2715,2715,59,104,320,142,234,406,658,495,263,32,2,1451,1451,30,47,245,88,147,227,333,236,89,8,1,1264,1264,29,57,75,54,87,179,325,259,174,24,1
경기도 연천군 중면(4180037000),195,195,6,9,46,12,17,31,35,26,12,1,0,119,119,4,4,40,7,10,17,19,14,4,0,0,76,76,2,5,6,5,7,14,16,12,8,1,0
경기도 연천군 장남면(4180038000),734,734,23,35,58,41,62,131,171,131,70,12,0,371,371,15,18,36,22,41,65,85,62,27,0,0,363,363,8,17,22,19,21,66,86,69,43,12,0
경기도 가평군 (4182000000),62206,62206,3282,4561,6213,5602,7848,11213,12410,6791,3726,524,36,32080,32080,1648,2403,3576,3044,4224,5954,6414,3222,1440,141,14,30126,30126,1634,2158,2637,2558,3624,5259,5996,3569,2286,383,22
경기도 가평군 가평읍(4182025000),19426,19426,1123,1658,2196,1865,2626,3417,3349,1916,1108,152,16,9886,9886,570,905,1203,981,1409,1807,1685,869,410,43,4,9540,9540,553,753,993,884,1217,1610,1664,1047,698,109,12
경기도 가평군 설악면(4182031000),9639,9639,543,769,914,826,1126,1711,2058,985,589,114,4,4950,4950,267,370,508,455,578,917,1086,497,237,32,3,4689,4689,276,399,406,371,548,794,972,488,352,82,1
경기도 가평군 청평면(4182032500),13962,13962,625,983,1295,1151,1917,2647,2762,1632,833,113,4,7153,7153,322,512,738,622,1026,1428,1388,755,330,30,2,6809,6809,303,471,557,529,891,1219,1374,877,503,83,2
경기도 가평군 상면(4182033000),5617,5617,151,293,537,373,554,1105,1424,740,387,51,2,2958,2958,76,166,356,209,318,559,745,372,144,12,1,2659,2659,75,127,181,164,236,546,679,368,243,39,1
경기도 가평군 조종면(4182034500),9655,9655,689,658,1025,1123,1226,1631,1820,955,475,48,5,5133,5133,350,342,632,628,665,853,1001,453,194,13,2,4522,4522,339,316,393,495,561,778,819,502,281,35,3
경기도 가평군 북면(4182035000),3907,3907,151,200,246,264,399,702,997,563,334,46,5,2000,2000,63,108,139,149,228,390,509,276,125,11,2,1907,1907,88,92,107,115,171,312,488,287,209,35,3
경기도 양평군 (4183000000),119505,119505,7218,9677,10590,10785,16284,20728,23578,13155,6444,1004,42,59981,59981,3689,5112,5881,5442,8260,10674,11745,6459,2476,233,10,59524,59524,3529,4565,4709,5343,8024,10054,11833,6696,3968,771,32
경기도 양평군 양평읍(4183025000),30737,30737,2177,3252,3553,3191,4814,5363,4580,2442,1199,158,8,15398,15398,1123,1676,1965,1616,2321,2764,2285,1184,423,41,0,15339,15339,1054,1576,1588,1575,2493,2599,2295,1258,776,117,8
경기도 양평군 강상면(4183031000),10506,10506,926,951,848,1188,1689,1646,1818,962,418,57,3,5211,5211,464,499,448,552,852,845,882,497,158,14,0,5295,5295,462,452,400,636,837,801,936,465,260,43,3
경기도 양평군 강하면(4183032000),4772,4772,175,241,345,366,507,871,1277,704,240,45,1,2404,2404,93,141,196,193,253,439,610,374,96,8,1,2368,2368,82,100,149,173,254,432,667,330,144,37,0
경기도 양평군 양서면(4183033000),13674,13674,730,1043,1222,1206,1817,2420,2768,1636,707,114,11,6813,6813,376,538,662,613,922,1215,1341,803,313,24,6,6861,6861,354,505,560,593,895,1205,1427,833,394,90,5
경기도 양평군 옥천면(4183034000),8033,8033,475,557,740,779,1063,1397,1690,880,393,58,1,4070,4070,223,300,433,405,559,707,861,425,141,16,0,3963,3963,252,257,307,374,504,690,829,455,252,42,1
경기도 양평군 서종면(4183035000),9776,9776,621,855,609,823,1493,1715,2116,1044,417,80,3,4864,4864,303,459,337,384,748,863,1023,558,170,19,0,4912,4912,318,396,272,439,745,852,1093,486,247,61,3
경기도 양평군 단월면(4183036000),3879,3879,125,230,244,280,419,672,988,561,318,42,0,1973,1973,60,117,140,160,225,361,508,273,123,6,0,1906,1906,65,113,104,120,194,311,480,288,195,36,0
경기도 양평군 청운면(4183037000),3755,3755,108,154,223,195,352,662,1022,605,391,41,2,1921,1921,62,86,123,103,206,351,523,292,164,10,1,1834,1834,46,68,100,92,146,311,499,313,227,31,1
경기도 양평군 양동면(4183038000),4597,4597,136,189,281,289,378,916,1180,701,443,80,4,2289,2289,80,98,163,159,205,481,585,329,169,19,1,2308,2308,56,91,118,130,173,435,595,372,274,61,3
경기도 양평군 지평면(4183039500),6838,6838,226,374,472,404,687,1256,1721,1000,584,111,3,3489,3489,136,217,272,212,372,665,913,470,200,31,1,3349,3349,90,157,200,192,315,591,808,530,384,80,2
경기도 양평군 용문면(4183040000),17752,17752,1287,1496,1652,1691,2460,2924,3181,1904,981,172,4,8918,8918,661,793,916,850,1273,1508,1594,901,385,37,0,8834,8834,626,703,736,841,1187,1416,1587,1003,596,135,4
경기도 양평군 개군면(4183041000),5186,5186,232,335,401,373,605,886,1237,716,353,46,2,2631,2631,108,188,226,195,324,475,620,353,134,8,0,2555,2555,124,147,175,178,281,411,617,363,219,38,2
강원도  (4200000000),1536175,1536175,103764,135834,177456,164049,221735,264796,248600,134410,73713,11331,487,773037,773037,53087,70583,99831,86151,113843,136524,123761,60433,26222,2479,123,763138,763138,50677,65251,77625,77898,107892,128272,124839,73977,47491,8852,364
동해출장소  (4210500000),0,0,0,0,0,0,0,0,0,0,0,0,0,0,0,0,0,0,0,0,0,0,0,0,0,0,0,0,0,0,0,0,0,0,0,0,0,0,0
강원도 춘천시 (4211000000),282326,282326,21317,26743,37239,34006,42119,46685,39409,20840,12007,1899,62,139412,139412,10950,13884,19885,17352,20832,23465,19097,9156,4306,467,18,142914,142914,10367,12859,17354,16654,21287,23220,20312,11684,7701,1432,44
강원도 춘천시 신북읍(4211025000),7611,7611,322,464,750,649,878,1395,1507,928,620,96,2,3810,3810,155,238,421,350,472,735,772,428,209,29,1,3801,3801,167,226,329,299,406,660,735,500,411,67,1
강원도 춘천시 동면(4211031000),19706,19706,2133,2461,1927,2363,3631,3067,2483,997,528,113,3,9769,9769,1103,1266,1052,1109,1794,1568,1224,451,183,19,0,9937,9937,1030,1195,875,1254,1837,1499,1259,546,345,94,3
강원도 춘천시 동산면(4211032000),1464,1464,27,57,121,99,112,251,413,204,165,14,1,801,801,10,37,72,63,74,148,236,97,60,4,0,663,663,17,20,49,36,38,103,177,107,105,10,1
강원도 춘천시 신동면(4211033000),2560,2560,104,131,255,183,248,501,607,280,221,30,0,1315,1315,56,55,154,97,141,287,301,142,76,6,0,1245,1245,48,76,101,86,107,214,306,138,145,24,0
강원도 춘천시 남면(4211034000),1081,1081,25,29,41,54,86,213,285,197,128,22,1,586,586,18,15,25,32,51,131,158,96,54,6,0,495,495,7,14,16,22,35,82,127,101,74,16,1
강원도 춘천시 서면(4211035000),3764,3764,102,185,226,219,334,689,958,575,399,72,5,1928,1928,46,110,125,113,194,382,525,293,126,14,0,1836,1836,56,75,101,106,140,307,433,282,273,58,5
강원도 춘천시 사북면(4211036000),2528,2528,63,144,182,114,218,469,667,393,235,43,0,1253,1253,32,83,109,65,109,226,345,189,87,8,0,1275,1275,31,61,73,49,109,243,322,204,148,35,0
강원도 춘천시 북산면(4211038000),954,954,13,23,36,37,59,189,299,190,96,12,0,528,528,7,11,22,25,34,107,184,92,43,3,0,426,426,6,12,14,12,25,82,115,98,53,9,0
강원도 춘천시 동내면(4211039000),17311,17311,1416,1711,2169,2327,2863,2775,2318,1031,592,105,4,8631,8631,753,884,1112,1205,1459,1398,1140,443,207,29,1,8680,8680,663,827,1057,1122,1404,1377,1178,588,385,76,3
강원도 춘천시 남산면(4211040000),3471,3471,81,156,231,244,363,657,919,501,273,42,4,1828,1828,46,84,125,144,218,370,469,255,103,12,2,1643,1643,35,72,106,100,145,287,450,246,170,30,2
강원도 춘천시 교동(4211052000),3544,3544,99,185,867,406,381,500,506,371,205,22,2,1833,1833,61,101,474,229,203,268,234,187,67,8,1,1711,1711,38,84,393,177,178,232,272,184,138,14,1
강원도 춘천시 조운동(4211053000),2773,2773,84,126,354,295,354,471,503,336,207,43,0,1350,1350,46,68,180,162,200,246,239,137,63,9,0,1423,1423,38,58,174,133,154,225,264,199,144,34,0
강원도 춘천시 약사명동(4211054500),2171,2171,78,114,258,188,243,388,392,301,170,38,1,1057,1057,39,61,154,97,128,209,186,117,58,7,1,1114,1114,39,53,104,91,115,179,206,184,112,31,0
강원도 춘천시 근화동(4211057000),8672,8672,920,659,1000,1433,1166,1213,1118,688,412,59,4,4398,4398,496,369,514,756,604,683,547,255,148,24,2,4274,4274,424,290,486,677,562,530,571,433,264,35,2
강원도 춘천시 소양동(4211058000),9507,9507,753,759,1224,1210,1326,1648,1333,765,416,68,5,4616,4616,365,402,641,622,672,807,629,308,149,19,2,4891,4891,388,357,583,588,654,841,704,457,267,49,3
강원도 춘천시 후평1동(4211060000),11725,11725,503,853,1863,1343,1502,1934,1923,1105,603,95,1,5813,5813,262,431,982,748,783,966,915,491,215,20,0,5912,5912,241,422,881,595,719,968,1008,614,388,75,1
강원도 춘천시 후평2동(4211061000),14866,14866,1297,1423,2162,2121,2131,2364,1750,961,567,86,4,7096,7096,655,747,1086,1066,1004,1114,807,400,190,27,0,7770,7770,642,676,1076,1055,1127,1250,943,561,377,59,4
강원도 춘천시 후평3동(4211061100),21215,21215,1781,1925,2633,2852,3104,3429,2986,1506,864,132,3,10112,10112,906,971,1340,1452,1494,1615,1389,637,273,33,2,11103,11103,875,954,1293,1400,1610,1814,1597,869,591,99,1
강원도 춘천시 효자1동(4211062000),4514,4514,337,373,535,469,680,760,689,398,238,34,1,2257,2257,164,210,295,249,351,378,328,166,105,11,0,2257,2257,173,163,240,220,329,382,361,232,133,23,1
강원도 춘천시 효자2동(4211063000),11946,11946,412,673,2722,1319,1374,1801,1740,1158,664,81,2,6348,6348,204,349,1634,788,782,1002,841,488,246,12,2,5598,5598,208,324,1088,531,592,799,899,670,418,69,0
강원도 춘천시 효자3동(4211064000),4453,4453,155,230,977,590,484,656,674,399,252,35,1,2243,2243,83,116,485,324,274,341,324,172,113,11,0,2210,2210,72,114,492,266,210,315,350,227,139,24,1
강원도 춘천시 석사동(4211065000),35113,35113,2420,4333,5065,3643,5830,6278,4064,2110,1198,167,5,17196,17196,1209,2212,2662,1861,2744,3171,1963,883,452,38,1,17917,17917,1211,2121,2403,1782,3086,3107,2101,1227,746,129,4
강원도 춘천시 퇴계동(4211066000),49648,49648,4409,5869,6401,6189,8362,8362,5759,2577,1483,234,3,23918,23918,2245,3028,3368,2973,3876,4014,2737,1084,535,58,0,25730,25730,2164,2841,3033,3216,4486,4348,3022,1493,948,176,3
강원도 춘천시 강남동(4211067500),19062,19062,1524,1577,2431,2608,2831,3193,2763,1359,644,124,8,9317,9317,790,813,1267,1323,1382,1515,1290,669,235,30,3,9745,9745,734,764,1164,1285,1449,1678,1473,690,409,94,5
강원도 춘천시 신사우동(4211070500),22667,22667,2259,2283,2809,3051,3559,3482,2753,1510,827,132,2,11409,11409,1199,1223,1586,1499,1789,1784,1314,676,309,30,0,11258,11258,1060,1060,1223,1552,1770,1698,1439,834,518,102,2
강원도 원주시 (4213000000),354536,354536,27915,35553,45269,45121,56835,60728,47253,21523,12408,1870,61,175863,175863,14217,18380,24098,22900,28004,30552,23367,9584,4332,418,11,178673,178673,13698,17173,21171,22221,28831,30176,23886,11939,8076,1452,50
강원도 원주시 문막읍(4213025000),17654,17654,1112,1591,2050,1778,2847,3333,2612,1400,805,121,5,9021,9021,560,799,1153,964,1486,1778,1332,633,283,30,3,8633,8633,552,792,897,814,1361,1555,1280,767,522,91,2
강원도 원주시 소초면(4213031000),8495,8495,336,513,926,697,937,1678,1902,857,551,97,1,4463,4463,181,251,581,395,515,883,1020,416,198,23,0,4032,4032,155,262,345,302,422,795,882,441,353,74,1
강원도 원주시 호저면(4213032000),3682,3682,109,134,314,239,325,712,924,467,406,51,1,1933,1933,64,74,193,133,196,405,492,232,135,9,0,1749,1749,45,60,121,106,129,307,432,235,271,42,1
강원도 원주시 지정면(4213033000),28381,28381,4713,2477,2784,6909,4900,3143,2199,748,432,71,5,13966,13966,2344,1228,1337,3474,2524,1481,1083,345,134,16,0,14415,14415,2369,1249,1447,3435,2376,1662,1116,403,298,55,5
강원도 원주시 부론면(4213035000),2255,2255,41,94,134,84,165,369,664,391,271,40,2,1150,1150,18,42,77,46,109,212,352,190,94,10,0,1105,1105,23,52,57,38,56,157,312,201,177,30,2
강원도 원주시 귀래면(4213036000),2180,2180,42,84,138,121,152,440,602,355,211,35,0,1111,1111,24,40,74,82,77,242,326,157,84,5,0,1069,1069,18,44,64,39,75,198,276,198,127,30,0
강원도 원주시 흥업면(4213037000),8606,8606,404,626,1348,799,1131,1545,1558,670,470,53,2,4523,4523,205,322,764,445,624,836,830,317,166,13,1,4083,4083,199,304,584,354,507,709,728,353,304,40,1
강원도 원주시 판부면(4213038000),7250,7250,398,656,986,837,1118,1427,1049,452,277,49,1,3830,3830,198,355,558,474,579,791,552,217,98,8,0,3420,3420,200,301,428,363,539,636,497,235,179,41,1
강원도 원주시 신림면(4213039000),3549,3549,58,113,195,177,276,727,1031,569,350,52,1,1815,1815,27,63,108,111,164,383,538,274,133,14,0,1734,1734,31,50,87,66,112,344,493,295,217,38,1
강원도 원주시 중앙동(4213051500),2662,2662,50,102,185,186,265,547,657,354,265,51,0,1427,1427,30,53,103,106,168,334,372,159,90,12,0,1235,1235,20,49,82,80,97,213,285,195,175,39,0
강원도 원주시 원인동(4213052000),5086,5086,199,340,722,506,623,952,928,469,308,37,2,2442,2442,98,174,373,252,333,463,440,193,102,14,0,2644,2644,101,166,349,254,290,489,488,276,206,23,2
강원도 원주시 개운동(4213053000),12746,12746,640,1306,1606,1185,1716,2442,2018,1110,626,94,3,6112,6112,316,709,839,605,790,1179,951,479,223,21,0,6634,6634,324,597,767,580,926,1263,1067,631,403,73,3
강원도 원주시 명륜1동(4213054100),8558,8558,398,762,1125,773,1136,1688,1470,752,398,54,2,4122,4122,186,375,629,392,532,810,709,331,145,12,1,4436,4436,212,387,496,381,604,878,761,421,253,42,1
강원도 원주시 명륜2동(4213054200),15493,15493,718,1676,2135,1359,2276,3104,2398,1083,650,92,2,7504,7504,333,859,1133,681,1087,1545,1169,470,210,16,1,7989,7989,385,817,1002,678,1189,1559,1229,613,440,76,1
강원도 원주시 단구동(4213055000),44271,44271,3365,5235,6563,5483,7965,7758,4605,2039,1109,144,5,21770,21770,1738,2711,3575,2785,3741,3807,2198,812,370,32,1,22501,22501,1627,2524,2988,2698,4224,3951,2407,1227,739,112,4
강원도 원주시 일산동(4213056000),8587,8587,399,622,1641,914,1004,1418,1330,759,430,68,2,4174,4174,202,355,786,500,510,686,604,341,169,20,1,4413,4413,197,267,855,414,494,732,726,418,261,48,1
강원도 원주시 학성동(4213057500),4735,4735,160,286,541,389,593,923,959,511,319,53,1,2353,2353,88,165,298,206,327,476,449,216,117,11,0,2382,2382,72,121,243,183,266,447,510,295,202,42,1
강원도 원주시 단계동(4213059000),28939,28939,2093,2423,4500,4200,4073,5343,4027,1418,745,113,4,14072,14072,1120,1246,2332,2195,1901,2429,1927,636,262,24,0,14867,14867,973,1177,2168,2005,2172,2914,2100,782,483,89,4
강원도 원주시 우산동(4213060000),13558,13558,1003,1197,1995,1584,2115,2293,1947,909,444,71,0,7151,7151,523,668,1137,847,1128,1222,1018,419,171,18,0,6407,6407,480,529,858,737,987,1071,929,490,273,53,0
강원도 원주시 태장1동(4213061000),10080,10080,765,1118,1054,1095,1721,1721,1435,735,393,40,3,5057,5057,394,582,560,553,875,911,714,313,145,10,0,5023,5023,371,536,494,542,846,810,721,422,248,30,3
강원도 원주시 태장2동(4213062000),24737,24737,1721,2603,3021,2698,4112,4543,3463,1568,890,116,2,12323,12323,893,1357,1627,1389,2083,2285,1691,677,296,25,0,12414,12414,828,1246,1394,1309,2029,2258,1772,891,594,91,2
강원도 원주시 봉산동(4213063500),8080,8080,268,657,906,648,1016,1554,1560,851,528,88,4,4018,4018,137,369,508,389,509,798,755,355,178,19,1,4062,4062,131,288,398,259,507,756,805,496,350,69,3
강원도 원주시 행구동(4213065000),7755,7755,502,863,937,731,1218,1480,1159,508,293,59,5,3840,3840,266,435,513,361,572,748,584,241,108,12,0,3915,3915,236,428,424,370,646,732,575,267,185,47,5
강원도 원주시 무실동(4213066000),32800,32800,3138,4305,4163,4356,6281,5180,3387,1282,593,112,3,16074,16074,1595,2296,2232,2104,2912,2517,1612,586,200,19,1,16726,16726,1543,2009,1931,2252,3369,2663,1775,696,393,93,2
강원도 원주시 반곡관설동(4213067500),44397,44397,5283,5770,5300,7373,8870,6408,3369,1266,644,109,5,21612,21612,2677,2852,2608,3411,4262,3331,1649,575,221,25,1,22785,22785,2606,2918,2692,3962,4608,3077,1720,691,423,84,4
강원도 강릉시 (4215000000),212890,212890,13235,18699,24920,21424,32108,36443,34572,19615,10118,1679,77,105527,105527,6835,9786,13646,11245,16361,18387,16475,8794,3654,324,20,107363,107363,6400,8913,11274,10179,15747,18056,18097,10821,6464,1355,57
강원도 강릉시 주문진읍(4215025000),16381,16381,640,947,1449,1189,2012,2961,3513,2280,1176,207,7,8012,8012,333,518,834,640,1087,1516,1660,967,410,45,2,8369,8369,307,429,615,549,925,1445,1853,1313,766,162,5
강원도 강릉시 성산면(4215031000),3428,3428,134,193,286,201,372,674,759,434,317,52,6,1743,1743,73,101,178,113,216,347,387,221,95,11,1,1685,1685,61,92,108,88,156,327,372,213,222,41,5
강원도 강릉시 왕산면(4215032000),1586,1586,26,39,91,80,103,315,486,274,146,25,1,849,849,22,15,51,57,67,173,257,140,61,5,1,737,737,4,24,40,23,36,142,229,134,85,20,0
강원도 강릉시 구정면(4215033000),4159,4159,208,274,337,332,494,692,947,492,307,71,5,2128,2128,117,147,201,161,283,377,487,231,108,13,3,2031,2031,91,127,136,171,211,315,460,261,199,58,2
강원도 강릉시 강동면(4215034000),4256,4256,102,183,416,284,435,761,959,659,388,66,3,2271,2271,59,99,276,185,291,426,501,292,125,16,1,1985,1985,43,84,140,99,144,335,458,367,263,50,2
강원도 강릉시 옥계면(4215035000),3559,3559,116,148,264,220,328,668,869,571,324,50,1,1823,1823,63,87,164,136,188,372,456,258,90,9,0,1736,1736,53,61,100,84,140,296,413,313,234,41,1
강원도 강릉시 사천면(4215036000),4605,4605,192,235,420,396,567,847,1036,530,324,57,1,2360,2360,100,130,251,213,312,443,519,255,128,9,0,2245,2245,92,105,169,183,255,404,517,275,196,48,1
강원도 강릉시 연곡면(4215037000),6529,6529,366,468,500,567,946,1107,1352,769,393,57,4,3250,3250,179,239,277,303,503,554,664,374,143,11,3,3279,3279,187,229,223,264,443,553,688,395,250,46,1
강원도 강릉시 홍제동(4215051000),15450,15450,1351,1557,1718,1988,2655,2490,1989,1084,515,96,7,7524,7524,693,784,884,1006,1289,1238,943,481,184,21,1,7926,7926,658,773,834,982,1366,1252,1046,603,331,75,6
강원도 강릉시 중앙동(4215052000),4947,4947,156,289,565,433,642,778,1000,674,321,80,9,2350,2350,75,139,283,258,336,407,436,284,110,20,2,2597,2597,81,150,282,175,306,371,564,390,211,60,7
강원도 강릉시 옥천동(4215054000),3384,3384,94,156,331,286,399,590,683,570,246,27,2,1735,1735,53,88,187,161,237,323,306,261,116,3,0,1649,1649,41,68,144,125,162,267,377,309,130,24,2
강원도 강릉시 교1동(4215055000),26229,26229,1793,2979,3622,2615,4565,4485,3293,1803,942,127,5,12814,12814,924,1543,1920,1328,2127,2273,1521,779,378,21,0,13415,13415,869,1436,1702,1287,2438,2212,1772,1024,564,106,5
강원도 강릉시 교2동(4215056000),7859,7859,364,614,934,768,1041,1425,1448,807,385,68,5,3909,3909,185,320,488,436,522,725,686,381,153,11,2,3950,3950,179,294,446,332,519,700,762,426,232,57,3
강원도 강릉시 포남1동(4215057100),10391,10391,433,734,1260,881,1403,1983,1999,1126,504,65,3,5122,5122,231,387,654,488,759,978,893,509,209,13,1,5269,5269,202,347,606,393,644,1005,1106,617,295,52,2
강원도 강릉시 포남2동(4215057200),12953,12953,565,1140,1649,1266,1836,2453,2317,1123,505,98,1,6393,6393,285,610,887,697,952,1197,1063,514,175,12,1,6560,6560,280,530,762,569,884,1256,1254,609,330,86,0
강원도 강릉시 초당동(4215058000),4814,4814,289,402,553,541,733,927,755,367,215,32,0,2359,2359,125,210,329,296,346,441,369,157,79,7,0,2455,2455,164,192,224,245,387,486,386,210,136,25,0
강원도 강릉시 송정동(4215059000),10134,10134,916,1030,1141,1337,1644,1662,1434,598,311,58,3,4906,4906,446,542,606,660,798,776,685,262,120,11,0,5228,5228,470,488,535,677,846,886,749,336,191,47,3
강원도 강릉시 내곡동(4215060000),16586,16586,1398,1543,2459,2128,2701,2528,2169,1049,528,81,2,8223,8223,715,785,1330,1053,1390,1229,1043,479,184,15,0,8363,8363,683,758,1129,1075,1311,1299,1126,570,344,66,2
강원도 강릉시 강남동(4215061500),18056,18056,929,1536,2003,1618,2534,3133,3015,2078,1052,152,6,9028,9028,461,836,1157,870,1353,1613,1408,907,390,32,1,9028,9028,468,700,846,748,1181,1520,1607,1171,662,120,5
강원도 강릉시 성덕동(4215064500),28586,28586,2423,3477,3453,3232,5192,4587,3420,1717,932,147,6,14123,14123,1301,1835,1858,1629,2532,2266,1654,718,301,28,1,14463,14463,1122,1642,1595,1603,2660,2321,1766,999,631,119,5
강원도 강릉시 경포동(4215066500),8998,8998,740,755,1469,1062,1506,1377,1129,610,287,63,0,4605,4605,395,371,831,555,773,713,537,324,95,11,0,4393,4393,345,384,638,507,733,664,592,286,192,52,0
강원도 동해시 (4217000000),89868,89868,6494,8637,9284,8916,14396,15573,14182,7989,3863,523,11,45622,45622,3337,4509,5470,4763,7494,8073,6856,3627,1393,98,2,44246,44246,3157,4128,3814,4153,6902,7500,7326,4362,2470,425,9
강원도 동해시 천곡동(4217051000),30586,30586,2709,3247,3388,3590,5114,5072,4575,1933,829,129,0,15221,15221,1398,1627,1957,1878,2526,2424,2190,904,291,26,0,15365,15365,1311,1620,1431,1712,2588,2648,2385,1029,538,103,0
강원도 동해시 송정동(4217052000),3894,3894,148,228,530,287,514,682,726,460,271,47,1,2115,2115,72,129,361,165,305,381,364,220,107,11,0,1779,1779,76,99,169,122,209,301,362,240,164,36,1
강원도 동해시 북삼동(4217053000),19355,19355,1472,2514,2228,1876,3705,3505,2273,1183,529,70,0,10029,10029,752,1362,1329,1005,1821,1886,1107,552,202,13,0,9326,9326,720,1152,899,871,1884,1619,1166,631,327,57,0
강원도 동해시 부곡동(4217054000),5058,5058,181,340,446,353,678,922,1087,715,296,39,1,2475,2475,99,184,250,180,371,453,515,312,105,6,0,2583,2583,82,156,196,173,307,469,572,403,191,33,1
강원도 동해시 동호동(4217055000),5126,5126,294,440,476,425,728,934,909,633,265,20,2,2596,2596,145,230,276,226,421,492,421,281,98,5,1,2530,2530,149,210,200,199,307,442,488,352,167,15,1
강원도 동해시 발한동(4217057000),3456,3456,105,161,254,208,416,567,799,607,299,38,2,1756,1756,53,83,157,134,253,311,370,285,100,10,0,1700,1700,52,78,97,74,163,256,429,322,199,28,2
강원도 동해시 묵호동(4217059000),3153,3153,96,165,194,172,403,518,692,571,319,22,1,1564,1564,55,91,104,100,241,294,319,223,131,6,0,1589,1589,41,74,90,72,162,224,373,348,188,16,1
강원도 동해시 북평동(4217060000),12789,12789,1223,1170,1288,1533,2074,2178,1782,944,518,78,1,6572,6572,632,606,746,800,1106,1158,889,449,177,9,0,6217,6217,591,564,542,733,968,1020,893,495,341,69,1
강원도 동해시 망상동(4217063000),3545,3545,168,187,269,274,433,622,720,521,306,44,1,1774,1774,83,98,156,151,251,332,362,231,103,7,0,1771,1771,85,89,113,123,182,290,358,290,203,37,1
강원도 동해시 삼화동(4217065000),2906,2906,98,185,211,198,331,573,619,422,231,36,2,1520,1520,48,99,134,124,199,342,319,170,79,5,1,1386,1386,50,86,77,74,132,231,300,252,152,31,1
강원도 태백시 (4219000000),42183,42183,2467,3754,3596,3608,6315,7207,7846,4887,2191,288,24,21370,21370,1305,1946,2072,1917,3346,3863,3865,2175,806,65,10,20813,20813,1162,1808,1524,1691,2969,3344,3981,2712,1385,223,14
강원도 태백시 황지동(4219051500),6327,6327,456,562,613,570,901,1096,1127,683,275,42,2,3146,3146,239,294,364,306,462,534,533,302,100,11,1,3181,3181,217,268,249,264,439,562,594,381,175,31,1
강원도 태백시 황연동(4219052500),4444,4444,179,304,346,274,611,772,1039,622,253,43,1,2269,2269,89,163,206,153,334,418,532,265,99,9,1,2175,2175,90,141,140,121,277,354,507,357,154,34,0
강원도 태백시 삼수동(4219053500),5975,5975,374,507,404,519,914,948,1120,775,357,50,7,3044,3044,210,258,244,264,514,545,518,341,133,14,3,2931,2931,164,249,160,255,400,403,602,434,224,36,4
강원도 태백시 상장동(4219054000),13394,13394,1067,1578,1394,1442,2559,2173,1790,950,390,49,2,6797,6797,558,811,798,731,1295,1155,871,435,135,7,1,6597,6597,509,767,596,711,1264,1018,919,515,255,42,1
강원도 태백시 문곡소도동(4219058500),3875,3875,149,258,272,276,493,732,928,522,213,27,5,1944,1944,76,112,145,151,271,385,469,235,93,5,2,1931,1931,73,146,127,125,222,347,459,287,120,22,3
강원도 태백시 장성동(4219059500),3507,3507,138,243,285,256,384,712,742,456,254,30,7,1724,1724,71,113,154,151,202,369,382,198,78,4,2,1783,1783,67,130,131,105,182,343,360,258,176,26,5
강원도 태백시 구문소동(4219060500),2602,2602,65,212,155,146,269,412,612,476,235,20,0,1374,1374,41,147,88,82,163,248,309,208,83,5,0,1228,1228,24,65,67,64,106,164,303,268,152,15,0
강원도 태백시 철암동(4219061500),2059,2059,39,90,127,125,184,362,488,403,214,27,0,1072,1072,21,48,73,79,105,209,251,191,85,10,0,987,987,18,42,54,46,79,153,237,212,129,17,0
강원도 속초시 (4221000000),82302,82302,5782,7324,8908,9082,12326,15006,13190,6783,3277,605,19,40771,40771,2938,3793,5001,4867,6185,7412,6366,2955,1133,115,6,41531,41531,2844,3531,3907,4215,6141,7594,6824,3828,2144,490,13
강원도 속초시 영랑동(4221051000),4438,4438,164,234,411,394,498,879,1033,536,246,40,3,2297,2297,82,131,255,227,280,470,502,253,90,6,1,2141,2141,82,103,156,167,218,409,531,283,156,34,2
강원도 속초시 동명동(4221052000),3700,3700,247,249,324,351,502,713,673,417,193,31,0,1869,1869,135,133,183,186,271,365,324,201,64,7,0,1831,1831,112,116,141,165,231,348,349,216,129,24,0
강원도 속초시 금호동(4221054000),6086,6086,226,445,599,452,740,1206,1257,705,373,82,1,2976,2976,128,220,354,264,381,575,604,303,136,10,1,3110,3110,98,225,245,188,359,631,653,402,237,72,0
강원도 속초시 교동(4221056000),9610,9610,537,840,1117,964,1366,1727,1727,843,416,70,3,4715,4715,269,449,616,540,693,820,830,345,139,14,0,4895,4895,268,391,501,424,673,907,897,498,277,56,3
강원도 속초시 노학동(4221057000),21501,21501,1364,2212,2393,2195,3382,4043,3333,1628,796,153,2,10699,10699,677,1124,1359,1183,1660,2012,1667,733,257,27,0,10802,10802,687,1088,1034,1012,1722,2031,1666,895,539,126,2
강원도 속초시 조양동(4221058000),29292,29292,2913,2979,3441,3999,4964,4927,3496,1699,748,121,5,14309,14309,1473,1539,1881,2041,2416,2351,1608,713,258,27,2,14983,14983,1440,1440,1560,1958,2548,2576,1888,986,490,94,3
강원도 속초시 청호동(4221059000),4570,4570,251,252,380,502,556,875,910,491,284,66,3,2298,2298,133,123,217,279,302,483,456,195,93,16,1,2272,2272,118,129,163,223,254,392,454,296,191,50,2
강원도 속초시 대포동(4221060000),3105,3105,80,113,243,225,318,636,761,464,221,42,2,1608,1608,41,74,136,147,182,336,375,212,96,8,1,1497,1497,39,39,107,78,136,300,386,252,125,34,1
강원도 삼척시 (4223000000),64355,64355,3727,5119,6974,5534,8755,11108,11393,7100,4020,595,30,32532,32532,1892,2617,3895,2985,4817,6018,5714,3130,1351,108,5,31823,31823,1835,2502,3079,2549,3938,5090,5679,3970,2669,487,25
강원도 삼척시 도계읍(4223025000),9761,9761,312,829,1720,513,1048,1619,1857,1205,594,61,3,4820,4820,148,370,898,269,598,876,952,518,178,13,0,4941,4941,164,459,822,244,450,743,905,687,416,48,3
강원도 삼척시 원덕읍(4223025300),3298,3298,89,142,230,201,381,624,713,509,347,54,8,1726,1726,50,71,157,126,246,377,371,212,104,9,3,1572,1572,39,71,73,75,135,247,342,297,243,45,5
강원도 삼척시 원덕읍임원출장소(4223025400),1724,1724,45,62,129,87,192,346,381,294,164,24,0,859,859,21,34,74,54,114,189,197,114,56,6,0,865,865,24,28,55,33,78,157,184,180,108,18,0
강원도 삼척시 근덕면(4223031000),5117,5117,102,207,337,268,468,979,1211,815,607,118,5,2632,2632,55,124,213,170,296,588,619,353,200,14,0,2485,2485,47,83,124,98,172,391,592,462,407,104,5
강원도 삼척시 하장면(4223032000),1296,1296,21,35,65,69,131,281,378,177,123,16,0,708,708,13,19,34,49,98,145,213,80,54,3,0,588,588,8,16,31,20,33,136,165,97,69,13,0
강원도 삼척시 노곡면(4223033000),709,709,8,8,32,21,61,136,196,134,89,24,0,389,389,4,3,23,13,43,90,117,59,32,5,0,320,320,4,5,9,8,18,46,79,75,57,19,0
강원도 삼척시 미로면(4223034000),1845,1845,43,70,84,84,194,341,444,322,229,34,0,959,959,25,45,55,44,140,196,238,147,66,3,0,886,886,18,25,29,40,54,145,206,175,163,31,0
강원도 삼척시 가곡면(4223035000),682,682,11,26,28,21,76,127,175,129,77,12,0,349,349,9,12,18,9,49,80,81,59,30,2,0,333,333,2,14,10,12,27,47,94,70,47,10,0
강원도 삼척시 신기면(4223036000),671,671,15,13,24,33,71,128,172,123,83,9,0,365,365,8,5,13,18,54,79,98,58,31,1,0,306,306,7,8,11,15,17,49,74,65,52,8,0
강원도 삼척시 남양동(4223051000),7630,7630,282,482,720,595,938,1393,1620,1028,510,60,2,3759,3759,148,252,404,333,508,686,757,474,182,15,0,3871,3871,134,230,316,262,430,707,863,554,328,45,2
강원도 삼척시 교동(4223053000),14524,14524,1635,1687,1834,2004,2518,2279,1489,689,324,59,6,7385,7385,828,863,1025,1040,1248,1188,746,308,124,14,1,7139,7139,807,824,809,964,1270,1091,743,381,200,45,5
강원도 삼척시 정라동(4223054000),9055,9055,639,817,1020,914,1487,1542,1322,842,402,65,5,4600,4600,319,437,565,471,799,863,637,368,128,12,1,4455,4455,320,380,455,443,688,679,685,474,274,53,4
강원도 삼척시 성내동(4223057000),8043,8043,525,741,751,724,1190,1313,1435,833,471,59,1,3981,3981,264,382,416,389,624,661,688,380,166,11,0,4062,4062,261,359,335,335,566,652,747,453,305,48,1
강원도 홍천군 (4272000000),68681,68681,3730,5081,6728,5945,8108,12392,14327,7247,4444,645,34,35370,35370,1886,2597,4084,3248,4346,6545,7474,3432,1596,158,4,33311,33311,1844,2484,2644,2697,3762,5847,6853,3815,2848,487,30
강원도 홍천군 홍천읍(4272025000),34425,34425,2551,3480,4087,3798,5242,5911,5177,2524,1429,208,18,17408,17408,1275,1802,2354,2020,2632,3080,2596,1092,504,52,1,17017,17017,1276,1678,1733,1778,2610,2831,2581,1432,925,156,17
강원도 홍천군 화촌면(4272031000),4635,4635,123,161,376,287,397,785,1289,700,435,79,3,2453,2453,63,88,251,168,253,431,679,359,141,20,0,2182,2182,60,73,125,119,144,354,610,341,294,59,3
강원도 홍천군 두촌면(4272032000),2417,2417,48,108,145,111,156,434,705,401,258,50,1,1207,1207,28,57,86,59,94,227,366,183,97,10,0,1210,1210,20,51,59,52,62,207,339,218,161,40,1
강원도 홍천군 내촌면(4272033000),2375,2375,47,75,120,95,179,472,732,374,250,30,1,1244,1244,32,38,70,55,122,249,386,193,89,10,0,1131,1131,15,37,50,40,57,223,346,181,161,20,1
강원도 홍천군 서석면(4272034000),3727,3727,130,184,273,202,300,769,1021,483,319,42,4,1901,1901,71,95,175,101,159,402,536,240,111,10,1,1826,1826,59,89,98,101,141,367,485,243,208,32,3
강원도 홍천군 동면(4272035000),3988,3988,106,185,235,217,328,747,1131,625,371,40,3,2068,2068,48,114,140,126,201,394,588,312,135,9,1,1920,1920,58,71,95,91,127,353,543,313,236,31,2
강원도 홍천군 남면(4272036000),6247,6247,388,435,812,598,527,992,1286,670,471,68,0,3339,3339,193,167,603,338,307,530,691,324,171,15,0,2908,2908,195,268,209,260,220,462,595,346,300,53,0
강원도 홍천군 서면(4272037000),3788,3788,100,122,230,223,355,727,1103,550,319,57,2,2001,2001,52,63,134,149,213,370,609,268,124,19,0,1787,1787,48,59,96,74,142,357,494,282,195,38,2
강원도 홍천군 북방면(4272038000),3902,3902,118,190,266,231,361,802,1024,512,356,41,1,2054,2054,56,105,153,135,217,438,561,250,133,6,0,1848,1848,62,85,113,96,144,364,463,262,223,35,1
강원도 홍천군 내면(4272039000),3177,3177,119,141,184,183,263,753,859,408,236,30,1,1695,1695,68,68,118,97,148,424,462,211,91,7,1,1482,1482,51,73,66,86,115,329,397,197,145,23,0
강원도 횡성군 (4273000000),46510,46510,2135,3554,3797,3390,5039,8597,10566,5539,3345,521,27,23861,23861,1132,1860,2157,1773,2804,4573,5516,2695,1232,115,4,22649,22649,1003,1694,1640,1617,2235,4024,5050,2844,2113,406,23
강원도 횡성군 횡성읍(4273025000),20791,20791,1441,1972,2285,2022,2936,3656,3387,1793,1090,198,11,10473,10473,759,1014,1253,1014,1583,1912,1713,787,388,49,1,10318,10318,682,958,1032,1008,1353,1744,1674,1006,702,149,10
강원도 횡성군 우천면(4273031000),4498,4498,124,205,369,250,411,864,1179,653,385,56,2,2367,2367,65,109,239,133,236,475,621,334,140,15,0,2131,2131,59,96,130,117,175,389,558,319,245,41,2
강원도 횡성군 안흥면(4273032000),3155,3155,68,593,134,122,183,546,801,421,244,40,3,1612,1612,38,313,84,61,95,288,426,209,93,5,0,1543,1543,30,280,50,61,88,258,375,212,151,35,3
강원도 횡성군 둔내면(4273033000),5902,5902,253,382,382,424,639,1176,1444,712,433,52,5,3087,3087,135,211,214,243,365,640,753,352,165,9,0,2815,2815,118,171,168,181,274,536,691,360,268,43,5
강원도 횡성군 갑천면(4273034000),2406,2406,37,81,133,107,164,459,743,393,249,37,3,1243,1243,19,36,70,57,96,245,401,209,103,5,2,1163,1163,18,45,63,50,68,214,342,184,146,32,1
강원도 횡성군 청일면(4273035000),2383,2383,30,69,111,88,160,483,769,398,236,38,1,1205,1205,11,38,65,47,93,254,418,199,73,7,0,1178,1178,19,31,46,41,67,229,351,199,163,31,1
강원도 횡성군 공근면(4273036000),3514,3514,79,115,194,177,269,688,1033,539,356,64,0,1833,1833,43,58,119,105,170,366,548,278,132,14,0,1681,1681,36,57,75,72,99,322,485,261,224,50,0
강원도 횡성군 서원면(4273037000),2122,2122,68,67,113,127,152,381,660,314,210,28,2,1128,1128,42,34,68,75,91,209,355,166,78,9,1,994,994,26,33,45,52,61,172,305,148,132,19,1
강원도 횡성군 강림면(4273038000),1739,1739,35,70,76,73,125,344,550,316,142,8,0,913,913,20,47,45,38,75,184,281,161,60,2,0,826,826,15,23,31,35,50,160,269,155,82,6,0
강원도 영월군 (4275000000),38417,38417,1632,2915,3153,2724,4503,7217,8270,4822,2797,359,25,19859,19859,858,1584,1837,1477,2459,4010,4316,2197,1011,101,9,18558,18558,774,1331,1316,1247,2044,3207,3954,2625,1786,258,16
강원도 영월군 영월읍(4275025000),21041,21041,1267,2173,2236,1859,2933,3755,3459,2094,1114,145,6,10767,10767,671,1195,1276,969,1495,2062,1745,909,404,39,2,10274,10274,596,978,960,890,1438,1693,1714,1185,710,106,4
강원도 영월군 상동읍(4275025300),1077,1077,19,31,46,48,102,203,278,201,137,12,0,560,560,12,16,32,25,67,121,146,92,48,1,0,517,517,7,15,14,23,35,82,132,109,89,11,0
강원도 영월군 중동면(4275031000),1451,1451,26,52,68,58,110,324,387,257,154,15,0,757,757,11,23,45,37,70,181,227,106,51,6,0,694,694,15,29,23,21,40,143,160,151,103,9,0
강원도 영월군 김삿갓면(4275032500),1723,1723,28,73,78,59,151,389,504,263,156,22,0,893,893,14,38,49,34,83,208,270,134,58,5,0,830,830,14,35,29,25,68,181,234,129,98,17,0
강원도 영월군 북면(4275033000),2116,2116,32,91,125,103,187,426,568,344,206,27,7,1106,1106,17,38,80,57,120,245,309,154,76,7,3,1010,1010,15,53,45,46,67,181,259,190,130,20,4
강원도 영월군 남면(4275034000),2251,2251,41,105,111,119,219,423,645,342,212,29,5,1183,1183,19,58,69,76,135,250,338,166,63,7,2,1068,1068,22,47,42,43,84,173,307,176,149,22,3
강원도 영월군 한반도면(4275035500),1235,1235,42,39,101,79,121,264,313,166,100,9,1,686,686,21,24,63,42,71,166,171,87,39,2,0,549,549,21,15,38,37,50,98,142,79,61,7,1
강원도 영월군 한반도면쌍용출장소(4275035900),1722,1722,47,65,93,118,178,309,431,278,174,28,1,931,931,28,27,54,82,125,186,227,124,66,11,1,791,791,19,38,39,36,53,123,204,154,108,17,0
강원도 영월군 주천면(4275036000),3773,3773,90,204,213,187,325,726,1051,534,391,47,5,1930,1930,45,121,121,107,185,385,557,252,141,15,1,1843,1843,45,83,92,80,140,341,494,282,250,32,4
강원도 영월군 무릉도원면(4275038000),2028,2028,40,82,82,94,177,398,634,343,153,25,0,1046,1046,20,44,48,48,108,206,326,173,65,8,0,982,982,20,38,34,46,69,192,308,170,88,17,0
강원도 평창군 (4276000000),41188,41188,1826,2810,3337,2974,5222,7869,9059,4929,2778,367,17,21139,21139,906,1478,1982,1604,2852,4226,4731,2289,997,70,4,20049,20049,920,1332,1355,1370,2370,3643,4328,2640,1781,297,13
강원도 평창군 평창읍(4276025000),8459,8459,406,697,764,654,1063,1572,1730,917,567,84,5,4306,4306,206,346,457,350,555,845,890,445,198,13,1,4153,4153,200,351,307,304,508,727,840,472,369,71,4
강원도 평창군 미탄면(4276031000),1649,1649,35,73,108,63,179,345,437,251,131,26,1,863,863,16,40,64,39,111,190,245,116,40,2,0,786,786,19,33,44,24,68,155,192,135,91,24,1
강원도 평창군 방림면(4276032000),879,879,19,44,51,41,75,171,247,141,80,9,1,453,453,13,24,34,19,41,83,141,61,36,0,1,426,426,6,20,17,22,34,88,106,80,44,9,0
강원도 평창군 방림면계촌출장소(4276032500),1662,1662,53,68,89,85,145,351,485,245,118,23,0,868,868,25,34,47,47,84,187,273,126,43,2,0,794,794,28,34,42,38,61,164,212,119,75,21,0
강원도 평창군 대화면(4276033000),5222,5222,215,308,400,312,619,968,1225,681,432,61,1,2669,2669,99,157,235,172,347,522,654,302,166,15,0,2553,2553,116,151,165,140,272,446,571,379,266,46,1
강원도 평창군 봉평면(4276034000),5736,5736,289,423,405,451,786,1126,1285,610,332,26,3,3004,3004,135,234,242,246,426,603,681,308,123,6,0,2732,2732,154,189,163,205,360,523,604,302,209,20,3
강원도 평창군 용평면(4276035000),3077,3077,109,201,218,152,372,668,716,354,258,29,0,1544,1544,48,107,126,70,204,366,367,160,87,9,0,1533,1533,61,94,92,82,168,302,349,194,171,20,0
강원도 평창군 진부면(4276036000),8611,8611,413,631,721,602,1099,1591,1833,1092,546,79,4,4352,4352,220,323,426,313,579,849,936,505,185,14,2,4259,4259,193,308,295,289,520,742,897,587,361,65,2
강원도 평창군 대관령면(4276038000),5893,5893,287,365,581,614,884,1077,1101,638,314,30,2,3080,3080,144,213,351,348,505,581,544,266,119,9,0,2813,2813,143,152,230,266,379,496,557,372,195,21,2
강원도 정선군 (4277000000),35990,35990,1705,2483,2717,2944,4777,6790,7586,4433,2225,313,17,18737,18737,873,1287,1565,1644,2783,3762,4001,1988,770,57,7,17253,17253,832,1196,1152,1300,1994,3028,3585,2445,1455,256,10
강원도 정선군 정선읍(4277025000),10542,10542,628,985,978,906,1623,1887,1815,1087,533,97,3,5408,5408,327,518,573,469,858,1028,960,483,176,16,0,5134,5134,301,467,405,437,765,859,855,604,357,81,3
강원도 정선군 고한읍(4277025300),4446,4446,266,233,331,681,697,722,824,501,175,16,0,2332,2332,136,104,175,399,432,404,389,228,62,3,0,2114,2114,130,129,156,282,265,318,435,273,113,13,0
강원도 정선군 사북읍(4277025600),4714,4714,283,357,393,439,726,908,936,478,176,13,5,2480,2480,146,184,229,228,412,510,480,217,70,0,4,2234,2234,137,173,164,211,314,398,456,261,106,13,1
강원도 정선군 신동읍(4277025900),1818,1818,67,121,112,96,205,355,429,272,148,13,0,934,934,33,60,67,54,124,198,238,104,53,3,0,884,884,34,61,45,42,81,157,191,168,95,10,0
강원도 정선군 신동읍함백출장소(4277026000),1582,1582,39,100,117,91,155,316,363,259,124,14,4,797,797,16,56,68,59,99,177,182,99,36,2,3,785,785,23,44,49,32,56,139,181,160,88,12,1
강원도 정선군 남면(4277032000),3215,3215,143,183,206,278,423,622,793,366,181,19,1,1718,1718,73,95,118,173,263,330,435,168,60,3,0,1497,1497,70,88,88,105,160,292,358,198,121,16,1
강원도 정선군 북평면(4277034000),2527,2527,97,171,174,138,286,485,555,348,230,42,1,1280,1280,50,86,109,77,161,271,281,158,78,9,0,1247,1247,47,85,65,61,125,214,274,190,152,33,1
강원도 정선군 임계면(4277035000),3503,3503,97,151,182,160,303,746,889,557,364,52,2,1848,1848,44,80,101,99,198,417,492,265,138,14,0,1655,1655,53,71,81,61,105,329,397,292,226,38,2
강원도 정선군 화암면(4277036000),1656,1656,41,91,107,62,169,379,428,244,114,21,0,893,893,22,51,68,32,104,228,238,112,36,2,0,763,763,19,40,39,30,65,151,190,132,78,19,0
강원도 정선군 여량면(4277037000),1987,1987,44,91,117,93,190,370,554,321,180,26,1,1047,1047,26,53,57,54,132,199,306,154,61,5,0,940,940,18,38,60,39,58,171,248,167,119,21,1
강원도 철원군 (4278000000),44169,44169,3311,3695,5596,4633,5614,7022,6958,4660,2294,367,19,22948,22948,1665,1922,3639,2556,3005,3727,3439,2074,831,85,5,21221,21221,1646,1773,1957,2077,2609,3295,3519,2586,1463,282,14
강원도 철원군 철원읍(4278025000),5333,5333,428,464,656,565,642,864,809,584,280,41,0,2718,2718,199,254,393,316,344,470,386,254,93,9,0,2615,2615,229,210,263,249,298,394,423,330,187,32,0
강원도 철원군 김화읍(4278025300),3549,3549,355,264,519,451,390,460,502,361,209,36,2,1890,1890,197,137,343,248,220,248,264,143,82,8,0,1659,1659,158,127,176,203,170,212,238,218,127,28,2
강원도 철원군 갈말읍(4278025600),11970,11970,811,982,1568,1240,1598,1982,1933,1200,559,90,7,6422,6422,396,538,1076,714,852,1045,996,552,228,22,3,5548,5548,415,444,492,526,746,937,937,648,331,68,4
강원도 철원군 동송읍(4278025900),15299,15299,1135,1425,1772,1536,2062,2502,2396,1579,759,127,6,7703,7703,561,706,1071,807,1066,1326,1158,714,259,34,1,7596,7596,574,719,701,729,996,1176,1238,865,500,93,5
강원도 철원군 서면(4278031000),1935,1935,170,87,382,236,189,227,280,225,118,19,2,1073,1073,86,54,277,145,113,121,135,101,36,4,1,862,862,84,33,105,91,76,106,145,124,82,15,1
강원도 철원군 서면와수출장소(4278031500),3751,3751,231,335,428,343,531,643,599,384,221,35,1,1897,1897,126,163,278,177,291,337,278,166,78,3,0,1854,1854,105,172,150,166,240,306,321,218,143,32,1
강원도 철원군 근남면(4278032000),2226,2226,181,135,269,259,194,328,420,289,132,18,1,1194,1194,100,68,200,147,114,169,216,129,46,5,0,1032,1032,81,67,69,112,80,159,204,160,86,13,1
강원도 철원군 근북면(4278033000),106,106,0,3,2,3,8,16,19,38,16,1,0,51,51,0,2,1,2,5,11,6,15,9,0,0,55,55,0,1,1,1,3,5,13,23,7,1,0
강원도 화천군 (4279000000),24446,24446,1768,1738,3755,2820,2641,3822,3933,2337,1401,221,10,13278,13278,891,876,2625,1665,1449,2074,2113,1044,487,50,4,11168,11168,877,862,1130,1155,1192,1748,1820,1293,914,171,6
강원도 화천군 화천읍(4279025000),8345,8345,694,738,1163,999,1123,1303,1115,736,422,49,3,4354,4354,357,375,712,562,593,706,593,303,142,11,0,3991,3991,337,363,451,437,530,597,522,433,280,38,3
강원도 화천군 간동면(4279031000),2691,2691,53,145,264,129,213,573,643,393,228,49,1,1431,1431,27,69,194,77,107,327,353,183,80,13,1,1260,1260,26,76,70,52,106,246,290,210,148,36,0
강원도 화천군 하남면(4279032000),2845,2845,133,260,257,251,362,520,520,307,202,30,3,1490,1490,69,133,141,133,207,294,284,153,68,6,2,1355,1355,64,127,116,118,155,226,236,154,134,24,1
강원도 화천군 상서면(4279033000),4178,4178,279,160,1106,511,311,503,637,373,253,44,1,2535,2535,127,82,906,347,193,272,349,163,88,8,0,1643,1643,152,78,200,164,118,231,288,210,165,36,1
강원도 화천군 사내면(4279034000),6387,6387,609,435,965,930,632,923,1018,528,296,49,2,3468,3468,311,217,672,546,349,475,534,242,109,12,1,2919,2919,298,218,293,384,283,448,484,286,187,37,1
강원도 양구군 (4280000000),22114,22114,1675,2042,3064,2510,2502,3484,3495,1994,1172,161,15,11701,11701,840,1022,2052,1395,1347,1860,1866,863,412,38,6,10413,10413,835,1020,1012,1115,1155,1624,1629,1131,760,123,9
강원도 양구군 양구읍(4280025000),14006,14006,1394,1628,1759,1918,1841,2013,1861,940,570,71,11,7148,7148,685,798,1057,1017,959,1047,971,397,193,19,5,6858,6858,709,830,702,901,882,966,890,543,377,52,6
강원도 양구군 국토정중앙면(4280031500),3363,3363,110,184,429,245,286,635,721,450,263,36,4,1862,1862,61,98,337,157,168,359,385,195,93,8,1,1501,1501,49,86,92,88,118,276,336,255,170,28,3
강원도 양구군 동면(4280032000),2117,2117,97,88,471,167,152,345,360,269,139,29,0,1203,1203,54,44,341,110,88,182,203,119,54,8,0,914,914,43,44,130,57,64,163,157,150,85,21,0
강원도 양구군 방산면(4280033000),1321,1321,42,58,292,94,85,205,275,150,107,13,0,781,781,20,32,248,63,47,115,152,62,40,2,0,540,540,22,26,44,31,38,90,123,88,67,11,0
강원도 양구군 해안면(4280034000),1307,1307,32,84,113,86,138,286,278,185,93,12,0,707,707,20,50,69,48,85,157,155,90,32,1,0,600,600,12,34,44,38,53,129,123,95,61,11,0
강원도 인제군 (4281000000),31508,31508,2429,2268,4063,3831,3933,5107,5445,2635,1541,249,7,17047,17047,1228,1195,2706,2205,2186,2725,2927,1261,544,66,4,14461,14461,1201,1073,1357,1626,1747,2382,2518,1374,997,183,3
강원도 인제군 인제읍(4281025000),9938,9938,930,846,1265,1342,1427,1509,1455,708,385,68,3,5243,5243,461,460,781,731,768,791,757,342,135,15,2,4695,4695,469,386,484,611,659,718,698,366,250,53,1
강원도 인제군 인제읍귀둔출장소(4281025100),521,521,19,33,29,33,56,120,118,75,34,4,0,275,275,10,16,16,21,34,66,58,40,12,2,0,246,246,9,17,13,12,22,54,60,35,22,2,0
강원도 인제군 남면(4281031000),3856,3856,299,240,513,512,391,580,733,323,223,41,1,2081,2081,146,118,354,305,219,306,391,154,76,12,0,1775,1775,153,122,159,207,172,274,342,169,147,29,1
강원도 인제군 북면(4281032000),8139,8139,583,614,1015,865,1042,1449,1425,672,413,59,2,4356,4356,292,322,653,474,581,781,781,306,150,14,2,3783,3783,291,292,362,391,461,668,644,366,263,45,0
강원도 인제군 기린면(4281033000),4940,4940,362,314,571,622,614,812,922,420,257,46,0,2698,2698,192,158,376,376,343,425,523,202,93,10,0,2242,2242,170,156,195,246,271,387,399,218,164,36,0
강원도 인제군 서화면(4281034000),2572,2572,190,139,536,373,242,326,396,232,124,14,0,1549,1549,104,73,434,242,149,188,198,114,42,5,0,1023,1023,86,66,102,131,93,138,198,118,82,9,0
강원도 인제군 상남면(4281035000),1542,1542,46,82,134,84,161,311,396,205,105,17,1,845,845,23,48,92,56,92,168,219,103,36,8,0,697,697,23,34,42,28,69,143,177,102,69,9,1
강원도 고성군 (4282000000),26760,26760,1292,1603,2707,2259,3043,4742,5392,3449,1913,342,18,13762,13762,662,872,1727,1283,1671,2565,2756,1481,665,77,3,12998,12998,630,731,980,976,1372,2177,2636,1968,1248,265,15
강원도 고성군 간성읍(4282025000),6861,6861,538,552,845,772,879,1115,1060,649,373,73,5,3596,3596,276,309,531,425,465,608,539,300,121,21,1,3265,3265,262,243,314,347,414,507,521,349,252,52,4
강원도 고성군 거진읍(4282025300),6161,6161,198,329,490,348,609,1100,1406,988,570,119,4,3058,3058,102,172,320,194,330,618,692,407,200,23,0,3103,3103,96,157,170,154,279,482,714,581,370,96,4
강원도 고성군 현내면(4282031000),2359,2359,55,95,146,148,195,432,608,418,222,38,2,1153,1153,25,55,86,91,121,224,314,164,65,8,0,1206,1206,30,40,60,57,74,208,294,254,157,30,2
강원도 고성군 죽왕면(4282032000),3704,3704,140,195,372,299,380,658,796,510,309,41,4,1907,1907,69,103,228,182,214,343,413,226,118,11,0,1797,1797,71,92,144,117,166,315,383,284,191,30,4
강원도 고성군 토성면(4282033000),7675,7675,361,432,854,692,980,1437,1522,884,439,71,3,4048,4048,190,233,562,391,541,772,798,384,161,14,2,3627,3627,171,199,292,301,439,665,724,500,278,57,1
강원도 양양군 (4283000000),27932,27932,1324,1816,2349,2328,3499,5004,5724,3628,1919,327,14,14238,14238,672,975,1390,1272,1902,2687,2882,1688,702,67,1,13694,13694,652,841,959,1056,1597,2317,2842,1940,1217,260,13
강원도 양양군 양양읍(4283025000),12672,12672,851,1133,1247,1277,1922,2177,2088,1232,625,115,5,6425,6425,426,618,742,663,960,1148,1032,582,228,25,1,6247,6247,425,515,505,614,962,1029,1056,650,397,90,4
강원도 양양군 서면(4283031000),2843,2843,61,164,211,156,305,522,668,474,241,41,0,1470,1470,36,91,127,95,172,298,330,212,103,6,0,1373,1373,25,73,84,61,133,224,338,262,138,35,0
강원도 양양군 손양면(4283032000),2292,2292,61,88,189,145,234,440,500,373,232,28,2,1160,1160,30,37,111,77,146,243,255,166,88,7,0,1132,1132,31,51,78,68,88,197,245,207,144,21,2
강원도 양양군 현북면(4283033000),2573,2573,80,93,144,201,234,470,662,422,231,34,2,1327,1327,40,54,91,123,145,229,349,195,92,9,0,1246,1246,40,39,53,78,89,241,313,227,139,25,2
강원도 양양군 현남면(4283034000),2998,2998,94,118,150,213,312,500,736,504,311,57,3,1549,1549,50,61,92,120,202,287,388,239,105,5,0,1449,1449,44,57,58,93,110,213,348,265,206,52,3
강원도 양양군 강현면(4283035000),4554,4554,177,220,408,336,492,895,1070,623,279,52,2,2307,2307,90,114,227,194,277,482,528,294,86,15,0,2247,2247,87,106,181,142,215,413,542,329,193,37,2
충청북도  (4300000000),1596303,1596303,120958,147753,197283,192675,239112,270275,231704,119962,66910,9348,323,809679,809679,61815,76852,109808,102467,123945,139115,116237,54217,23098,2047,78,786624,786624,59143,70901,87475,90208,115167,131160,115467,65745,43812,7301,245
충청북도 청주시 (4311000000),845534,845534,73119,85311,119699,117926,136198,136994,101278,47375,24085,3440,109,426167,426167,37304,44264,65254,61864,69036,68611,49662,21232,8220,699,21,419367,419367,35815,41047,54445,56062,67162,68383,51616,26143,15865,2741,88
충청북도 청주시 상당구 (4311100000),193472,193472,16287,19819,24934,23522,30726,33207,25208,12355,6380,1000,34,96206,96206,8246,10289,13481,12017,15264,16557,12453,5506,2164,223,6,97266,97266,8041,9530,11453,11505,15462,16650,12755,6849,4216,777,28
충청북도 청주시 상당구 낭성면(4311131000),2242,2242,50,55,168,121,169,447,618,336,233,42,3,1173,1173,28,28,97,67,107,239,353,161,83,10,0,1069,1069,22,27,71,54,62,208,265,175,150,32,3
충청북도 청주시 상당구 미원면(4311132000),4919,4919,105,189,312,284,395,879,1314,794,539,103,5,2520,2520,46,97,186,176,247,481,696,372,187,30,2,2399,2399,59,92,126,108,148,398,618,422,352,73,3
충청북도 청주시 상당구 가덕면(4311133000),3898,3898,98,118,318,217,354,850,967,569,358,48,1,1987,1987,49,59,185,117,209,466,520,268,106,8,0,1911,1911,49,59,133,100,145,384,447,301,252,40,1
충청북도 청주시 상당구 남일면(4311134000),6777,6777,403,436,705,668,787,1314,1318,619,461,63,3,3435,3435,193,221,419,365,422,675,686,281,153,20,0,3342,3342,210,215,286,303,365,639,632,338,308,43,3
충청북도 청주시 상당구 문의면(4311135000),3976,3976,95,185,304,226,387,749,873,611,468,76,2,2057,2057,48,98,175,140,242,433,462,284,156,18,1,1919,1919,47,87,129,86,145,316,411,327,312,58,1
충청북도 청주시 상당구 중앙동(4311152500),6914,6914,344,531,1067,813,947,1105,1030,655,375,42,5,3406,3406,189,284,539,433,483,552,488,286,145,6,1,3508,3508,155,247,528,380,464,553,542,369,230,36,4
충청북도 청주시 상당구 성안동(4311154500),6826,6826,229,394,947,669,827,1152,1306,804,423,74,1,3504,3504,123,209,536,397,470,598,631,349,172,18,1,3322,3322,106,185,411,272,357,554,675,455,251,56,0
충청북도 청주시 상당구 탑대성동(4311162000),8718,8718,396,662,1038,786,1195,1556,1563,976,471,72,3,4274,4274,205,331,587,441,616,770,701,431,178,13,1,4444,4444,191,331,451,345,579,786,862,545,293,59,2
충청북도 청주시 상당구 영운동(4311167000),10542,10542,611,885,1286,1120,1533,1843,1772,1003,427,62,0,5226,5226,307,445,692,602,810,948,834,418,158,12,0,5316,5316,304,440,594,518,723,895,938,585,269,50,0
충청북도 청주시 상당구 금천동(4311168000),30969,30969,2562,3767,4105,3439,5416,5227,3665,1898,780,107,3,15015,15015,1277,1919,2162,1707,2565,2556,1696,844,268,21,0,15954,15954,1285,1848,1943,1732,2851,2671,1969,1054,512,86,3
충청북도 청주시 상당구 용담.명암.산성동(4311169000),13494,13494,1535,1974,1494,1589,2531,2124,1284,632,286,43,2,6655,6655,779,1026,812,753,1198,1086,604,286,99,12,0,6839,6839,756,948,682,836,1333,1038,680,346,187,31,2
충청북도 청주시 상당구 용암1동(4311172000),54251,54251,5416,6316,7526,7557,9457,9126,5646,2072,966,167,2,27242,27242,2768,3338,4063,3828,4621,4533,2863,911,286,31,0,27009,27009,2648,2978,3463,3729,4836,4593,2783,1161,680,136,2
충청북도 청주시 상당구 용암2동(4311173000),39946,39946,4443,4307,5664,6033,6728,6835,3852,1386,593,101,4,19712,19712,2234,2234,3028,2991,3274,3220,1919,615,173,24,0,20234,20234,2209,2073,2636,3042,3454,3615,1933,771,420,77,4
충청북도 청주시 서원구 (4311200000),193334,193334,13351,19936,28124,22221,30229,33793,26105,12475,6204,872,24,96008,96008,6819,10350,15273,11461,14968,16619,12612,5526,2208,166,6,97326,97326,6532,9586,12851,10760,15261,17174,13493,6949,3996,706,18
충청북도 청주시 서원구 남이면(4311231000),10087,10087,602,658,1119,1060,1241,2143,1847,832,516,68,1,5258,5258,291,351,651,584,648,1132,1004,405,175,16,1,4829,4829,311,307,468,476,593,1011,843,427,341,52,0
충청북도 청주시 서원구 현도면(4311232000),3279,3279,82,118,179,210,322,590,798,534,380,63,3,1702,1702,46,69,105,129,202,329,429,255,130,8,0,1577,1577,36,49,74,81,120,261,369,279,250,55,3
충청북도 청주시 서원구 사직1동(4311251000),7535,7535,296,509,897,751,994,1489,1392,748,400,58,1,3875,3875,136,262,510,419,547,778,738,320,153,12,0,3660,3660,160,247,387,332,447,711,654,428,247,46,1
충청북도 청주시 서원구 사직2동(4311252000),14193,14193,1377,1407,1637,1883,2065,2320,2069,900,460,73,2,6916,6916,698,693,865,912,1042,1100,1005,419,172,10,0,7277,7277,679,714,772,971,1023,1220,1064,481,288,63,2
충청북도 청주시 서원구 사창동(4311253000),14730,14730,636,955,3426,1960,1864,2114,2049,1202,484,39,1,7286,7286,320,490,1763,1104,980,970,913,538,198,10,0,7444,7444,316,465,1663,856,884,1144,1136,664,286,29,1
충청북도 청주시 서원구 모충동(4311254000),14422,14422,647,994,2268,1516,1844,2572,2625,1279,591,83,3,7264,7264,337,490,1252,846,1027,1270,1244,562,217,18,1,7158,7158,310,504,1016,670,817,1302,1381,717,374,65,2
충청북도 청주시 서원구 산남동(4311255000),26409,26409,2330,3936,3619,3083,5078,4488,2297,1007,498,72,1,13150,13150,1179,2009,1983,1513,2379,2304,1130,460,178,15,0,13259,13259,1151,1927,1636,1570,2699,2184,1167,547,320,57,1
충청북도 청주시 서원구 분평동(4311256000),30456,30456,2475,4042,4469,3321,5479,5537,2907,1372,747,105,2,14875,14875,1277,2125,2449,1616,2507,2717,1383,538,246,17,0,15581,15581,1198,1917,2020,1705,2972,2820,1524,834,501,88,2
충청북도 청주시 서원구 수곡1동(4311257000),13378,13378,525,940,2005,1286,1728,2448,2418,1333,621,72,2,6733,6733,263,519,1138,710,914,1196,1137,601,240,15,0,6645,6645,262,421,867,576,814,1252,1281,732,381,57,2
충청북도 청주시 서원구 수곡2동(4311258000),14913,14913,807,1261,1867,1511,1946,2951,2599,1245,627,99,0,7373,7373,421,655,1043,812,1009,1410,1295,521,188,19,0,7540,7540,386,606,824,699,937,1541,1304,724,439,80,0
충청북도 청주시 서원구 성화.개신.죽림동(4311259000),43932,43932,3574,5116,6638,5640,7668,7141,5104,2023,880,140,8,21576,21576,1851,2687,3514,2816,3713,3413,2334,907,311,26,4,22356,22356,1723,2429,3124,2824,3955,3728,2770,1116,569,114,4
충청북도 청주시 흥덕구 (4311300000),265263,265263,23835,26273,40755,40961,43109,42583,28781,12160,5962,830,14,134615,134615,12152,13649,22048,21591,21882,21360,14214,5537,2018,163,1,130648,130648,11683,12624,18707,19370,21227,21223,14567,6623,3944,667,13
충청북도 청주시 흥덕구 오송읍(4311325000),23808,23808,2269,2332,3228,3908,4161,3274,2528,1321,681,105,1,11816,11816,1143,1193,1561,1964,2157,1701,1252,594,228,23,0,11992,11992,1126,1139,1667,1944,2004,1573,1276,727,453,82,1
충청북도 청주시 흥덕구 강내면(4311331000),10748,10748,667,1036,1411,1105,1554,2017,1602,813,493,50,0,5519,5519,331,531,768,599,826,1065,826,404,164,5,0,5229,5229,336,505,643,506,728,952,776,409,329,45,0
충청북도 청주시 흥덕구 옥산면(4311332000),18013,18013,2301,1264,1930,3482,2626,2680,2119,979,555,74,3,9235,9235,1142,687,1052,1842,1418,1374,1063,454,186,16,1,8778,8778,1159,577,878,1640,1208,1306,1056,525,369,58,2
충청북도 청주시 흥덕구 운천.신봉동(4311370000),16914,16914,869,1465,2478,1869,2416,3408,2661,1098,562,87,1,8434,8434,463,759,1330,1028,1209,1638,1296,516,178,17,0,8480,8480,406,706,1148,841,1207,1770,1365,582,384,70,1
충청북도 청주시 흥덕구 복대1동(4311374100),51090,51090,5803,6495,7332,8434,9995,7286,3613,1400,647,85,0,26010,26010,2949,3420,3974,4288,4974,3801,1751,612,230,11,0,25080,25080,2854,3075,3358,4146,5021,3485,1862,788,417,74,0
충청북도 청주시 흥덕구 복대2동(4311374200),15952,15952,635,1055,3310,1858,2005,2825,2506,1219,482,56,1,8130,8130,334,556,1880,1086,1037,1353,1169,538,169,8,0,7822,7822,301,499,1430,772,968,1472,1337,681,313,48,1
충청북도 청주시 흥덕구 가경동(4311374700),53194,53194,4585,6575,7607,6582,8973,9846,5918,2061,909,134,4,26032,26032,2383,3376,4074,3215,4165,4643,2890,934,318,34,0,27162,27162,2202,3199,3533,3367,4808,5203,3028,1127,591,100,4
충청북도 청주시 흥덕구 봉명1동(4311375100),9693,9693,454,569,2055,1597,1327,1527,1284,613,241,26,0,5121,5121,224,298,1083,927,751,812,657,274,89,6,0,4572,4572,230,271,972,670,576,715,627,339,152,20,0
충청북도 청주시 흥덕구 봉명2.송정동(4311375600),24132,24132,1697,2284,4205,3891,3865,4003,2645,1016,454,71,1,12892,12892,859,1173,2409,2291,2097,2059,1337,490,161,16,0,11240,11240,838,1111,1796,1600,1768,1944,1308,526,293,55,1
충청북도 청주시 흥덕구 강서제1동(4311376000),28353,28353,2025,2255,5339,4692,4286,4494,3132,1316,696,116,2,14369,14369,1043,1154,2819,2500,2201,2272,1559,575,225,21,0,13984,13984,982,1101,2520,2192,2085,2222,1573,741,471,95,2
충청북도 청주시 흥덕구 강서제2동(4311377000),13366,13366,2530,943,1860,3543,1901,1223,773,324,242,26,1,7057,7057,1281,502,1098,1851,1047,642,414,146,70,6,0,6309,6309,1249,441,762,1692,854,581,359,178,172,20,1
충청북도 청주시 청원구 (4311400000),193465,193465,19646,19283,25886,31222,32134,27411,21184,10385,5539,738,37,99338,99338,10087,9976,14452,16795,16922,14075,10383,4663,1830,147,8,94127,94127,9559,9307,11434,14427,15212,13336,10801,5722,3709,591,29
충청북도 청주시 청원구 내수읍(4311425000),19249,19249,1447,1844,2254,2001,3065,3482,2746,1442,834,127,7,9904,9904,753,956,1342,1068,1624,1853,1395,639,248,25,1,9345,9345,694,888,912,933,1441,1629,1351,803,586,102,6
충청북도 청주시 청원구 오창읍(4311425300),69721,69721,9888,7451,8904,15360,12617,7306,4789,2123,1119,160,4,37133,37133,5069,3853,5168,8454,6808,4016,2389,997,349,30,0,32588,32588,4819,3598,3736,6906,5809,3290,2400,1126,770,130,4
충청북도 청주시 청원구 북이면(4311431000),4588,4588,96,162,362,283,415,872,1151,682,495,62,8,2454,2454,48,82,223,188,282,516,635,300,164,14,2,2134,2134,48,80,139,95,133,356,516,382,331,48,6
충청북도 청주시 청원구 우암동(4311451000),12164,12164,501,723,2039,1463,1499,1998,1985,1221,664,68,3,6167,6167,256,354,1113,826,856,1042,944,525,234,17,0,5997,5997,245,369,926,637,643,956,1041,696,430,51,3
충청북도 청주시 청원구 내덕1동(4311452000),8533,8533,330,545,1101,788,1124,1526,1615,971,478,53,2,4317,4317,156,303,624,463,623,784,735,434,185,8,2,4216,4216,174,242,477,325,501,742,880,537,293,45,0
충청북도 청주시 청원구 내덕2동(4311453000),13436,13436,849,1102,2027,1613,2056,2238,1870,1117,510,54,0,6900,6900,462,548,1124,912,1110,1114,915,512,192,11,0,6536,6536,387,554,903,701,946,1124,955,605,318,43,0
충청북도 청주시 청원구 율량.사천동(4311454000),47514,47514,4168,5098,7313,6812,7829,7715,5363,2054,1006,148,8,23480,23480,2136,2674,3889,3512,3812,3605,2587,913,323,26,3,24034,24034,2032,2424,3424,3300,4017,4110,2776,1141,683,122,5
충청북도 청주시 청원구 오근장동(4311455000),18260,18260,2367,2358,1886,2902,3529,2274,1665,775,433,66,5,8983,8983,1207,1206,969,1372,1807,1145,783,343,135,16,0,9277,9277,1160,1152,917,1530,1722,1129,882,432,298,50,5
충청북도 충주시 (4313000000),209434,209434,14251,18641,24158,23107,30532,37057,32937,17275,10127,1316,33,106018,106018,7198,9710,13912,12537,15689,18949,16513,7703,3488,311,8,103416,103416,7053,8931,10246,10570,14843,18108,16424,9572,6639,1005,25
충청북도 충주시 주덕읍(4313025000),4806,4806,94,209,369,294,480,987,1201,663,461,46,2,2474,2474,56,103,234,177,293,528,620,293,160,9,1,2332,2332,38,106,135,117,187,459,581,370,301,37,1
충청북도 충주시 살미면(4313031000),2008,2008,35,63,112,90,161,414,589,320,188,36,0,1019,1019,13,34,64,53,97,213,307,169,63,6,0,989,989,22,29,48,37,64,201,282,151,125,30,0
충청북도 충주시 수안보면(4313032500),2950,2950,74,112,191,143,239,605,797,483,266,40,0,1505,1505,33,67,122,82,142,334,413,218,85,9,0,1445,1445,41,45,69,61,97,271,384,265,181,31,0
충청북도 충주시 대소원면(4313033500),8832,8832,564,410,1426,1395,1174,1480,1330,599,400,52,2,4969,4969,275,225,926,871,690,837,703,294,133,15,0,3863,3863,289,185,500,524,484,643,627,305,267,37,2
충청북도 충주시 신니면(4313035000),2961,2961,33,103,176,170,212,559,805,486,377,39,1,1534,1534,14,53,112,105,145,307,431,218,136,12,1,1427,1427,19,50,64,65,67,252,374,268,241,27,0
충청북도 충주시 노은면(4313036000),2286,2286,51,90,118,113,172,382,645,397,276,39,3,1158,1158,23,58,74,68,120,193,320,194,95,12,1,1128,1128,28,32,44,45,52,189,325,203,181,27,2
충청북도 충주시 앙성면(4313037000),3918,3918,65,115,257,168,316,776,1099,647,410,64,1,2014,2014,42,61,168,103,176,428,568,306,147,15,0,1904,1904,23,54,89,65,140,348,531,341,263,49,1
충청북도 충주시 중앙탑면(4313038500),13450,13450,2021,990,1555,3064,2134,1553,1213,534,332,54,0,6922,6922,1000,506,877,1669,1130,773,603,247,100,17,0,6528,6528,1021,484,678,1395,1004,780,610,287,232,37,0
충청북도 충주시 금가면(4313039000),3809,3809,339,287,513,450,506,515,583,342,245,28,1,2034,2034,159,148,339,259,289,292,303,147,92,6,0,1775,1775,180,139,174,191,217,223,280,195,153,22,1
충청북도 충주시 동량면(4313040000),3645,3645,99,173,253,170,322,697,925,550,390,64,2,1843,1843,42,77,150,97,196,375,491,259,142,13,1,1802,1802,57,96,103,73,126,322,434,291,248,51,1
충청북도 충주시 산척면(4313041000),2270,2270,54,79,126,116,177,430,593,378,280,36,1,1163,1163,33,42,77,72,99,219,319,179,111,11,1,1107,1107,21,37,49,44,78,211,274,199,169,25,0
충청북도 충주시 엄정면(4313042000),3195,3195,75,160,179,168,238,554,884,505,382,48,2,1633,1633,42,101,102,93,141,303,473,224,136,17,1,1562,1562,33,59,77,75,97,251,411,281,246,31,1
충청북도 충주시 소태면(4313043000),1953,1953,60,74,101,114,141,336,540,319,245,23,0,995,995,28,43,63,59,83,174,294,146,98,7,0,958,958,32,31,38,55,58,162,246,173,147,16,0
충청북도 충주시 성내.충인동(4313051500),2671,2671,94,162,260,218,336,458,545,349,213,35,1,1316,1316,45,80,148,131,194,244,247,147,78,2,0,1355,1355,49,82,112,87,142,214,298,202,135,33,1
충청북도 충주시 교현.안림동(4313053500),23557,23557,1604,2501,2735,2447,3670,4322,3485,1735,942,113,3,11783,11783,841,1309,1564,1292,1832,2153,1707,753,294,37,1,11774,11774,763,1192,1171,1155,1838,2169,1778,982,648,76,2
충청북도 충주시 교현2동(4313054000),6995,6995,261,525,872,596,924,1247,1290,799,430,48,3,3529,3529,126,270,506,354,488,644,638,356,137,10,0,3466,3466,135,255,366,242,436,603,652,443,293,38,3
충청북도 충주시 용산동(4313055000),15344,15344,1224,1997,1845,1642,2827,2661,1746,874,473,52,3,7528,7528,607,1070,1021,821,1346,1295,833,361,166,8,0,7816,7816,617,927,824,821,1481,1366,913,513,307,44,3
충청북도 충주시 지현동(4313056000),5220,5220,241,479,582,432,726,927,894,581,323,35,0,2600,2600,125,248,330,230,375,478,428,247,131,8,0,2620,2620,116,231,252,202,351,449,466,334,192,27,0
충청북도 충주시 문화동(4313057100),9512,9512,346,679,1046,845,1145,1729,1988,1071,585,76,2,4788,4788,175,346,577,479,626,883,964,486,232,19,1,4724,4724,171,333,469,366,519,846,1024,585,353,57,1
충청북도 충주시 호암.직동(4313058000),18448,18448,2033,2359,2217,2604,3403,2866,1786,751,373,55,1,9154,9154,1028,1202,1209,1296,1671,1413,879,340,112,4,0,9294,9294,1005,1157,1008,1308,1732,1453,907,411,261,51,1
충청북도 충주시 달천동(4313060500),3750,3750,91,170,509,262,418,723,789,477,278,33,0,2032,2032,42,103,307,170,253,415,432,208,98,4,0,1718,1718,49,67,202,92,165,308,357,269,180,29,0
충청북도 충주시 봉방동(4313061000),9308,9308,530,743,1094,998,1389,1713,1567,878,353,42,1,4845,4845,276,361,636,548,765,935,772,405,138,9,0,4463,4463,254,382,458,450,624,778,795,473,215,33,1
충청북도 충주시 칠금.금릉동(4313062500),14556,14556,989,1696,1918,1445,2440,2839,1815,894,459,59,2,7205,7205,510,883,1044,760,1142,1432,882,388,148,16,0,7351,7351,479,813,874,685,1298,1407,933,506,311,43,2
충청북도 충주시 연수동(4313063000),37379,37379,2711,3793,4939,4363,5871,7059,5032,2234,1212,164,1,18532,18532,1357,1961,2811,2327,2820,3426,2478,928,389,35,0,18847,18847,1354,1832,2128,2036,3051,3633,2554,1306,823,129,1
충청북도 충주시 목행.용탄동(4313064000),6611,6611,563,672,765,800,1111,1225,796,409,234,35,1,3443,3443,306,359,451,421,576,655,408,190,67,10,0,3168,3168,257,313,314,379,535,570,388,219,167,25,1
충청북도 제천시 (4315000000),132643,132643,8503,11560,14665,12771,18174,23737,23453,12416,6461,837,66,66597,66597,4356,6000,8181,6724,9347,12122,11682,5621,2360,183,21,66046,66046,4147,5560,6484,6047,8827,11615,11771,6795,4101,654,45
충청북도 제천시 봉양읍(4315025000),6749,6749,264,339,479,417,693,1270,1723,933,553,78,0,3464,3464,144,177,268,230,394,680,901,448,209,13,0,3285,3285,120,162,211,187,299,590,822,485,344,65,0
충청북도 제천시 금성면(4315031000),1923,1923,41,89,116,96,142,371,545,276,212,30,5,1025,1025,26,55,73,56,84,210,301,138,73,8,1,898,898,15,34,43,40,58,161,244,138,139,22,4
충청북도 제천시 청풍면(4315032000),1281,1281,25,46,69,65,81,265,361,217,140,12,0,657,657,16,21,40,42,51,135,193,104,54,1,0,624,624,9,25,29,23,30,130,168,113,86,11,0
충청북도 제천시 수산면(4315033000),2025,2025,39,66,80,77,129,389,599,384,238,20,4,1050,1050,21,34,59,50,80,201,322,190,85,5,3,975,975,18,32,21,27,49,188,277,194,153,15,1
충청북도 제천시 덕산면(4315034000),2198,2198,70,193,74,80,183,368,581,391,219,39,0,1117,1117,40,102,47,41,116,197,299,192,76,7,0,1081,1081,30,91,27,39,67,171,282,199,143,32,0
충청북도 제천시 한수면(4315035000),713,713,20,36,34,39,65,140,196,95,71,15,2,362,362,9,19,23,22,37,79,100,40,27,4,2,351,351,11,17,11,17,28,61,96,55,44,11,0
충청북도 제천시 백운면(4315036000),3301,3301,84,127,183,134,237,603,995,535,350,51,2,1689,1689,45,75,108,76,138,314,524,262,135,12,0,1612,1612,39,52,75,58,99,289,471,273,215,39,2
충청북도 제천시 송학면(4315038000),4610,4610,98,197,351,228,408,864,1254,708,430,67,5,2409,2409,46,112,216,150,250,452,665,336,163,17,2,2201,2201,52,85,135,78,158,412,589,372,267,50,3
충청북도 제천시 교동(4315051000),18724,18724,1520,2331,2278,1936,3242,3430,2356,1087,490,49,5,9225,9225,768,1190,1223,963,1557,1716,1166,461,172,9,0,9499,9499,752,1141,1055,973,1685,1714,1190,626,318,40,5
충청북도 제천시 의림지동(4315051800),9962,9962,802,1097,1258,1018,1610,1790,1374,613,341,56,3,4921,4921,433,551,682,496,790,896,678,262,117,15,1,5041,5041,369,546,576,522,820,894,696,351,224,41,2
충청북도 제천시 중앙동(4315052800),5864,5864,237,404,660,472,731,1006,1242,748,319,41,4,2907,2907,110,213,343,280,377,506,578,351,137,10,2,2957,2957,127,191,317,192,354,500,664,397,182,31,2
충청북도 제천시 남현동(4315053700),4893,4893,191,294,561,403,543,887,1106,633,252,22,1,2452,2452,100,150,329,226,294,451,508,293,95,6,0,2441,2441,91,144,232,177,249,436,598,340,157,16,1
충청북도 제천시 영서동(4315054700),10313,10313,778,909,1055,1132,1453,1757,1674,1000,484,55,16,5170,5170,418,478,595,570,777,886,808,437,180,14,7,5143,5143,360,431,460,562,676,871,866,563,304,41,9
충청북도 제천시 용두동(4315056000),18013,18013,1319,1803,2656,2159,2682,3140,2442,1104,634,72,2,8974,8974,662,910,1456,1154,1312,1582,1250,442,191,15,0,9039,9039,657,893,1200,1005,1370,1558,1192,662,443,57,2
충청북도 제천시 신백동(4315057700),11154,11154,734,1154,1356,1012,1720,2156,1618,896,436,65,7,5586,5586,372,611,759,528,836,1139,806,363,157,13,2,5568,5568,362,543,597,484,884,1017,812,533,279,52,5
충청북도 제천시 청전동(4315059000),15615,15615,666,1105,1907,1382,1894,2890,3309,1649,707,100,6,7843,7843,335,605,1092,773,982,1405,1585,787,258,20,1,7772,7772,331,500,815,609,912,1485,1724,862,449,80,5
충청북도 제천시 화산동(4315060500),15305,15305,1615,1370,1548,2121,2361,2411,2078,1147,585,65,4,7746,7746,811,697,868,1067,1272,1273,998,515,231,14,0,7559,7559,804,673,680,1054,1089,1138,1080,632,354,51,4
충청북도 보은군 (4372000000),32211,32211,1420,2073,2346,2120,3260,5751,7044,4531,3153,498,15,16246,16246,726,1113,1382,1174,1812,3178,3636,2052,1068,105,0,15965,15965,694,960,964,946,1448,2573,3408,2479,2085,393,15
충청북도 보은군 보은읍(4372025000),14897,14897,990,1313,1391,1279,1932,2668,2624,1549,994,151,6,7430,7430,493,707,794,651,1013,1416,1292,689,341,34,0,7467,7467,497,606,597,628,919,1252,1332,860,653,117,6
충청북도 보은군 속리산면(4372031500),1890,1890,29,89,121,83,153,382,498,341,156,37,1,990,990,16,47,81,55,95,210,270,146,62,8,0,900,900,13,42,40,28,58,172,228,195,94,29,1
충청북도 보은군 장안면(4372032500),1470,1470,80,75,105,139,159,249,286,196,156,24,1,784,784,43,34,75,87,93,155,142,94,55,6,0,686,686,37,41,30,52,66,94,144,102,101,18,1
충청북도 보은군 마로면(4372033000),2170,2170,51,94,82,84,152,367,564,428,305,41,2,1036,1036,26,49,43,49,92,201,286,184,94,12,0,1134,1134,25,45,39,35,60,166,278,244,211,29,2
충청북도 보은군 탄부면(4372034000),1644,1644,23,55,82,67,106,251,427,332,269,32,0,805,805,14,31,48,41,67,148,206,149,92,9,0,839,839,9,24,34,26,39,103,221,183,177,23,0
충청북도 보은군 삼승면(4372035000),2281,2281,61,119,152,155,189,381,538,375,284,26,1,1151,1151,30,65,91,106,116,212,267,164,97,3,0,1130,1130,31,54,61,49,73,169,271,211,187,23,1
충청북도 보은군 수한면(4372036000),1895,1895,46,90,109,91,149,315,518,297,237,42,1,954,954,26,43,59,56,83,176,291,140,78,2,0,941,941,20,47,50,35,66,139,227,157,159,40,1
충청북도 보은군 회남면(4372037000),745,745,23,23,25,18,55,131,234,137,85,14,0,403,403,13,13,13,11,36,81,129,76,30,1,0,342,342,10,10,12,7,19,50,105,61,55,13,0
충청북도 보은군 회인면(4372038500),1751,1751,49,66,85,55,112,328,466,316,232,41,1,873,873,25,34,53,28,79,189,242,147,70,6,0,878,878,24,32,32,27,33,139,224,169,162,35,1
충청북도 보은군 내북면(4372039000),1680,1680,35,70,93,75,109,332,418,286,215,46,1,870,870,19,42,62,41,63,192,241,122,76,12,0,810,810,16,28,31,34,46,140,177,164,139,34,1
충청북도 보은군 산외면(4372040000),1788,1788,33,79,101,74,144,347,471,274,220,44,1,950,950,21,48,63,49,75,198,270,141,73,12,0,838,838,12,31,38,25,69,149,201,133,147,32,1
충청북도 옥천군 (4373000000),50341,50341,2549,3833,4286,3823,6162,8789,10163,6320,3805,596,15,25378,25378,1313,2036,2443,1980,3305,4729,5202,2923,1292,152,3,24963,24963,1236,1797,1843,1843,2857,4060,4961,3397,2513,444,12
충청북도 옥천군 옥천읍(4373025000),29050,29050,2088,3008,3115,2757,4490,4927,4490,2674,1305,194,2,14520,14520,1076,1604,1723,1385,2277,2556,2188,1188,483,40,0,14530,14530,1012,1404,1392,1372,2213,2371,2302,1486,822,154,2
충청북도 옥천군 동이면(4373031000),3200,3200,85,125,210,177,275,603,860,478,331,54,2,1653,1653,45,62,139,97,155,335,465,227,110,17,1,1547,1547,40,63,71,80,120,268,395,251,221,37,1
충청북도 옥천군 안남면(4373032000),1412,1412,39,66,58,65,99,265,361,249,173,37,0,705,705,20,36,38,39,65,137,191,120,50,9,0,707,707,19,30,20,26,34,128,170,129,123,28,0
충청북도 옥천군 안내면(4373033000),1914,1914,37,70,87,81,145,316,527,341,265,40,5,983,983,20,36,54,50,93,189,277,164,85,13,2,931,931,17,34,33,31,52,127,250,177,180,27,3
충청북도 옥천군 청성면(4373034000),2360,2360,28,61,81,83,129,444,672,425,375,59,3,1183,1183,13,33,56,42,84,247,373,198,118,19,0,1177,1177,15,28,25,41,45,197,299,227,257,40,3
충청북도 옥천군 청산면(4373035000),2994,2994,49,140,134,116,204,492,832,589,386,51,1,1456,1456,19,77,78,59,126,286,418,266,112,15,0,1538,1538,30,63,56,57,78,206,414,323,274,36,1
충청북도 옥천군 이원면(4373036000),4161,4161,104,177,258,249,364,751,1025,719,438,76,0,2143,2143,51,96,155,145,239,417,534,355,133,18,0,2018,2018,53,81,103,104,125,334,491,364,305,58,0
충청북도 옥천군 군서면(4373037000),2245,2245,55,75,150,124,166,398,585,392,260,40,0,1170,1170,33,34,88,67,107,227,320,192,94,8,0,1075,1075,22,41,62,57,59,171,265,200,166,32,0
충청북도 옥천군 군북면(4373038000),3005,3005,64,111,193,171,290,593,811,453,272,45,2,1565,1565,36,58,112,96,159,335,436,213,107,13,0,1440,1440,28,53,81,75,131,258,375,240,165,32,2
충청북도 영동군 (4374000000),46497,46497,2229,3278,4140,3139,5154,8199,9459,6436,3931,520,12,23178,23178,1130,1710,2333,1649,2814,4370,4861,2839,1356,114,2,23319,23319,1099,1568,1807,1490,2340,3829,4598,3597,2575,406,10
충청북도 영동군 영동읍(4374025000),20432,20432,1480,1988,2512,1899,2959,3442,3074,1954,1006,114,4,10098,10098,741,1033,1349,951,1519,1772,1536,836,341,19,1,10334,10334,739,955,1163,948,1440,1670,1538,1118,665,95,3
충청북도 영동군 용산면(4374031000),3254,3254,99,151,223,157,299,625,818,487,350,43,2,1659,1659,52,75,126,98,166,342,437,240,113,10,0,1595,1595,47,76,97,59,133,283,381,247,237,33,2
충청북도 영동군 황간면(4374032000),4303,4303,161,300,278,259,407,789,997,668,402,42,0,2170,2170,90,158,167,135,232,436,510,289,146,7,0,2133,2133,71,142,111,124,175,353,487,379,256,35,0
충청북도 영동군 추풍령면(4374033500),2246,2246,46,105,141,89,210,433,541,405,240,36,0,1116,1116,24,55,85,49,120,236,270,187,81,9,0,1130,1130,22,50,56,40,90,197,271,218,159,27,0
충청북도 영동군 매곡면(4374034000),1918,1918,48,90,111,75,153,347,480,319,265,29,1,949,949,22,48,69,44,93,189,247,136,94,7,0,969,969,26,42,42,31,60,158,233,183,171,22,1
충청북도 영동군 상촌면(4374035000),2356,2356,66,107,105,101,183,385,596,469,291,51,2,1154,1154,27,66,62,55,111,211,312,204,97,8,1,1202,1202,39,41,43,46,72,174,284,265,194,43,1
충청북도 영동군 양강면(4374036000),3169,3169,101,172,292,168,262,619,711,496,314,34,0,1609,1609,44,97,185,93,156,338,368,214,106,8,0,1560,1560,57,75,107,75,106,281,343,282,208,26,0
충청북도 영동군 용화면(4374037000),988,988,27,50,43,32,68,192,252,175,130,18,1,493,493,16,28,22,20,39,113,138,72,40,5,0,495,495,11,22,21,12,29,79,114,103,90,13,1
충청북도 영동군 학산면(4374038000),2795,2795,75,105,150,114,193,482,746,524,343,61,2,1408,1408,43,45,99,62,126,266,380,243,129,15,0,1387,1387,32,60,51,52,67,216,366,281,214,46,2
충청북도 영동군 양산면(4374039000),1826,1826,33,77,103,67,163,327,432,351,226,47,0,911,911,21,39,61,46,97,172,240,145,78,12,0,915,915,12,38,42,21,66,155,192,206,148,35,0
충청북도 영동군 심천면(4374040000),3210,3210,93,133,182,178,257,558,812,588,364,45,0,1611,1611,50,66,108,96,155,295,423,273,131,14,0,1599,1599,43,67,74,82,102,263,389,315,233,31,0
충청북도 증평군 (4374500000),36532,36532,3117,3344,4442,4608,5527,5985,5155,2661,1513,177,3,19023,19023,1621,1748,2601,2569,2977,3162,2582,1199,516,46,2,17509,17509,1496,1596,1841,2039,2550,2823,2573,1462,997,131,1
충청북도 증평군 증평읍(4374525000),34682,34682,3074,3274,4327,4511,5341,5661,4668,2382,1294,147,3,18056,18056,1594,1715,2531,2513,2860,2981,2317,1063,443,37,2,16626,16626,1480,1559,1796,1998,2481,2680,2351,1319,851,110,1
충청북도 증평군 도안면(4374531000),1850,1850,43,70,115,97,186,324,487,279,219,30,0,967,967,27,33,70,56,117,181,265,136,73,9,0,883,883,16,37,45,41,69,143,222,143,146,21,0
충청북도 진천군 (4375000000),84437,84437,7634,8322,9273,11536,13643,13654,10860,5497,3520,486,12,44228,44228,3946,4320,5338,6350,7446,7457,5555,2516,1208,89,3,40209,40209,3688,4002,3935,5186,6197,6197,5305,2981,2312,397,9
충청북도 진천군 진천읍(4375025000),30121,30121,2154,3353,3919,3144,4923,5321,3895,2079,1176,155,2,15460,15460,1123,1726,2234,1698,2570,2861,1881,936,400,30,1,14661,14661,1031,1627,1685,1446,2353,2460,2014,1143,776,125,1
충청북도 진천군 덕산읍(4375025300),29095,29095,4342,3095,3095,6161,5405,3387,2150,847,538,72,3,15346,15346,2234,1577,1716,3320,2994,1824,1078,388,197,18,0,13749,13749,2108,1518,1379,2841,2411,1563,1072,459,341,54,3
충청북도 진천군 덕산읍혁신도시출장소(4375025400),0,0,0,0,0,0,0,0,0,0,0,0,0,0,0,0,0,0,0,0,0,0,0,0,0,0,0,0,0,0,0,0,0,0,0,0,0,0,0
충청북도 진천군 초평면(4375032000),3181,3181,79,175,199,181,305,596,765,454,381,45,1,1643,1643,44,90,120,111,186,350,410,212,112,8,0,1538,1538,35,85,79,70,119,246,355,242,269,37,1
충청북도 진천군 문백면(4375033000),3485,3485,122,146,257,247,351,725,805,455,333,43,1,1808,1808,61,73,150,145,221,393,433,218,106,7,1,1677,1677,61,73,107,102,130,332,372,237,227,36,0
충청북도 진천군 백곡면(4375034000),2085,2085,46,75,99,121,167,380,565,333,254,41,4,1062,1062,24,41,62,73,98,217,293,153,92,9,0,1023,1023,22,34,37,48,69,163,272,180,162,32,4
충청북도 진천군 이월면(4375035000),6097,6097,189,393,534,467,707,1189,1347,709,485,76,1,3243,3243,102,206,332,286,406,667,741,328,164,10,1,2854,2854,87,187,202,181,301,522,606,381,321,66,0
충청북도 진천군 광혜원면(4375037000),10373,10373,702,1085,1170,1215,1785,2056,1333,620,353,54,0,5666,5666,358,607,724,717,971,1145,719,281,137,7,0,4707,4707,344,478,446,498,814,911,614,339,216,47,0
충청북도 괴산군 (4376000000),37567,37567,1286,1975,2841,2369,3747,7141,8948,5399,3390,453,18,19330,19330,642,1027,1692,1347,2178,3885,4739,2517,1203,95,5,18237,18237,644,948,1149,1022,1569,3256,4209,2882,2187,358,13
충청북도 괴산군 괴산읍(4376025000),9837,9837,608,905,1195,955,1432,1666,1552,957,514,52,1,5048,5048,307,470,689,511,778,907,767,419,187,12,1,4789,4789,301,435,506,444,654,759,785,538,327,40,0
충청북도 괴산군 감물면(4376031000),2112,2112,61,122,121,115,167,413,548,308,221,36,0,1111,1111,31,60,69,73,103,235,300,144,88,8,0,1001,1001,30,62,52,42,64,178,248,164,133,28,0
충청북도 괴산군 장연면(4376032000),1934,1934,50,59,110,79,151,421,532,290,214,28,0,979,979,28,32,67,45,80,233,288,125,76,5,0,955,955,22,27,43,34,71,188,244,165,138,23,0
충청북도 괴산군 연풍면(4376033000),2320,2320,42,85,127,111,197,411,665,382,262,35,3,1207,1207,18,47,79,70,123,214,366,182,100,7,1,1113,1113,24,38,48,41,74,197,299,200,162,28,2
충청북도 괴산군 칠성면(4376034000),3127,3127,79,136,222,191,298,669,729,481,289,32,1,1585,1585,33,71,116,110,182,371,397,215,83,7,0,1542,1542,46,65,106,81,116,298,332,266,206,25,1
충청북도 괴산군 문광면(4376035000),2165,2165,44,94,137,127,182,420,552,350,222,35,2,1095,1095,22,41,84,73,108,229,281,181,68,8,0,1070,1070,22,53,53,54,74,191,271,169,154,27,2
충청북도 괴산군 청천면(4376036000),5124,5124,116,199,259,232,380,1057,1428,867,503,78,5,2651,2651,60,114,172,123,216,575,774,415,185,16,1,2473,2473,56,85,87,109,164,482,654,452,318,62,4
충청북도 괴산군 청안면(4376037000),3372,3372,90,112,196,170,280,665,926,516,359,57,1,1727,1727,42,55,120,99,171,369,489,245,123,14,0,1645,1645,48,57,76,71,109,296,437,271,236,43,1
충청북도 괴산군 사리면(4376039000),2763,2763,73,105,215,140,268,518,666,458,289,30,1,1428,1428,36,51,134,82,163,290,355,208,102,6,1,1335,1335,37,54,81,58,105,228,311,250,187,24,0
충청북도 괴산군 소수면(4376040000),2060,2060,50,59,115,118,169,373,604,335,199,35,3,1060,1060,24,30,68,79,105,188,329,167,62,8,0,1000,1000,26,29,47,39,64,185,275,168,137,27,3
충청북도 괴산군 불정면(4376041000),2753,2753,73,99,144,131,223,528,746,455,318,35,1,1439,1439,41,56,94,82,149,274,393,216,129,4,1,1314,1314,32,43,50,49,74,254,353,239,189,31,0
충청북도 음성군 (4377000000),92349,92349,5701,7494,9298,9350,13501,17473,15848,8181,4749,733,21,48943,48943,2981,3900,5416,5247,7568,9720,8429,3872,1628,176,6,43406,43406,2720,3594,3882,4103,5933,7753,7419,4309,3121,557,15
충청북도 음성군 음성읍(4377025000),16778,16778,872,1356,1695,1460,2272,3148,3199,1721,919,133,3,8586,8586,454,688,968,803,1235,1660,1642,791,309,35,1,8192,8192,418,668,727,657,1037,1488,1557,930,610,98,2
충청북도 음성군 금왕읍(4377025300),19721,19721,1237,1956,2195,1922,3247,3909,2916,1424,802,108,5,10551,10551,650,1056,1322,1077,1770,2214,1516,631,282,32,1,9170,9170,587,900,873,845,1477,1695,1400,793,520,76,4
충청북도 음성군 소이면(4377031000),2879,2879,49,117,149,165,208,518,725,529,362,55,2,1477,1477,26,64,88,108,136,285,382,242,135,11,0,1402,1402,23,53,61,57,72,233,343,287,227,44,2
충청북도 음성군 원남면(4377032000),3018,3018,60,130,165,166,214,519,826,519,353,64,2,1575,1575,27,82,98,93,146,279,462,261,113,14,0,1443,1443,33,48,67,73,68,240,364,258,240,50,2
충청북도 음성군 맹동면(4377033000),13042,13042,1541,1038,1369,2331,2209,1820,1556,718,385,75,0,6944,6944,820,522,719,1246,1227,1003,884,355,149,19,0,6098,6098,721,516,650,1085,982,817,672,363,236,56,0
충청북도 음성군 대소면(4377034000),15660,15660,1055,1528,1792,1658,2796,3240,2104,898,518,71,0,8535,8535,546,801,1076,960,1537,1858,1148,424,165,20,0,7125,7125,509,727,716,698,1259,1382,956,474,353,51,0
충청북도 음성군 삼성면(4377035000),6865,6865,230,413,613,535,845,1517,1475,734,439,60,4,3815,3815,135,218,382,331,536,880,822,360,138,11,2,3050,3050,95,195,231,204,309,637,653,374,301,49,2
충청북도 음성군 생극면(4377036000),4484,4484,162,227,331,301,456,895,1066,591,382,70,3,2423,2423,84,116,215,186,285,523,564,298,138,13,1,2061,2061,78,111,116,115,171,372,502,293,244,57,2
충청북도 음성군 감곡면(4377037000),9902,9902,495,729,989,812,1254,1907,1981,1047,589,97,2,5037,5037,239,353,548,443,696,1018,1009,510,199,21,1,4865,4865,256,376,441,369,558,889,972,537,390,76,1
충청북도 단양군 (4380000000),28758,28758,1149,1922,2135,1926,3214,5495,6559,3871,2176,292,19,14571,14571,598,1024,1256,1026,1773,2932,3376,1743,759,77,7,14187,14187,551,898,879,900,1441,2563,3183,2128,1417,215,12
충청북도 단양군 단양읍(4380025000),10482,10482,621,917,1083,1008,1457,1925,1882,989,522,74,4,5242,5242,316,461,612,522,764,1026,922,423,178,16,2,5240,5240,305,456,471,486,693,899,960,566,344,58,2
충청북도 단양군 매포읍(4380025300),5326,5326,248,403,433,396,673,962,1053,738,374,45,1,2767,2767,135,226,270,222,389,527,528,321,137,11,1,2559,2559,113,177,163,174,284,435,525,417,237,34,0
충청북도 단양군 대강면(4380031000),2469,2469,57,100,122,87,197,503,679,418,257,45,4,1230,1230,26,55,59,49,109,282,354,190,92,12,2,1239,1239,31,45,63,38,88,221,325,228,165,33,2
충청북도 단양군 가곡면(4380032000),2070,2070,56,138,99,78,179,395,559,360,183,20,3,1111,1111,36,90,59,43,107,211,292,196,71,6,0,959,959,20,48,40,35,72,184,267,164,112,14,3
충청북도 단양군 영춘면(4380033000),3251,3251,71,172,134,132,311,680,861,537,309,43,1,1560,1560,35,94,88,68,160,336,420,237,112,9,1,1691,1691,36,78,46,64,151,344,441,300,197,34,0
충청북도 단양군 어상천면(4380034000),1910,1910,42,69,86,73,139,400,580,310,188,23,0,1042,1042,22,47,66,39,87,211,337,152,72,9,0,868,868,20,22,20,34,52,189,243,158,116,14,0
충청북도 단양군 적성면(4380035000),1519,1519,23,33,72,74,122,285,462,254,173,20,1,773,773,11,14,38,43,78,158,260,114,50,7,0,746,746,12,19,34,31,44,127,202,140,123,13,1
충청북도 단양군 단성면(4380036000),1731,1731,31,90,106,78,136,345,483,265,170,22,5,846,846,17,37,64,40,79,181,263,110,47,7,1,885,885,14,53,42,38,57,164,220,155,123,15,4
충청남도  (4400000000),2116452,2116452,169094,201400,240595,264398,327136,337664,288630,170950,101393,14668,524,1081275,1081275,86543,104558,132853,142442,174552,178739,144670,77829,35581,3419,89,1035177,1035177,82551,96842,107742,121956,152584,158925,143960,93121,65812,11249,435
충청남도 천안시 (4413000000),657410,657410,60997,67896,95742,103917,111870,102629,66426,30247,15359,2233,94,335775,335775,31191,35173,50310,55327,58000,52636,33622,13709,5295,490,22,321635,321635,29806,32723,45432,48590,53870,49993,32804,16538,10064,1743,72
충청남도 천안시 동남구 (4413100000),256797,256797,19901,25911,34970,32663,42497,43331,32546,15577,8128,1217,56,130157,130157,10235,13505,18506,17213,21958,22031,16392,7162,2858,283,14,126640,126640,9666,12406,16464,15450,20539,21300,16154,8415,5270,934,42
충청남도 천안시 동남구 목천읍(4413125000),24296,24296,1668,2646,2861,2482,4421,4475,3117,1576,912,135,3,12469,12469,852,1385,1606,1312,2292,2423,1564,700,300,34,1,11827,11827,816,1261,1255,1170,2129,2052,1553,876,612,101,2
충청남도 천안시 동남구 풍세면(4413131000),4116,4116,140,230,377,322,442,747,946,524,338,50,0,2256,2256,79,121,246,200,276,422,514,266,120,12,0,1860,1860,61,109,131,122,166,325,432,258,218,38,0
충청남도 천안시 동남구 광덕면(4413132000),4323,4323,106,191,365,289,436,844,1065,566,391,69,1,2184,2184,52,105,209,154,239,444,569,272,122,18,0,2139,2139,54,86,156,135,197,400,496,294,269,51,1
충청남도 천안시 동남구 북면(4413133000),4355,4355,127,225,383,333,511,847,1007,509,344,69,0,2261,2261,70,115,236,197,281,460,515,249,123,15,0,2094,2094,57,110,147,136,230,387,492,260,221,54,0
충청남도 천안시 동남구 성남면(4413134000),3191,3191,78,164,234,180,326,596,793,464,300,52,4,1673,1673,37,80,138,116,201,341,420,226,107,6,1,1518,1518,41,84,96,64,125,255,373,238,193,46,3
충청남도 천안시 동남구 수신면(4413135000),2269,2269,51,89,167,168,235,423,522,336,250,26,2,1239,1239,28,48,104,112,167,251,278,153,92,6,0,1030,1030,23,41,63,56,68,172,244,183,158,20,2
충청남도 천안시 동남구 병천면(4413136000),6037,6037,239,350,747,532,729,1148,1170,637,414,69,2,3225,3225,119,188,502,331,435,591,610,287,144,18,0,2812,2812,120,162,245,201,294,557,560,350,270,51,2
충청남도 천안시 동남구 동면(4413137000),2115,2115,25,69,141,90,175,426,529,356,258,42,4,1134,1134,12,45,83,56,125,249,288,173,94,8,1,981,981,13,24,58,34,50,177,241,183,164,34,3
충청남도 천안시 동남구 중앙동(4413151000),5418,5418,171,278,529,482,679,1040,1182,675,332,39,11,2835,2835,85,151,275,289,381,594,600,316,126,14,4,2583,2583,86,127,254,193,298,446,582,359,206,25,7
충청남도 천안시 동남구 문성동(4413152000),4149,4149,157,210,600,538,535,736,774,394,177,27,1,2167,2167,87,112,305,305,306,406,403,167,65,11,0,1982,1982,70,98,295,233,229,330,371,227,112,16,1
충청남도 천안시 동남구 원성1동(4413153000),8709,8709,410,659,1068,868,1201,1721,1532,802,381,63,4,4500,4500,225,372,612,477,650,879,752,388,130,14,1,4209,4209,185,287,456,391,551,842,780,414,251,49,3
충청남도 천안시 동남구 원성2동(4413154000),9287,9287,275,653,1162,849,1339,1819,1634,985,516,55,0,4796,4796,134,353,667,517,712,948,797,449,206,13,0,4491,4491,141,300,495,332,627,871,837,536,310,42,0
충청남도 천안시 동남구 봉명동(4413155000),18037,18037,1063,1414,2841,2514,2891,3235,2489,1071,449,67,3,9213,9213,557,767,1432,1420,1500,1647,1242,480,152,15,1,8824,8824,506,647,1409,1094,1391,1588,1247,591,297,52,2
충청남도 천안시 동남구 일봉동(4413156000),23396,23396,2104,3196,2746,2519,4357,4027,2561,1239,564,79,4,11655,11655,1061,1647,1479,1192,2176,2001,1327,557,196,17,2,11741,11741,1043,1549,1267,1327,2181,2026,1234,682,368,62,2
충청남도 천안시 동남구 신방동(4413157000),44851,44851,4610,5793,6187,6717,8955,6910,3504,1371,703,98,3,22881,22881,2405,3040,3382,3549,4543,3457,1711,578,192,23,1,21970,21970,2205,2753,2805,3168,4412,3453,1793,793,511,75,2
충청남도 천안시 동남구 청룡동(4413158000),55567,55567,5904,6985,7005,8249,10189,8428,5372,2230,1026,171,8,27790,27790,3023,3597,3653,4140,5082,4194,2676,1017,368,38,2,27777,27777,2881,3388,3352,4109,5107,4234,2696,1213,658,133,6
충청남도 천안시 동남구 신안동(4413159000),36681,36681,2773,2759,7557,5531,5076,5909,4349,1842,773,106,6,17879,17879,1409,1379,3577,2846,2592,2724,2126,884,321,21,0,18802,18802,1364,1380,3980,2685,2484,3185,2223,958,452,85,6
충청남도 천안시 서북구 (4413300000),400613,400613,41096,41985,60772,71254,69373,59298,33880,14670,7231,1016,38,205618,205618,20956,21668,31804,38114,36042,30605,17230,6547,2437,207,8,194995,194995,20140,20317,28968,33140,33331,28693,16650,8123,4794,809,30
충청남도 천안시 서북구 성환읍(4413325000),24009,24009,1162,2205,2800,2102,3634,4242,3969,2444,1289,155,7,12559,12559,612,1167,1618,1187,2027,2327,1980,1130,475,34,2,11450,11450,550,1038,1182,915,1607,1915,1989,1314,814,121,5
충청남도 천안시 서북구 성거읍(4413325300),21746,21746,1792,2354,2547,2796,4121,3676,2575,1176,629,78,2,11402,11402,883,1208,1431,1495,2241,2011,1353,543,220,16,1,10344,10344,909,1146,1116,1301,1880,1665,1222,633,409,62,1
충청남도 천안시 서북구 직산읍(4413325600),19896,19896,1382,1873,2465,2707,3639,3531,2425,1151,646,73,4,10828,10828,748,987,1485,1617,2071,1922,1245,513,227,13,0,9068,9068,634,886,980,1090,1568,1609,1180,638,419,60,4
충청남도 천안시 서북구 입장면(4413331000),8474,8474,293,530,864,712,1073,1761,1668,954,528,89,2,4554,4554,144,287,535,459,636,974,858,440,191,30,0,3920,3920,149,243,329,253,437,787,810,514,337,59,2
충청남도 천안시 서북구 성정1동(4413351000),15934,15934,740,1017,2334,2204,2373,3049,2422,1239,491,58,7,8448,8448,399,493,1272,1311,1327,1636,1241,572,179,16,2,7486,7486,341,524,1062,893,1046,1413,1181,667,312,42,5
충청남도 천안시 서북구 성정2동(4413352000),25772,25772,967,1296,6451,5635,3819,3581,2528,996,419,77,3,13829,13829,494,655,3262,3422,2170,1939,1313,431,130,12,1,11943,11943,473,641,3189,2213,1649,1642,1215,565,289,65,2
충청남도 천안시 서북구 쌍용1동(4413353000),14000,14000,861,1199,2488,1846,1914,2533,1987,760,353,58,1,6863,6863,457,587,1262,997,941,1191,951,340,123,14,0,7137,7137,404,612,1226,849,973,1342,1036,420,230,44,1
충청남도 천안시 서북구 쌍용2동(4413354000),37685,37685,3360,4904,5964,5010,6638,6650,3296,1215,576,70,2,18485,18485,1682,2556,3108,2513,3095,3153,1648,524,189,16,1,19200,19200,1678,2348,2856,2497,3543,3497,1648,691,387,54,1
충청남도 천안시 서북구 쌍용3동(4413355000),18935,18935,1393,2378,2631,2285,3152,3556,2053,912,492,83,0,9147,9147,683,1294,1375,1136,1476,1676,1012,349,135,11,0,9788,9788,710,1084,1256,1149,1676,1880,1041,563,357,72,0
충청남도 천안시 서북구 백석동(4413356000),40571,40571,5549,5658,5126,6746,7913,5599,2606,898,408,65,3,20366,20366,2811,2932,2680,3250,4010,2825,1322,410,115,11,0,20205,20205,2738,2726,2446,3496,3903,2774,1284,488,293,54,3
충청남도 천안시 서북구 불당동(4413356500),70002,70002,10431,9419,8797,14362,14162,8689,2788,864,414,73,3,35114,35114,5336,4807,4412,7021,6970,4576,1450,393,136,12,1,34888,34888,5095,4612,4385,7341,7192,4113,1338,471,278,61,2
충청남도 천안시 서북구 부성1동(4413358000),46595,46595,3949,4131,10181,9265,7481,6643,3004,1257,603,79,2,24003,24003,2021,2103,5127,5231,3840,3360,1543,551,213,14,0,22592,22592,1928,2028,5054,4034,3641,3283,1461,706,390,65,2
충청남도 천안시 서북구 부성2동(4413359000),56994,56994,9217,5021,8124,15584,9454,5788,2559,804,383,58,2,30020,30020,4686,2592,4237,8475,5238,3015,1314,351,104,8,0,26974,26974,4531,2429,3887,7109,4216,2773,1245,453,279,50,2
충청남도 공주시 (4415000000),103782,103782,5622,8074,11017,9291,13183,18076,18888,11382,7143,1068,38,51925,51925,2914,4171,6046,4992,6963,9319,9472,5240,2521,279,8,51857,51857,2708,3903,4971,4299,6220,8757,9416,6142,4622,789,30
충청남도 공주시 유구읍(4415025000),7325,7325,263,391,463,471,753,1282,1773,1121,718,88,2,3701,3701,147,200,284,287,436,639,904,519,264,20,1,3624,3624,116,191,179,184,317,643,869,602,454,68,1
충청남도 공주시 이인면(4415031000),3235,3235,99,115,221,189,269,593,751,543,398,54,3,1661,1661,45,76,127,108,168,340,396,258,123,20,0,1574,1574,54,39,94,81,101,253,355,285,275,34,3
충청남도 공주시 탄천면(4415032000),2976,2976,69,128,188,181,235,471,678,530,420,73,3,1534,1534,36,62,123,106,144,270,367,252,157,17,0,1442,1442,33,66,65,75,91,201,311,278,263,56,3
충청남도 공주시 계룡면(4415033000),5492,5492,164,279,313,302,475,1014,1387,874,589,94,1,2811,2811,85,150,182,162,285,592,706,433,192,23,1,2681,2681,79,129,131,140,190,422,681,441,397,71,0
충청남도 공주시 반포면(4415034000),4245,4245,147,199,335,317,472,950,1021,502,255,46,1,2228,2228,91,115,189,183,248,512,533,238,105,14,0,2017,2017,56,84,146,134,224,438,488,264,150,32,1
충청남도 공주시 의당면(4415036000),4669,4669,196,360,455,349,583,940,890,497,342,57,0,2408,2408,93,179,273,193,327,506,467,243,117,10,0,2261,2261,103,181,182,156,256,434,423,254,225,47,0
충청남도 공주시 정안면(4415037000),4628,4628,119,218,281,251,432,767,1157,729,575,98,1,2407,2407,65,124,173,143,272,414,624,353,208,31,0,2221,2221,54,94,108,108,160,353,533,376,367,67,1
충청남도 공주시 우성면(4415038000),5223,5223,165,281,368,335,522,918,1170,800,566,92,6,2715,2715,89,138,221,209,325,519,607,389,190,28,0,2508,2508,76,143,147,126,197,399,563,411,376,64,6
충청남도 공주시 사곡면(4415039000),2909,2909,70,157,183,142,249,506,681,477,396,44,4,1461,1461,38,75,94,89,150,283,357,212,152,10,1,1448,1448,32,82,89,53,99,223,324,265,244,34,3
충청남도 공주시 신풍면(4415040000),3203,3203,77,92,157,170,303,594,884,546,322,53,5,1437,1437,37,50,97,84,132,255,405,236,124,17,0,1766,1766,40,42,60,86,171,339,479,310,198,36,5
충청남도 공주시 중학동(4415051000),4580,4580,183,319,584,370,561,793,800,590,321,59,0,2289,2289,96,177,310,212,308,401,390,259,118,18,0,2291,2291,87,142,274,158,253,392,410,331,203,41,0
충청남도 공주시 웅진동(4415054000),8225,8225,439,679,933,829,1157,1388,1444,844,452,55,5,4031,4031,236,332,494,462,614,688,677,358,156,13,1,4194,4194,203,347,439,367,543,700,767,486,296,42,4
충청남도 공주시 금학동(4415055000),5392,5392,340,583,718,525,775,854,867,448,242,38,2,2694,2694,178,284,365,284,397,440,447,221,74,3,1,2698,2698,162,299,353,241,378,414,420,227,168,35,1
충청남도 공주시 옥룡동(4415056000),7969,7969,304,530,848,684,1003,1533,1539,957,511,60,0,4015,4015,158,271,493,402,543,793,748,406,183,18,0,3954,3954,146,259,355,282,460,740,791,551,328,42,0
충청남도 공주시 신관동(4415057000),19384,19384,1369,2040,3174,2280,2985,3251,2402,1201,598,82,2,9444,9444,708,1036,1637,1164,1448,1562,1113,536,221,17,2,9940,9940,661,1004,1537,1116,1537,1689,1289,665,377,65,0
충청남도 공주시 월송동(4415059000),14327,14327,1618,1703,1796,1896,2409,2222,1444,723,438,75,3,7089,7089,812,902,984,904,1166,1105,731,327,137,20,1,7238,7238,806,801,812,992,1243,1117,713,396,301,55,2
충청남도 보령시 (4418000000),99137,99137,5922,8148,9330,9161,13703,16791,17505,11229,6347,957,44,50271,50271,2983,4239,5484,4967,7501,8974,8582,5061,2264,209,7,48866,48866,2939,3909,3846,4194,6202,7817,8923,6168,4083,748,37
충청남도 보령시 웅천읍(4418025000),6102,6102,132,297,387,337,562,1089,1533,1040,609,116,0,3096,3096,73,147,260,200,330,601,768,474,215,28,0,3006,3006,59,150,127,137,232,488,765,566,394,88,0
충청남도 보령시 주포면(4418031000),1665,1665,36,104,195,82,163,274,395,262,130,24,0,877,877,15,54,144,40,100,156,212,114,37,5,0,788,788,21,50,51,42,63,118,183,148,93,19,0
충청남도 보령시 오천면(4418032000),2180,2180,42,114,141,122,249,385,511,355,221,39,1,1152,1152,15,60,82,78,164,230,253,176,86,8,0,1028,1028,27,54,59,44,85,155,258,179,135,31,1
충청남도 보령시 오천면어항출장소(4418032500),1635,1635,59,101,127,118,211,318,371,188,123,18,1,876,876,29,55,83,66,132,189,186,92,40,4,0,759,759,30,46,44,52,79,129,185,96,83,14,1
충청남도 보령시 원산도출장소(4418032800),1117,1117,29,62,63,61,99,219,258,183,126,17,0,602,602,13,35,40,41,66,141,134,84,45,3,0,515,515,16,27,23,20,33,78,124,99,81,14,0
충청남도 보령시 천북면(4418033000),3498,3498,111,173,219,208,328,587,815,584,418,54,1,1816,1816,54,96,133,134,202,329,419,295,147,7,0,1682,1682,57,77,86,74,126,258,396,289,271,47,1
충청남도 보령시 청소면(4418034000),2605,2605,57,104,141,138,198,426,595,514,372,60,0,1304,1304,36,63,84,89,118,249,294,237,119,15,0,1301,1301,21,41,57,49,80,177,301,277,253,45,0
충청남도 보령시 청라면(4418035000),3909,3909,121,208,262,201,374,670,901,675,432,59,6,1977,1977,66,111,159,115,229,366,461,302,158,10,0,1932,1932,55,97,103,86,145,304,440,373,274,49,6
충청남도 보령시 남포면(4418036000),5148,5148,136,250,362,285,468,930,1210,847,546,104,10,2606,2606,78,120,217,171,270,514,623,395,195,21,2,2542,2542,58,130,145,114,198,416,587,452,351,83,8
충청남도 보령시 주산면(4418038000),2433,2433,42,90,109,98,189,357,580,512,379,75,2,1196,1196,30,45,66,56,120,195,291,224,149,19,1,1237,1237,12,45,43,42,69,162,289,288,230,56,1
충청남도 보령시 미산면(4418039000),1705,1705,48,58,85,72,134,256,434,353,223,42,0,881,881,23,37,58,37,100,146,233,157,81,9,0,824,824,25,21,27,35,34,110,201,196,142,33,0
충청남도 보령시 성주면(4418040000),2206,2206,71,106,162,133,268,402,519,364,165,15,1,1090,1090,40,59,89,72,163,224,232,157,51,3,0,1116,1116,31,47,73,61,105,178,287,207,114,12,1
충청남도 보령시 주교면(4418041000),5255,5255,188,323,464,382,674,923,1098,711,427,64,1,2771,2771,95,173,298,232,412,515,539,341,151,15,0,2484,2484,93,150,166,150,262,408,559,370,276,49,1
충청남도 보령시 대천1동(4418051500),14223,14223,1024,1431,1647,1545,2233,2391,2096,1249,540,65,2,7186,7186,527,728,962,836,1139,1224,998,554,202,16,0,7037,7037,497,703,685,709,1094,1167,1098,695,338,49,2
충청남도 보령시 대천2동(4418052500),6867,6867,472,652,725,743,1093,1150,1003,648,347,33,1,3433,3433,233,329,398,405,570,599,475,276,141,7,0,3434,3434,239,323,327,338,523,551,528,372,206,26,1
충청남도 보령시 대천3동(4418053500),16476,16476,1590,1925,1997,2176,2989,2579,1851,890,426,50,3,8273,8273,796,997,1118,1095,1552,1296,879,389,140,10,1,8203,8203,794,928,879,1081,1437,1283,972,501,286,40,2
충청남도 보령시 대천4동(4418054500),15740,15740,1534,1779,1752,1920,2718,2592,1904,1010,458,63,10,7829,7829,758,936,986,969,1358,1330,892,437,146,14,3,7911,7911,776,843,766,951,1360,1262,1012,573,312,49,7
충청남도 보령시 대천5동(4418056500),6373,6373,230,371,492,540,753,1243,1431,844,405,59,5,3306,3306,102,194,307,331,476,670,693,357,161,15,0,3067,3067,128,177,185,209,277,573,738,487,244,44,5
충청남도 아산시 (4420000000),318699,318699,32224,34780,37066,48138,57138,46656,33301,18087,9914,1339,56,165503,165503,16528,17859,20671,25680,31038,25249,16640,8048,3484,296,10,153196,153196,15696,16921,16395,22458,26100,21407,16661,10039,6430,1043,46
충청남도 아산시 염치읍(4420025000),6496,6496,345,503,542,610,883,1137,1176,718,511,68,3,3393,3393,172,260,328,374,512,618,587,343,185,14,0,3103,3103,173,243,214,236,371,519,589,375,326,54,3
충청남도 아산시 배방읍(4420025300),77319,77319,9511,9439,9778,14126,14886,9977,5610,2588,1206,187,11,39684,39684,4882,4839,5161,7268,7868,5263,2785,1162,413,38,5,37635,37635,4629,4600,4617,6858,7018,4714,2825,1426,793,149,6
충청남도 아산시 송악면(4420031000),4244,4244,196,358,302,274,542,756,830,573,350,57,6,2174,2174,102,188,165,147,304,423,427,276,128,13,1,2070,2070,94,170,137,127,238,333,403,297,222,44,5
충청남도 아산시 탕정면(4420033000),22130,22130,2903,3075,2901,3989,4757,2438,1115,584,323,45,0,12016,12016,1492,1593,1694,2098,2726,1471,563,257,115,7,0,10114,10114,1411,1482,1207,1891,2031,967,552,327,208,38,0
충청남도 아산시 음봉면(4420035000),20262,20262,2540,1793,2099,3594,3530,2806,2260,978,568,92,2,10955,10955,1258,941,1306,1968,2098,1540,1176,470,184,14,0,9307,9307,1282,852,793,1626,1432,1266,1084,508,384,78,2
충청남도 아산시 둔포면(4420036000),21937,21937,2473,1458,2424,4657,3600,3054,2401,1139,632,97,2,12345,12345,1286,733,1465,2804,2281,1731,1289,529,205,21,1,9592,9592,1187,725,959,1853,1319,1323,1112,610,427,76,1
충청남도 아산시 영인면(4420037000),5503,5503,136,268,415,395,573,965,1265,825,580,80,1,2913,2913,66,156,265,241,354,547,680,376,210,18,0,2590,2590,70,112,150,154,219,418,585,449,370,62,1
충청남도 아산시 인주면(4420038000),6471,6471,308,402,539,608,951,1241,1169,686,497,70,0,3612,3612,164,220,345,391,614,750,624,315,174,15,0,2859,2859,144,182,194,217,337,491,545,371,323,55,0
충청남도 아산시 선장면(4420039000),3095,3095,61,105,183,181,257,510,778,561,410,47,2,1604,1604,34,56,102,116,164,304,378,278,161,10,1,1491,1491,27,49,81,65,93,206,400,283,249,37,1
충청남도 아산시 도고면(4420040000),4463,4463,105,179,350,308,395,832,1005,729,505,54,1,2284,2284,48,89,203,185,233,471,524,335,185,11,0,2179,2179,57,90,147,123,162,361,481,394,320,43,1
충청남도 아산시 신창면(4420041000),19965,19965,1511,2096,2410,2245,3493,3235,2521,1526,828,95,5,10426,10426,769,1060,1409,1207,1892,1797,1303,662,300,27,0,9539,9539,742,1036,1001,1038,1601,1438,1218,864,528,68,5
충청남도 아산시 온양1동(4420057000),9447,9447,883,732,1094,1735,1501,1327,1158,670,291,53,3,4941,4941,447,391,574,964,863,714,575,300,105,8,0,4506,4506,436,341,520,771,638,613,583,370,186,45,3
충청남도 아산시 온양2동(4420058000),10840,10840,426,786,1689,1255,1471,2000,1693,997,458,61,4,5635,5635,203,413,971,759,804,1029,820,445,173,17,1,5205,5205,223,373,718,496,667,971,873,552,285,44,3
충청남도 아산시 온양3동(4420059000),36860,36860,3909,4825,4514,5023,7063,5362,3408,1781,860,109,6,18372,18372,2010,2421,2372,2496,3605,2797,1583,749,310,29,0,18488,18488,1899,2404,2142,2527,3458,2565,1825,1032,550,80,6
충청남도 아산시 온양4동(4420060000),18796,18796,1502,2417,2169,2119,3463,3228,2098,1162,562,72,4,9578,9578,811,1261,1232,1102,1764,1684,1015,505,187,17,0,9218,9218,691,1156,937,1017,1699,1544,1083,657,375,55,4
충청남도 아산시 온양5동(4420061000),21684,21684,2178,2769,2746,2913,4094,3384,1973,1061,497,65,4,11098,11098,1155,1447,1556,1518,2067,1765,949,435,190,16,0,10586,10586,1023,1322,1190,1395,2027,1619,1024,626,307,49,4
충청남도 아산시 온양6동(4420062000),29187,29187,3237,3575,2911,4106,5679,4404,2841,1509,836,87,2,14473,14473,1629,1791,1523,2042,2889,2345,1362,611,259,21,1,14714,14714,1608,1784,1388,2064,2790,2059,1479,898,577,66,1
충청남도 서산시 (4421000000),175817,175817,15196,17147,19056,21905,27842,28376,22809,13934,8266,1246,40,91664,91664,7772,9103,11355,12157,14910,15211,11443,6537,2922,251,3,84153,84153,7424,8044,7701,9748,12932,13165,11366,7397,5344,995,37
충청남도 서산시 대산읍(4421025000),13674,13674,694,1004,1803,1463,1968,3074,1985,980,604,97,2,7964,7964,358,538,1246,988,1198,1859,1093,470,187,27,0,5710,5710,336,466,557,475,770,1215,892,510,417,70,2
충청남도 서산시 인지면(4421031000),7335,7335,492,701,610,609,1101,1323,1126,758,542,68,5,3763,3763,257,371,372,326,568,745,575,348,186,15,0,3572,3572,235,330,238,283,533,578,551,410,356,53,5
충청남도 서산시 부석면(4421032000),5339,5339,123,199,284,266,480,860,1327,1009,694,96,1,2718,2718,59,109,180,167,304,468,665,482,266,18,0,2621,2621,64,90,104,99,176,392,662,527,428,78,1
충청남도 서산시 팔봉면(4421033000),3339,3339,61,110,160,147,287,577,867,685,391,52,2,1709,1709,37,56,98,89,176,327,436,347,135,8,0,1630,1630,24,54,62,58,111,250,431,338,256,44,2
충청남도 서산시 지곡면(4421034000),8119,8119,579,750,647,936,1227,1378,1264,792,463,81,2,4367,4367,283,393,407,597,726,741,671,375,159,15,0,3752,3752,296,357,240,339,501,637,593,417,304,66,2
충청남도 서산시 성연면(4421036000),15473,15473,2903,1215,1614,3846,2391,1627,1008,511,312,45,1,8115,8115,1501,610,913,2058,1322,835,530,236,101,9,0,7358,7358,1402,605,701,1788,1069,792,478,275,211,36,1
충청남도 서산시 음암면(4421037000),9370,9370,498,754,842,826,1340,1689,1572,1030,721,96,2,4838,4838,258,407,509,454,746,907,790,492,257,18,0,4532,4532,240,347,333,372,594,782,782,538,464,78,2
충청남도 서산시 운산면(4421038000),5050,5050,129,259,281,257,531,828,1147,923,610,81,4,2573,2573,73,137,169,144,326,465,562,449,231,16,1,2477,2477,56,122,112,113,205,363,585,474,379,65,3
충청남도 서산시 해미면(4421039000),7303,7303,245,445,688,476,835,1304,1455,1125,632,97,1,3782,3782,127,250,430,279,492,708,728,531,219,18,0,3521,3521,118,195,258,197,343,596,727,594,413,79,1
충청남도 서산시 고북면(4421040000),6174,6174,345,452,555,539,826,819,1121,831,604,76,6,3194,3194,175,235,375,313,481,448,542,384,223,17,1,2980,2980,170,217,180,226,345,371,579,447,381,59,5
충청남도 서산시 부춘동(4421051000),19209,19209,1663,2024,2573,2705,3262,3140,2092,1080,572,95,3,9968,9968,885,1065,1460,1505,1687,1630,1019,492,209,16,0,9241,9241,778,959,1113,1200,1575,1510,1073,588,363,79,3
충청남도 서산시 동문1동(4421052500),18732,18732,1632,2290,2127,2116,3356,3227,2123,1165,584,106,6,9781,9781,851,1357,1276,1122,1689,1648,1038,556,221,22,1,8951,8951,781,933,851,994,1667,1579,1085,609,363,84,5
충청남도 서산시 동문2동(4421053500),8799,8799,555,882,1081,851,1434,1519,1325,751,344,55,2,4468,4468,296,463,619,469,747,785,618,330,127,14,0,4331,4331,259,419,462,382,687,734,707,421,217,41,2
충청남도 서산시 수석동(4421054000),15891,15891,1346,1938,1994,1898,2817,2499,1830,982,510,77,0,8028,8028,662,929,1133,1067,1420,1291,909,439,163,15,0,7863,7863,684,1009,861,831,1397,1208,921,543,347,62,0
충청남도 서산시 석남동(4421055000),32010,32010,3931,4124,3797,4970,5987,4512,2567,1312,683,124,3,16396,16396,1950,2183,2168,2579,3028,2354,1267,606,238,23,0,15614,15614,1981,1941,1629,2391,2959,2158,1300,706,445,101,3
충청남도 논산시 (4423000000),115520,115520,7083,9647,11151,10487,15056,19356,20426,12910,8157,1199,48,57810,57810,3619,4976,6250,5576,7983,10234,10320,5778,2766,299,9,57710,57710,3464,4671,4901,4911,7073,9122,10106,7132,5391,900,39
충청남도 논산시 강경읍(4423025000),8129,8129,312,630,703,525,941,1427,1698,1158,630,101,4,3990,3990,166,318,406,277,500,731,836,498,229,27,2,4139,4139,146,312,297,248,441,696,862,660,401,74,2
충청남도 논산시 연무읍(4423025300),13418,13418,865,1092,1258,1235,1640,2089,2418,1601,1051,166,3,6693,6693,440,558,719,682,897,1115,1207,706,335,34,0,6725,6725,425,534,539,553,743,974,1211,895,716,132,3
충청남도 논산시 성동면(4423031000),4109,4109,119,172,281,226,355,658,965,707,562,62,2,2087,2087,62,94,162,149,239,342,507,298,214,20,0,2022,2022,57,78,119,77,116,316,458,409,348,42,2
충청남도 논산시 광석면(4423032000),4224,4224,107,243,276,245,398,747,976,702,484,45,1,2138,2138,53,122,158,143,248,405,524,326,150,9,0,2086,2086,54,121,118,102,150,342,452,376,334,36,1
충청남도 논산시 노성면(4423033000),2991,2991,106,142,191,211,294,480,667,499,343,55,3,1506,1506,54,77,114,119,165,287,335,234,109,12,0,1485,1485,52,65,77,92,129,193,332,265,234,43,3
충청남도 논산시 상월면(4423034000),3572,3572,71,165,215,209,376,678,857,540,397,61,3,1781,1781,38,92,120,109,204,376,447,251,123,21,0,1791,1791,33,73,95,100,172,302,410,289,274,40,3
충청남도 논산시 부적면(4423035000),3527,3527,87,154,250,202,347,638,852,550,384,60,3,1798,1798,45,74,141,119,212,362,445,262,128,10,0,1729,1729,42,80,109,83,135,276,407,288,256,50,3
충청남도 논산시 연산면(4423036000),6050,6050,193,316,362,333,532,1174,1499,938,605,92,6,3154,3154,104,176,223,183,300,653,817,452,220,25,1,2896,2896,89,140,139,150,232,521,682,486,385,67,5
충청남도 논산시 벌곡면(4423038000),2424,2424,69,97,121,110,222,429,608,437,279,51,1,1234,1234,30,55,64,71,135,251,317,212,85,14,0,1190,1190,39,42,57,39,87,178,291,225,194,37,1
충청남도 논산시 양촌면(4423039000),6231,6231,387,421,461,539,623,1045,1181,866,620,87,1,3178,3178,202,240,270,282,334,571,628,393,233,25,0,3053,3053,185,181,191,257,289,474,553,473,387,62,1
충청남도 논산시 가야곡면(4423040000),3368,3368,57,119,210,156,294,587,875,592,412,66,0,1711,1711,33,64,124,99,168,317,469,275,142,20,0,1657,1657,24,55,86,57,126,270,406,317,270,46,0
충청남도 논산시 은진면(4423041000),3974,3974,107,205,425,249,437,707,843,552,378,67,4,2108,2108,55,91,267,167,281,410,449,250,124,13,1,1866,1866,52,114,158,82,156,297,394,302,254,54,3
충청남도 논산시 채운면(4423042000),2246,2246,60,129,147,125,198,366,543,366,252,56,4,1073,1073,31,60,81,68,110,203,274,148,80,17,1,1173,1173,29,69,66,57,88,163,269,218,172,39,3
충청남도 논산시 취암동(4423051000),35014,35014,3302,3945,4469,4566,5855,5470,4083,2103,1066,146,9,17453,17453,1681,2030,2400,2353,2931,2762,1959,936,360,38,3,17561,17561,1621,1915,2069,2213,2924,2708,2124,1167,706,108,6
충청남도 논산시 부창동(4423052000),16243,16243,1241,1817,1782,1556,2544,2861,2361,1299,694,84,4,7906,7906,625,925,1001,755,1259,1449,1106,537,234,14,1,8337,8337,616,892,781,801,1285,1412,1255,762,460,70,3
충청남도 계룡시 (4425000000),43235,43235,3928,6277,4906,4691,8373,7029,4641,2074,1129,184,3,21539,21539,1988,3303,2722,2333,4077,3526,2256,928,366,40,0,21696,21696,1940,2974,2184,2358,4296,3503,2385,1146,763,144,3
충청남도 계룡시 두마면(4425031000),7235,7235,620,911,760,710,1190,1322,1049,433,193,46,1,3546,3546,324,457,402,336,559,664,527,207,64,6,0,3689,3689,296,454,358,374,631,658,522,226,129,40,1
충청남도 계룡시 엄사면(4425031500),18557,18557,1235,2341,2359,1737,3160,3499,2293,1115,713,103,2,9084,9084,629,1254,1277,884,1513,1699,1112,475,218,23,0,9473,9473,606,1087,1082,853,1647,1800,1181,640,495,80,2
충청남도 계룡시 신도안면(4425033000),8782,8782,1334,1951,800,1351,2484,704,79,57,20,2,0,4569,4569,669,1023,468,669,1278,423,18,14,6,1,0,4213,4213,665,928,332,682,1206,281,61,43,14,1,0
충청남도 계룡시 금암동(4425051000),8661,8661,739,1074,987,893,1539,1504,1220,469,203,33,0,4340,4340,366,569,575,444,727,740,599,232,78,10,0,4321,4321,373,505,412,449,812,764,621,237,125,23,0
충청남도 당진시 (4427000000),166333,166333,15195,15674,15940,22397,26840,25982,21786,13206,8086,1176,51,88408,88408,7733,8239,9283,12815,15123,14651,11176,6194,2889,297,8,77925,77925,7462,7435,6657,9582,11717,11331,10610,7012,5197,879,43
충청남도 당진시 합덕읍(4427025000),8938,8938,310,578,673,677,1103,1534,1818,1292,824,121,8,4703,4703,168,320,407,413,671,887,884,609,311,33,0,4235,4235,142,258,266,264,432,647,934,683,513,88,8
충청남도 당진시 송악읍(4427025300),30064,30064,3888,2601,2286,5304,5385,4464,3298,1703,997,135,3,16663,16663,2004,1375,1320,2985,3293,2691,1783,834,336,42,0,13401,13401,1884,1226,966,2319,2092,1773,1515,869,661,93,3
충청남도 당진시 고대면(4427031000),5390,5390,162,281,386,287,526,933,1245,845,622,100,3,2752,2752,86,143,218,160,309,543,629,404,235,25,0,2638,2638,76,138,168,127,217,390,616,441,387,75,3
충청남도 당진시 석문면(4427032000),9728,9728,407,487,898,1118,1382,1903,1804,1005,625,93,6,5772,5772,212,263,624,780,958,1216,993,471,231,22,2,3956,3956,195,224,274,338,424,687,811,534,394,71,4
충청남도 당진시 대호지면(4427033000),2410,2410,61,88,138,122,205,336,624,495,294,44,3,1204,1204,39,47,83,75,131,168,308,236,105,11,1,1206,1206,22,41,55,47,74,168,316,259,189,33,2
충청남도 당진시 정미면(4427034000),3649,3649,106,188,278,211,322,593,860,601,420,69,1,1867,1867,44,98,168,127,183,325,450,297,163,12,0,1782,1782,62,90,110,84,139,268,410,304,257,57,1
충청남도 당진시 면천면(4427035000),3543,3543,94,187,221,231,365,640,833,561,350,60,1,1819,1819,45,97,138,134,223,348,414,287,120,13,0,1724,1724,49,90,83,97,142,292,419,274,230,47,1
충청남도 당진시 순성면(4427036000),5042,5042,155,314,359,263,507,958,1075,769,550,90,2,2543,2543,68,172,196,150,298,535,532,378,188,26,0,2499,2499,87,142,163,113,209,423,543,391,362,64,2
충청남도 당진시 우강면(4427037000),5125,5125,173,320,402,309,582,830,1095,805,532,75,2,2585,2585,79,174,249,171,337,454,553,357,184,26,1,2540,2540,94,146,153,138,245,376,542,448,348,49,1
충청남도 당진시 신평면(4427038000),15539,15539,1416,1775,1386,1579,2593,2477,2122,1305,774,108,4,7905,7905,707,913,789,822,1386,1358,1052,581,275,21,1,7634,7634,709,862,597,757,1207,1119,1070,724,499,87,3
충청남도 당진시 송산면(4427039000),11709,11709,1098,983,985,1888,2012,1843,1428,856,538,75,3,6692,6692,533,508,636,1229,1260,1136,777,393,200,20,0,5017,5017,565,475,349,659,752,707,651,463,338,55,3
충청남도 당진시 당진1동(4427051000),24637,24637,2494,2543,3416,4466,4329,3479,2168,1148,520,73,1,13137,13137,1261,1337,1948,2659,2307,1807,1107,503,192,16,0,11500,11500,1233,1206,1468,1807,2022,1672,1061,645,328,57,1
충청남도 당진시 당진2동(4427052000),22459,22459,2858,2605,2337,3556,3974,3200,2113,1101,627,76,12,11442,11442,1489,1351,1267,1858,2032,1682,1040,500,211,10,2,11017,11017,1369,1254,1070,1698,1942,1518,1073,601,416,66,10
충청남도 당진시 당진3동(4427053000),18100,18100,1973,2724,2175,2386,3555,2792,1303,720,413,57,2,9324,9324,998,1441,1240,1252,1735,1501,654,344,138,20,1,8776,8776,975,1283,935,1134,1820,1291,649,376,275,37,1
충청남도 금산군 (4471000000),50950,50950,2470,4264,3907,3578,6116,8869,10125,6788,4264,560,9,25699,25699,1256,2220,2234,1886,3363,4926,5170,3102,1415,126,1,25251,25251,1214,2044,1673,1692,2753,3943,4955,3686,2849,434,8
충청남도 금산군 금산읍(4471025000),22553,22553,1597,2448,2153,2039,3495,3713,3464,2348,1158,135,3,11080,11080,787,1251,1205,1027,1812,1913,1660,989,409,27,0,11473,11473,810,1197,948,1012,1683,1800,1804,1359,749,108,3
충청남도 금산군 금성면(4471031000),3302,3302,88,152,204,193,296,599,765,547,383,73,2,1700,1700,56,83,128,109,167,352,391,261,135,17,1,1602,1602,32,69,76,84,129,247,374,286,248,56,1
충청남도 금산군 제원면(4471032000),2796,2796,75,102,182,141,237,480,727,466,341,45,0,1461,1461,42,65,113,84,152,278,383,227,106,11,0,1335,1335,33,37,69,57,85,202,344,239,235,34,0
충청남도 금산군 부리면(4471033000),2477,2477,67,74,100,115,175,413,640,455,385,51,2,1243,1243,31,35,57,72,117,260,323,214,123,11,0,1234,1234,36,39,43,43,58,153,317,241,262,40,2
충청남도 금산군 군북면(4471034000),2510,2510,121,138,125,143,249,411,597,409,282,35,0,1256,1256,60,69,72,77,141,243,317,183,87,7,0,1254,1254,61,69,53,66,108,168,280,226,195,28,0
충청남도 금산군 남일면(4471035000),2887,2887,82,421,159,123,247,417,598,448,355,37,0,1452,1452,47,203,98,60,148,248,315,210,113,10,0,1435,1435,35,218,61,63,99,169,283,238,242,27,0
충청남도 금산군 남이면(4471036000),2131,2131,55,156,106,74,160,425,493,360,269,33,0,1098,1098,26,84,70,34,95,248,276,166,94,5,0,1033,1033,29,72,36,40,65,177,217,194,175,28,0
충청남도 금산군 진산면(4471037000),3219,3219,74,211,191,144,294,630,723,562,352,38,0,1623,1623,43,119,96,71,171,368,378,260,109,8,0,1596,1596,31,92,95,73,123,262,345,302,243,30,0
충청남도 금산군 복수면(4471038000),3036,3036,74,145,196,184,292,561,760,486,288,50,0,1594,1594,36,85,111,92,179,334,401,249,94,13,0,1442,1442,38,60,85,92,113,227,359,237,194,37,0
충청남도 금산군 추부면(4471039000),6039,6039,237,417,491,422,671,1220,1358,707,451,63,2,3192,3192,128,226,284,260,381,682,726,343,145,17,0,2847,2847,109,191,207,162,290,538,632,364,306,46,2
충청남도 부여군 (4476000000),64527,64527,2852,4552,5246,4259,6971,10555,13312,9361,6397,989,33,32029,32029,1516,2406,3037,2309,3804,5558,6679,4214,2259,244,3,32498,32498,1336,2146,2209,1950,3167,4997,6633,5147,4138,745,30
충청남도 부여군 부여읍(4476025000),19936,19936,1030,1832,2116,1549,2574,3589,3636,2227,1180,197,6,9931,9931,546,973,1258,806,1318,1831,1743,1009,405,42,0,10005,10005,484,859,858,743,1256,1758,1893,1218,775,155,6
충청남도 부여군 규암면(4476031000),11957,11957,929,1181,1311,1178,1691,1926,1799,1082,748,109,3,5892,5892,491,610,687,570,873,1014,887,471,262,27,0,6065,6065,438,571,624,608,818,912,912,611,486,82,3
충청남도 부여군 은산면(4476032000),3678,3678,96,194,216,175,330,613,948,597,456,46,7,1854,1854,55,91,136,109,189,320,497,283,159,14,1,1824,1824,41,103,80,66,141,293,451,314,297,32,6
충청남도 부여군 외산면(4476033000),2367,2367,48,116,113,97,193,378,611,471,292,45,3,1169,1169,25,78,75,59,112,200,292,208,112,8,0,1198,1198,23,38,38,38,81,178,319,263,180,37,3
충청남도 부여군 내산면(4476034000),1554,1554,45,58,65,86,101,253,387,305,221,33,0,775,775,25,34,41,52,58,125,216,144,71,9,0,779,779,20,24,24,34,43,128,171,161,150,24,0
충청남도 부여군 구룡면(4476035000),2352,2352,60,137,123,121,205,369,491,451,335,59,1,1152,1152,37,62,75,74,127,190,250,202,121,14,0,1200,1200,23,75,48,47,78,179,241,249,214,45,1
충청남도 부여군 홍산면(4476036000),2852,2852,90,156,187,124,257,424,642,572,352,46,2,1374,1374,50,81,110,71,134,227,305,247,137,12,0,1478,1478,40,75,77,53,123,197,337,325,215,34,2
충청남도 부여군 옥산면(4476037000),1423,1423,24,53,72,48,98,205,370,293,217,42,1,682,682,14,22,44,33,55,108,188,136,73,9,0,741,741,10,31,28,15,43,97,182,157,144,33,1
충청남도 부여군 남면(4476038000),1835,1835,47,74,98,72,135,239,426,381,310,51,2,888,888,27,37,62,42,83,130,215,161,116,14,1,947,947,20,37,36,30,52,109,211,220,194,37,1
충청남도 부여군 충화면(4476039000),1147,1147,17,29,54,53,60,179,306,233,190,26,0,575,575,8,22,33,33,38,99,146,118,73,5,0,572,572,9,7,21,20,22,80,160,115,117,21,0
충청남도 부여군 양화면(4476040000),1687,1687,32,48,67,62,106,214,449,341,313,54,1,795,795,15,26,37,39,54,117,224,154,118,11,0,892,892,17,22,30,23,52,97,225,187,195,43,1
충청남도 부여군 임천면(4476041000),2885,2885,105,131,158,132,252,405,655,594,381,70,2,1431,1431,48,70,94,77,149,239,336,261,137,20,0,1454,1454,57,61,64,55,103,166,319,333,244,50,2
충청남도 부여군 장암면(4476042000),2748,2748,72,117,155,141,224,401,619,518,434,66,1,1371,1371,41,72,83,84,155,206,338,230,144,18,0,1377,1377,31,45,72,57,69,195,281,288,290,48,1
충청남도 부여군 세도면(4476043000),3125,3125,95,128,180,166,268,519,763,561,390,54,1,1584,1584,43,69,105,100,171,269,403,263,144,17,0,1541,1541,52,59,75,66,97,250,360,298,246,37,1
충청남도 부여군 석성면(4476044000),2871,2871,101,211,219,132,306,519,644,393,304,40,2,1493,1493,53,114,129,86,178,307,335,180,99,11,1,1378,1378,48,97,90,46,128,212,309,213,205,29,1
충청남도 부여군 초촌면(4476045000),2110,2110,61,87,112,123,171,322,566,342,274,51,1,1063,1063,38,45,68,74,110,176,304,147,88,13,0,1047,1047,23,42,44,49,61,146,262,195,186,38,1
충청남도 서천군 (4477000000),51289,51289,2247,3403,3741,3361,5661,8358,10358,7985,5294,856,25,25323,25323,1129,1745,2165,1882,3089,4561,5061,3576,1910,203,2,25966,25966,1118,1658,1576,1479,2572,3797,5297,4409,3384,653,23
충청남도 서천군 장항읍(4477025000),11062,11062,535,846,1035,874,1513,1936,1994,1461,758,104,6,5519,5519,269,436,582,465,792,1086,947,629,287,26,0,5543,5543,266,410,453,409,721,850,1047,832,471,78,6
충청남도 서천군 서천읍(4477025300),13520,13520,979,1484,1287,1106,1906,2264,2125,1392,823,149,5,6605,6605,487,776,717,550,922,1183,998,632,297,42,1,6915,6915,492,708,570,556,984,1081,1127,760,526,107,4
충청남도 서천군 마서면(4477031000),4886,4886,162,214,280,280,487,786,1086,914,583,92,2,2460,2460,82,109,160,170,304,453,554,399,212,17,0,2426,2426,80,105,120,110,183,333,532,515,371,75,2
충청남도 서천군 화양면(4477032000),2271,2271,51,57,94,118,158,304,516,473,432,67,1,1094,1094,29,35,61,71,99,153,264,211,155,16,0,1177,1177,22,22,33,47,59,151,252,262,277,51,1
충청남도 서천군 기산면(4477033000),1640,1640,27,63,82,54,137,234,377,341,268,57,0,800,800,9,31,49,32,89,132,184,160,101,13,0,840,840,18,32,33,22,48,102,193,181,167,44,0
충청남도 서천군 한산면(4477034000),2504,2504,64,110,121,109,214,362,536,499,420,68,1,1175,1175,33,49,67,68,115,199,253,220,153,18,0,1329,1329,31,61,54,41,99,163,283,279,267,50,1
충청남도 서천군 마산면(4477035000),1475,1475,48,64,82,74,94,204,350,294,230,34,1,704,704,24,29,55,44,57,110,174,135,69,7,0,771,771,24,35,27,30,37,94,176,159,161,27,1
충청남도 서천군 시초면(4477036000),1271,1271,31,48,58,61,74,180,299,245,236,37,2,609,609,16,24,31,37,45,104,155,107,79,11,0,662,662,15,24,27,24,29,76,144,138,157,26,2
충청남도 서천군 문산면(4477037000),1251,1251,31,28,38,48,92,177,316,284,208,29,0,640,640,21,17,25,29,64,107,151,138,85,3,0,611,611,10,11,13,19,28,70,165,146,123,26,0
충청남도 서천군 판교면(4477038000),2124,2124,38,66,85,86,147,316,557,424,349,54,2,1034,1034,16,33,49,56,84,165,280,208,133,10,0,1090,1090,22,33,36,30,63,151,277,216,216,44,2
충청남도 서천군 종천면(4477039000),2027,2027,47,80,97,102,146,302,497,404,295,54,3,981,981,25,34,61,64,82,177,249,187,88,13,1,1046,1046,22,46,36,38,64,125,248,217,207,41,2
충청남도 서천군 비인면(4477040000),2897,2897,43,97,192,134,240,503,725,564,334,64,1,1427,1427,27,49,127,84,148,261,351,259,106,15,0,1470,1470,16,48,65,50,92,242,374,305,228,49,1
충청남도 서천군 서면(4477041000),4361,4361,191,246,290,315,453,790,980,690,358,47,1,2275,2275,91,123,181,212,288,431,501,291,145,12,0,2086,2086,100,123,109,103,165,359,479,399,213,35,1
충청남도 청양군 (4479000000),30658,30658,1231,2040,2539,2022,3048,5168,6316,4491,3342,454,7,15569,15569,626,1073,1493,1144,1779,2837,3242,2053,1194,126,2,15089,15089,605,967,1046,878,1269,2331,3074,2438,2148,328,5
충청남도 청양군 청양읍(4479025000),10006,10006,626,1005,1217,914,1236,1668,1602,1000,631,105,2,5028,5028,320,505,704,476,646,880,771,482,215,28,1,4978,4978,306,500,513,438,590,788,831,518,416,77,1
충청남도 청양군 운곡면(4479031000),2134,2134,54,89,145,96,172,353,478,371,336,40,0,1071,1071,28,55,85,57,96,193,258,167,122,10,0,1063,1063,26,34,60,39,76,160,220,204,214,30,0
충청남도 청양군 대치면(4479032000),2220,2220,69,84,145,108,215,415,527,345,273,38,1,1168,1168,36,46,87,68,137,240,277,168,97,12,0,1052,1052,33,38,58,40,78,175,250,177,176,26,1
충청남도 청양군 정산면(4479033000),3560,3560,145,259,327,262,399,610,682,501,334,41,0,1865,1865,73,143,209,158,229,329,362,224,119,19,0,1695,1695,72,116,118,104,170,281,320,277,215,22,0
충청남도 청양군 목면(4479034000),1514,1514,40,85,78,70,128,298,342,238,204,31,0,800,800,27,50,48,38,80,176,192,103,77,9,0,714,714,13,35,30,32,48,122,150,135,127,22,0
충청남도 청양군 청남면(4479035000),1907,1907,49,102,111,102,165,303,451,335,252,36,1,984,984,21,56,66,62,113,180,237,152,85,11,1,923,923,28,46,45,40,52,123,214,183,167,25,0
충청남도 청양군 장평면(4479036000),2300,2300,72,103,130,97,195,359,542,456,311,35,0,1161,1161,36,48,65,60,140,208,273,198,124,9,0,1139,1139,36,55,65,37,55,151,269,258,187,26,0
충청남도 청양군 남양면(4479037000),2736,2736,80,104,161,136,209,468,624,492,416,46,0,1362,1362,39,60,91,85,125,269,325,213,147,8,0,1374,1374,41,44,70,51,84,199,299,279,269,38,0
충청남도 청양군 화성면(4479038000),2182,2182,51,110,116,120,168,323,540,398,308,47,1,1100,1100,26,54,72,74,111,166,273,193,116,15,0,1082,1082,25,56,44,46,57,157,267,205,192,32,1
충청남도 청양군 비봉면(4479039000),2099,2099,45,99,109,117,161,371,528,355,277,35,2,1030,1030,20,56,66,66,102,196,274,153,92,5,0,1069,1069,25,43,43,51,59,175,254,202,185,30,2
충청남도 홍성군 (4480000000),99755,99755,7621,9534,9450,10293,14399,15788,15190,10085,6474,896,25,49627,49627,3979,4893,5184,5327,7526,8264,7466,4492,2272,221,3,50128,50128,3642,4641,4266,4966,6873,7524,7724,5593,4202,675,22
충청남도 홍성군 홍성읍(4480025000),38043,38043,2439,4258,4770,3538,6020,6743,5328,3126,1594,219,8,18838,18838,1261,2188,2612,1842,2944,3461,2533,1386,551,58,2,19205,19205,1178,2070,2158,1696,3076,3282,2795,1740,1043,161,6
충청남도 홍성군 광천읍(4480025300),8457,8457,280,519,556,465,785,1444,1859,1554,866,123,6,4139,4139,146,293,330,258,453,735,900,678,310,36,0,4318,4318,134,226,226,207,332,709,959,876,556,87,6
충청남도 홍성군 홍북읍(4480025600),28796,28796,4329,3716,2704,5045,5492,3507,2211,1068,633,90,1,14434,14434,2255,1891,1361,2488,2809,1843,1063,494,215,15,0,14362,14362,2074,1825,1343,2557,2683,1664,1148,574,418,75,1
충청남도 홍성군 금마면(4480032000),3492,3492,91,121,223,199,330,632,810,582,437,67,0,1785,1785,50,68,135,129,205,352,423,250,156,17,0,1707,1707,41,53,88,70,125,280,387,332,281,50,0
충청남도 홍성군 홍동면(4480033000),3438,3438,126,222,228,192,356,567,731,528,438,48,2,1725,1725,76,107,151,103,198,310,383,244,143,10,0,1713,1713,50,115,77,89,158,257,348,284,295,38,2
충청남도 홍성군 장곡면(4480034000),2916,2916,71,116,142,140,224,453,656,558,510,46,0,1404,1404,38,57,84,83,139,249,324,235,182,13,0,1512,1512,33,59,58,57,85,204,332,323,328,33,0
충청남도 홍성군 은하면(4480035000),2287,2287,39,61,122,91,176,364,549,460,353,72,0,1158,1158,21,31,79,58,114,208,283,217,131,16,0,1129,1129,18,30,43,33,62,156,266,243,222,56,0
충청남도 홍성군 결성면(4480036000),2092,2092,19,63,110,94,122,359,521,421,337,44,2,1030,1030,8,29,74,65,83,189,256,191,127,8,0,1062,1062,11,34,36,29,39,170,265,230,210,36,2
충청남도 홍성군 서부면(4480037000),3234,3234,72,137,204,139,280,533,813,600,389,63,4,1585,1585,34,64,121,79,183,276,407,265,139,16,1,1649,1649,38,73,83,60,97,257,406,335,250,47,3
충청남도 홍성군 갈산면(4480038000),3536,3536,75,148,201,195,276,562,863,630,511,74,1,1777,1777,46,80,122,119,189,297,442,274,185,23,0,1759,1759,29,68,79,76,87,265,421,356,326,51,1
충청남도 홍성군 구항면(4480039000),3464,3464,80,173,190,195,338,624,849,558,406,50,1,1752,1752,44,85,115,103,209,344,452,258,133,9,0,1712,1712,36,88,75,92,129,280,397,300,273,41,1
충청남도 예산군 (4481000000),77538,77538,3530,5629,6692,5986,9346,13337,15154,10312,6660,863,29,39005,39005,1829,2917,3795,3329,5124,7162,7548,4679,2412,206,4,38533,38533,1701,2712,2897,2657,4222,6175,7606,5633,4248,657,25
충청남도 예산군 예산읍(4481025000),33077,33077,2035,3324,3521,2843,4903,5806,5514,3241,1667,214,9,16450,16450,1058,1685,1939,1498,2478,3016,2659,1461,601,53,2,16627,16627,977,1639,1582,1345,2425,2790,2855,1780,1066,161,7
충청남도 예산군 삽교읍(4481025300),10060,10060,555,660,1110,1194,1185,1542,1707,1166,842,97,2,5082,5082,272,345,606,677,670,806,845,533,303,25,0,4978,4978,283,315,504,517,515,736,862,633,539,72,2
충청남도 예산군 대술면(4481031000),2445,2445,59,71,120,137,223,418,590,463,320,41,3,1265,1265,29,36,70,79,159,242,307,217,121,4,1,1180,1180,30,35,50,58,64,176,283,246,199,37,2
충청남도 예산군 신양면(4481032000),3043,3043,64,159,132,167,270,461,755,558,420,55,2,1540,1540,36,90,83,101,150,262,386,254,165,13,0,1503,1503,28,69,49,66,120,199,369,304,255,42,2
충청남도 예산군 광시면(4481033000),3134,3134,78,133,166,128,271,541,688,583,488,56,2,1548,1548,42,71,91,75,162,311,360,257,163,16,0,1586,1586,36,62,75,53,109,230,328,326,325,40,2
충청남도 예산군 대흥면(4481034000),1766,1766,37,61,79,77,143,267,493,329,239,41,0,888,888,21,37,46,44,88,145,262,155,87,3,0,878,878,16,24,33,33,55,122,231,174,152,38,0
충청남도 예산군 응봉면(4481035000),2526,2526,51,131,200,141,234,460,595,383,288,40,3,1324,1324,28,75,124,89,155,236,316,174,115,11,1,1202,1202,23,56,76,52,79,224,279,209,173,29,2
충청남도 예산군 덕산면(4481036000),6687,6687,257,379,473,463,748,1305,1454,930,591,84,3,3337,3337,134,204,286,255,416,679,709,422,211,21,0,3350,3350,123,175,187,208,332,626,745,508,380,63,3
충청남도 예산군 봉산면(4481037000),2480,2480,68,141,125,139,225,416,563,428,311,62,2,1263,1263,36,72,78,87,133,242,279,200,118,18,0,1217,1217,32,69,47,52,92,174,284,228,193,44,2
충청남도 예산군 고덕면(4481038000),4485,4485,127,247,262,231,414,759,961,867,555,60,2,2280,2280,66,123,157,139,261,435,486,406,196,11,0,2205,2205,61,124,105,92,153,324,475,461,359,49,2
충청남도 예산군 신암면(4481039000),3488,3488,101,127,215,205,311,575,822,629,454,49,0,1767,1767,52,69,137,119,185,332,430,275,153,15,0,1721,1721,49,58,78,86,126,243,392,354,301,34,0
충청남도 예산군 오가면(4481040000),4347,4347,98,196,289,261,419,787,1012,735,485,64,1,2261,2261,55,110,178,166,267,456,509,325,179,16,0,2086,2086,43,86,111,95,152,331,503,410,306,48,1
충청남도 태안군 (4482500000),61802,61802,2976,4335,4812,4912,7590,10694,12393,8859,4561,648,22,31128,31128,1480,2241,2824,2718,4272,5631,5993,4218,1612,132,7,30674,30674,1496,2094,1988,2194,3318,5063,6400,4641,2949,516,15
충청남도 태안군 태안읍(4482525000),29332,29332,2123,2874,2893,3133,4426,4937,4457,2928,1377,181,3,14803,14803,1068,1477,1658,1686,2347,2526,2142,1388,466,45,0,14529,14529,1055,1397,1235,1447,2079,2411,2315,1540,911,136,3
충청남도 태안군 안면읍(4482525300),8537,8537,304,539,524,540,985,1522,1955,1447,603,108,10,4233,4233,153,294,308,282,557,805,912,688,212,18,4,4304,4304,151,245,216,258,428,717,1043,759,391,90,6
충청남도 태안군 고남면(4482531000),2357,2357,67,126,91,114,248,414,564,439,268,25,1,1131,1131,23,53,56,61,149,228,268,197,91,5,0,1226,1226,44,73,35,53,99,186,296,242,177,20,1
충청남도 태안군 남면(4482532000),4290,4290,116,167,399,242,398,734,1029,720,424,59,2,2215,2215,51,92,265,144,253,385,510,346,153,14,2,2075,2075,65,75,134,98,145,349,519,374,271,45,0
충청남도 태안군 근흥면(4482533000),5369,5369,117,203,258,300,466,989,1423,1022,510,78,3,2747,2747,54,108,161,196,298,534,693,489,198,16,0,2622,2622,63,95,97,104,168,455,730,533,312,62,3
충청남도 태안군 소원면(4482534000),5344,5344,97,176,245,245,509,961,1392,1048,596,75,0,2648,2648,50,91,133,140,322,519,685,486,209,13,0,2696,2696,47,85,112,105,187,442,707,562,387,62,0
충청남도 태안군 원북면(4482535000),4322,4322,106,159,285,234,370,779,1024,799,482,82,2,2210,2210,55,81,177,147,218,429,512,398,176,16,1,2112,2112,51,78,108,87,152,350,512,401,306,66,1
충청남도 태안군 이원면(4482536000),2251,2251,46,91,117,104,188,358,549,456,301,40,1,1141,1141,26,45,66,62,128,205,271,226,107,5,0,1110,1110,20,46,51,42,60,153,278,230,194,35,1
전라북도  (4500000000),1796331,1796331,125253,172628,209487,185964,265638,298144,261328,170497,92815,14018,559,893415,893415,64295,89424,113225,96038,136817,154498,129133,75612,31193,3083,97,902916,902916,60958,83204,96262,89926,128821,143646,132195,94885,61622,10935,462
전라북도 전주시 (4511000000),656755,656755,53121,70926,92833,81467,106459,106224,78480,44357,19959,2838,91,323164,323164,27193,36694,48683,41224,52127,52189,37411,19743,7238,647,15,333591,333591,25928,34232,44150,40243,54332,54035,41069,24614,12721,2191,76
전라북도 전주시 완산구 (4511100000),338010,338010,24193,35530,49187,39589,52752,57048,43135,24100,10794,1626,56,164576,164576,12442,18514,25429,20088,25247,27552,20343,10753,3834,364,10,173434,173434,11751,17016,23758,19501,27505,29496,22792,13347,6960,1262,46
전라북도 전주시 완산구 중앙동(4511151000),7530,7530,321,458,887,761,905,1252,1420,979,470,68,9,3767,3767,178,229,478,414,490,640,665,465,187,20,1,3763,3763,143,229,409,347,415,612,755,514,283,48,8
전라북도 전주시 완산구 풍남동(4511153000),4111,4111,92,172,386,352,502,660,876,697,318,56,0,2051,2051,53,99,200,206,306,343,406,297,127,14,0,2060,2060,39,73,186,146,196,317,470,400,191,42,0
전라북도 전주시 완산구 노송동(4511160500),12322,12322,618,802,1423,1291,1667,1960,2130,1559,759,108,5,6033,6033,327,433,756,660,893,968,979,694,295,27,1,6289,6289,291,369,667,631,774,992,1151,865,464,81,4
전라북도 전주시 완산구 완산동(4511163500),4832,4832,170,349,505,423,643,789,858,702,345,48,0,2383,2383,94,189,260,234,350,431,414,289,110,12,0,2449,2449,76,160,245,189,293,358,444,413,235,36,0
전라북도 전주시 완산구 동서학동(4511165000),6358,6358,300,431,666,566,788,1048,1262,826,406,63,2,3174,3174,153,230,361,312,423,550,601,382,148,13,1,3184,3184,147,201,305,254,365,498,661,444,258,50,1
전라북도 전주시 완산구 서서학동(4511166000),8660,8660,312,643,1003,747,1161,1511,1657,1103,464,55,4,4236,4236,172,325,545,411,633,766,730,488,156,9,1,4424,4424,140,318,458,336,528,745,927,615,308,46,3
전라북도 전주시 완산구 중화산1동(4511167100),14595,14595,925,1291,2291,1685,1895,2511,2182,1192,551,69,3,7009,7009,489,698,1136,851,877,1138,1018,555,225,21,1,7586,7586,436,593,1155,834,1018,1373,1164,637,326,48,2
전라북도 전주시 완산구 중화산2동(4511167200),19619,19619,1394,2626,3215,2318,3469,3256,1976,890,404,68,3,9788,9788,720,1366,1640,1201,1654,1627,981,434,150,15,0,9831,9831,674,1260,1575,1117,1815,1629,995,456,254,53,3
전라북도 전주시 완산구 서신동(4511168000),41333,41333,3306,4947,6389,5235,6979,7095,4055,2182,1021,122,2,20052,20052,1694,2520,3257,2608,3192,3461,1938,958,392,32,0,21281,21281,1612,2427,3132,2627,3787,3634,2117,1224,629,90,2
전라북도 전주시 완산구 평화1동(4511169100),12913,12913,571,831,1375,1308,1714,2300,2316,1634,745,116,3,6205,6205,306,447,731,725,912,1121,1081,645,217,19,1,6708,6708,265,384,644,583,802,1179,1235,989,528,97,2
전라북도 전주시 완산구 평화2동(4511169200),46222,46222,3932,5329,5896,5207,7484,7758,6094,3004,1327,185,6,22310,22310,1998,2764,3068,2547,3525,3703,2872,1359,431,43,0,23912,23912,1934,2565,2828,2660,3959,4055,3222,1645,896,142,6
전라북도 전주시 완산구 삼천1동(4511170100),11652,11652,686,1084,1666,1207,1619,2201,1782,931,409,64,3,5654,5654,361,560,885,633,754,1034,852,427,134,13,1,5998,5998,325,524,781,574,865,1167,930,504,275,51,2
전라북도 전주시 완산구 삼천2동(4511170200),13449,13449,671,1211,1986,1315,1711,2580,2324,1159,432,59,1,6474,6474,346,611,1046,697,795,1158,1103,562,145,11,0,6975,6975,325,600,940,618,916,1422,1221,597,287,48,1
전라북도 전주시 완산구 삼천3동(4511170300),22112,22112,1511,2432,3096,2135,3402,4316,2889,1446,743,141,1,10716,10716,744,1304,1694,1064,1557,2037,1410,624,250,32,0,11396,11396,767,1128,1402,1071,1845,2279,1479,822,493,109,1
전라북도 전주시 완산구 효자1동(4511171100),10953,10953,603,936,1378,1082,1516,1803,1825,1236,503,69,2,5266,5266,318,514,733,551,762,843,811,526,192,16,0,5687,5687,285,422,645,531,754,960,1014,710,311,53,2
전라북도 전주시 완산구 효자2동(4511171200),10200,10200,515,894,1472,1040,1397,1801,1663,1008,355,54,1,4853,4853,255,456,762,524,691,842,724,455,128,16,0,5347,5347,260,438,710,516,706,959,939,553,227,38,1
전라북도 전주시 완산구 효자3동(4511171300),14779,14779,958,1510,2069,1627,2099,2507,2168,1194,547,97,3,6949,6949,514,757,1090,817,963,1060,985,532,208,23,0,7830,7830,444,753,979,810,1136,1447,1183,662,339,74,3
전라북도 전주시 완산구 효자4동(4511171400),39653,39653,4368,5010,6176,5286,6984,6115,3583,1430,573,126,2,19321,19321,2234,2648,3145,2529,3282,2895,1730,657,176,24,1,20332,20332,2134,2362,3031,2757,3702,3220,1853,773,397,102,1
전라북도 전주시 완산구 효자5동(4511173000),36717,36717,2940,4574,7308,6004,6817,5585,2075,928,422,58,6,18335,18335,1486,2364,3642,3104,3188,2935,1043,404,163,4,2,18382,18382,1454,2210,3666,2900,3629,2650,1032,524,259,54,4
전라북도 전주시 덕진구 (4511300000),318745,318745,28928,35396,43646,41878,53707,49176,35345,20257,9165,1212,35,158588,158588,14751,18180,23254,21136,26880,24637,17068,8990,3404,283,5,160157,160157,14177,17216,20392,20742,26827,24539,18277,11267,5761,929,30
전라북도 전주시 덕진구 진북동(4511352500),14216,14216,604,1086,1704,1286,1787,2280,2377,1945,1026,118,3,6976,6976,330,597,893,706,940,1125,1130,790,426,39,0,7240,7240,274,489,811,580,847,1155,1247,1155,600,79,3
전라북도 전주시 덕진구 인후1동(4511354000),18484,18484,1462,2347,2337,1874,3125,2831,2263,1563,605,74,3,8927,8927,727,1194,1253,913,1492,1365,1017,707,245,13,1,9557,9557,735,1153,1084,961,1633,1466,1246,856,360,61,2
전라북도 전주시 덕진구 인후2동(4511355000),11327,11327,543,725,1547,1317,1444,1852,1883,1376,580,57,3,5628,5628,278,373,786,729,776,935,858,624,256,13,0,5699,5699,265,352,761,588,668,917,1025,752,324,44,3
전라북도 전주시 덕진구 인후3동(4511356000),32096,32096,2559,4060,4722,3966,6075,5150,2905,1768,785,103,3,15733,15733,1270,2074,2430,2006,2937,2564,1395,767,270,20,0,16363,16363,1289,1986,2292,1960,3138,2586,1510,1001,515,83,3
전라북도 전주시 덕진구 덕진동(4511357000),20468,20468,2031,1595,3378,3481,3065,2743,2190,1326,576,80,3,10338,10338,1032,834,1795,1804,1645,1369,1019,595,226,19,0,10130,10130,999,761,1583,1677,1420,1374,1171,731,350,61,3
전라북도 전주시 덕진구 금암1동(4511358000),7670,7670,205,333,2298,930,835,1082,989,647,311,40,0,4088,4088,95,167,1296,545,507,576,476,280,135,11,0,3582,3582,110,166,1002,385,328,506,513,367,176,29,0
전라북도 전주시 덕진구 금암2동(4511359000),9888,9888,411,639,1554,993,1232,1582,1642,1266,518,49,2,4870,4870,216,336,832,550,656,780,714,558,211,17,0,5018,5018,195,303,722,443,576,802,928,708,307,32,2
전라북도 전주시 덕진구 팔복동(4511360000),7645,7645,292,487,871,745,1101,1423,1391,925,364,45,1,4173,4173,157,251,529,467,694,808,715,416,128,8,0,3472,3472,135,236,342,278,407,615,676,509,236,37,1
전라북도 전주시 덕진구 우아1동(4511361100),10152,10152,662,826,1380,1368,1506,1703,1509,793,351,53,1,5095,5095,321,408,703,757,780,846,739,384,141,15,1,5057,5057,341,418,677,611,726,857,770,409,210,38,0
전라북도 전주시 덕진구 우아2동(4511361200),14520,14520,834,1223,2040,1930,2427,2605,1918,982,490,69,2,7549,7549,412,614,1094,1071,1289,1408,1008,450,185,17,1,6971,6971,422,609,946,859,1138,1197,910,532,305,52,1
전라북도 전주시 덕진구 호성동(4511362000),20320,20320,1459,2483,2717,1971,3116,3581,2865,1356,677,92,3,9746,9746,722,1246,1502,948,1440,1705,1351,581,231,20,0,10574,10574,737,1237,1215,1023,1676,1876,1514,775,446,72,3
전라북도 전주시 덕진구 송천1동(4511364100),62290,62290,8096,8793,7923,9373,12095,8629,4535,1885,821,137,3,30870,30870,4151,4535,4227,4454,5832,4332,2209,832,269,28,1,31420,31420,3945,4258,3696,4919,6263,4297,2326,1053,552,109,2
전라북도 전주시 덕진구 송천2동(4511364200),26452,26452,2031,3111,3925,2943,4096,4664,3179,1667,731,102,3,12964,12964,1019,1624,2050,1481,1949,2222,1565,773,256,25,0,13488,13488,1012,1487,1875,1462,2147,2442,1614,894,475,77,3
전라북도 전주시 덕진구 조촌동(4511365000),12560,12560,853,997,1547,1745,1846,2172,1785,989,550,76,0,6461,6461,446,521,865,933,1013,1140,921,440,167,15,0,6099,6099,407,476,682,812,833,1032,864,549,383,61,0
전라북도 전주시 덕진구 여의동(4511366500),30676,30676,3772,3070,3815,5220,5213,4540,2925,1407,626,84,4,15448,15448,1980,1580,2021,2633,2657,2237,1475,629,216,19,1,15228,15228,1792,1490,1794,2587,2556,2303,1450,778,410,65,3
전라북도 전주시 덕진구 혁신동(4511367000),19981,19981,3114,3621,1888,2736,4744,2339,989,362,154,33,1,9722,9722,1595,1826,978,1139,2273,1225,476,164,42,4,0,10259,10259,1519,1795,910,1597,2471,1114,513,198,112,29,1
전라북도 전주시효자출장소 (4511800000),0,0,0,0,0,0,0,0,0,0,0,0,0,0,0,0,0,0,0,0,0,0,0,0,0,0,0,0,0,0,0,0,0,0,0,0,0,0,0
전라북도 군산시 (4513000000),266878,266878,20406,26501,29479,29962,43210,44060,38212,23106,10281,1601,60,134918,134918,10398,13686,16211,15679,22650,23131,18815,10483,3519,336,10,131960,131960,10008,12815,13268,14283,20560,20929,19397,12623,6762,1265,50
전라북도 군산시 옥구읍(4513025000),3160,3160,87,118,247,188,303,583,694,542,336,61,1,1631,1631,43,63,155,119,196,334,339,253,114,14,1,1529,1529,44,55,92,69,107,249,355,289,222,47,0
전라북도 군산시 옥산면(4513031000),4764,4764,582,380,368,731,723,688,631,395,221,44,1,2428,2428,292,190,215,365,396,373,335,183,76,3,0,2336,2336,290,190,153,366,327,315,296,212,145,41,1
전라북도 군산시 회현면(4513032000),3405,3405,177,333,238,210,461,562,594,464,313,53,0,1743,1743,88,177,142,107,273,326,315,191,115,9,0,1662,1662,89,156,96,103,188,236,279,273,198,44,0
전라북도 군산시 임피면(4513033000),2654,2654,59,105,228,149,237,458,652,422,278,61,5,1356,1356,36,59,138,89,151,252,346,197,76,12,0,1298,1298,23,46,90,60,86,206,306,225,202,49,5
전라북도 군산시 서수면(4513034000),2541,2541,74,106,151,154,251,414,607,412,298,68,6,1277,1277,44,47,92,99,159,235,316,180,90,14,1,1264,1264,30,59,59,55,92,179,291,232,208,54,5
전라북도 군산시 대야면(4513035000),4983,4983,135,229,346,335,503,798,1155,867,512,96,7,2469,2469,67,132,196,186,306,452,555,386,167,21,1,2514,2514,68,97,150,149,197,346,600,481,345,75,6
전라북도 군산시 개정면(4513036000),2974,2974,75,149,251,183,285,566,688,485,254,34,4,1520,1520,36,80,155,108,159,306,363,228,80,5,0,1454,1454,39,69,96,75,126,260,325,257,174,29,4
전라북도 군산시 성산면(4513037000),2884,2884,92,130,246,177,261,565,649,468,247,47,2,1444,1444,38,60,155,88,152,297,326,229,87,12,0,1440,1440,54,70,91,89,109,268,323,239,160,35,2
전라북도 군산시 나포면(4513038000),2201,2201,49,94,133,126,216,369,506,410,254,41,3,1150,1150,29,55,83,69,132,221,270,200,79,11,1,1051,1051,20,39,50,57,84,148,236,210,175,30,2
전라북도 군산시 옥도면(4513039000),3393,3393,95,169,314,270,471,733,733,419,164,23,2,1894,1894,47,92,191,175,306,417,404,200,58,4,0,1499,1499,48,77,123,95,165,316,329,219,106,19,2
전라북도 군산시 옥서면(4513040000),2998,2998,115,149,266,196,355,460,603,542,268,42,2,1528,1528,62,76,154,114,212,268,296,251,81,14,0,1470,1470,53,73,112,82,143,192,307,291,187,28,2
전라북도 군산시 해신동(4513051500),2380,2380,114,138,168,186,275,365,499,452,159,23,1,1161,1161,57,68,73,95,161,196,234,211,62,3,1,1219,1219,57,70,95,91,114,169,265,241,97,20,0
전라북도 군산시 월명동(4513053000),5415,5415,177,382,437,435,690,906,1158,829,356,44,1,2702,2702,93,194,258,228,372,474,557,373,143,10,0,2713,2713,84,188,179,207,318,432,601,456,213,34,1
전라북도 군산시 신풍동(4513055000),7100,7100,352,584,782,551,932,1081,1341,1027,407,43,0,3540,3540,184,297,456,290,491,566,601,492,156,7,0,3560,3560,168,287,326,261,441,515,740,535,251,36,0
전라북도 군산시 삼학동(4513056000),5613,5613,151,328,580,389,591,925,1160,984,445,59,1,2736,2736,80,160,339,215,332,463,547,415,169,15,1,2877,2877,71,168,241,174,259,462,613,569,276,44,0
전라북도 군산시 중앙동(4513060500),4436,4436,247,200,429,621,592,673,792,620,223,37,2,2251,2251,141,108,211,359,330,351,368,294,78,11,0,2185,2185,106,92,218,262,262,322,424,326,145,26,2
전라북도 군산시 흥남동(4513064000),12787,12787,1076,1109,1346,1683,1941,2025,1852,1236,463,56,0,6431,6431,569,575,709,879,1028,1053,872,546,186,14,0,6356,6356,507,534,637,804,913,972,980,690,277,42,0
전라북도 군산시 조촌동(4513065000),22274,22274,2535,2087,2530,3704,3663,3077,2636,1436,517,86,3,11323,11323,1281,1119,1331,1943,1925,1583,1257,694,175,15,0,10951,10951,1254,968,1199,1761,1738,1494,1379,742,342,71,3
전라북도 군산시 경암동(4513066000),7449,7449,382,485,710,726,1067,1232,1416,1021,358,52,0,3734,3734,196,253,380,416,608,639,652,443,134,13,0,3715,3715,186,232,330,310,459,593,764,578,224,39,0
전라북도 군산시 구암동(4513067000),8053,8053,498,690,1100,958,1094,1456,1334,649,230,44,0,4028,4028,241,352,581,517,557,691,681,317,87,4,0,4025,4025,257,338,519,441,537,765,653,332,143,40,0
전라북도 군산시 개정동(4513068000),2855,2855,172,243,297,252,347,475,515,349,178,25,2,1460,1460,82,132,183,135,179,238,249,175,78,8,1,1395,1395,90,111,114,117,168,237,266,174,100,17,1
전라북도 군산시 수송동(4513069000),55507,55507,6585,7753,6597,7454,11025,8110,4684,2271,892,132,4,27690,27690,3370,4007,3481,3562,5415,4222,2303,1009,292,28,1,27817,27817,3215,3746,3116,3892,5610,3888,2381,1262,600,104,3
전라북도 군산시 나운1동(4513070100),12580,12580,636,1112,1561,1232,1798,2385,2204,1161,420,70,1,6268,6268,320,604,876,670,871,1164,1084,519,145,15,0,6312,6312,316,508,685,562,927,1221,1120,642,275,55,1
전라북도 군산시 나운2동(4513070200),23641,23641,1656,2855,2904,2117,3837,4184,3375,1718,867,125,3,11440,11440,824,1396,1615,1029,1809,2079,1630,764,261,33,0,12201,12201,832,1459,1289,1088,2028,2105,1745,954,606,92,3
전라북도 군산시 나운3동(4513070300),32157,32157,2518,4133,4191,3496,6029,5574,3552,1804,761,97,2,16027,16027,1274,2111,2277,1779,2994,2811,1712,784,263,21,1,16130,16130,1244,2022,1914,1717,3035,2763,1840,1020,498,76,1
전라북도 군산시 소룡동(4513071000),16834,16834,1098,1608,1881,2030,3167,3131,2339,1109,386,81,4,9216,9216,569,832,1083,1198,1835,1800,1252,502,133,11,1,7618,7618,529,776,798,832,1332,1331,1087,607,253,70,3
전라북도 군산시 미성동(4513072000),11840,11840,669,832,1178,1409,2096,2265,1843,1014,474,57,3,6471,6471,335,447,682,845,1301,1320,951,447,134,9,0,5369,5369,334,385,496,564,795,945,892,567,340,48,3
전라북도 익산시 (4514000000),280399,280399,18509,27547,35693,27877,41385,48530,41359,24719,12599,2087,94,139726,139726,9523,14137,19439,14622,21133,24667,20479,11108,4131,464,23,140673,140673,8986,13410,16254,13255,20252,23863,20880,13611,8468,1623,71
전라북도 익산시 함열읍(4514025000),6896,6896,347,585,594,510,794,1195,1411,868,503,84,5,3383,3383,185,275,333,267,439,622,708,375,163,15,1,3513,3513,162,310,261,243,355,573,703,493,340,69,4
전라북도 익산시 오산면(4514031000),7827,7827,524,603,665,747,1046,1323,1465,869,499,84,2,3882,3882,265,304,360,408,558,676,722,394,174,19,2,3945,3945,259,299,305,339,488,647,743,475,325,65,0
전라북도 익산시 황등면(4514032000),7127,7127,268,488,652,525,758,1311,1416,999,594,107,9,3615,3615,147,253,376,283,440,717,726,451,199,20,3,3512,3512,121,235,276,242,318,594,690,548,395,87,6
전라북도 익산시 함라면(4514033000),2312,2312,62,133,173,125,218,421,467,412,244,54,3,1140,1140,30,61,100,74,124,229,254,178,78,12,0,1172,1172,32,72,73,51,94,192,213,234,166,42,3
전라북도 익산시 웅포면(4514034000),1577,1577,27,60,99,67,134,257,384,282,220,45,2,801,801,11,41,50,44,86,156,191,134,78,10,0,776,776,16,19,49,23,48,101,193,148,142,35,2
전라북도 익산시 성당면(4514035000),1917,1917,31,89,130,75,168,354,461,349,217,41,2,975,975,21,44,76,44,114,208,241,154,64,8,1,942,942,10,45,54,31,54,146,220,195,153,33,1
전라북도 익산시 용안면(4514036000),2658,2658,68,140,176,145,221,377,618,529,326,58,0,1333,1333,35,68,100,100,143,208,319,237,108,15,0,1325,1325,33,72,76,45,78,169,299,292,218,43,0
전라북도 익산시 낭산면(4514037000),3094,3094,109,135,211,201,317,548,668,531,327,46,1,1630,1630,50,84,124,113,199,328,371,234,118,9,0,1464,1464,59,51,87,88,118,220,297,297,209,37,1
전라북도 익산시 망성면(4514038000),2979,2979,87,144,128,152,265,480,739,568,358,54,4,1476,1476,36,66,81,101,153,274,371,259,122,12,1,1503,1503,51,78,47,51,112,206,368,309,236,42,3
전라북도 익산시 여산면(4514039000),3317,3317,169,162,311,258,330,553,640,519,327,46,2,1668,1668,75,87,176,154,197,314,311,253,91,9,1,1649,1649,94,75,135,104,133,239,329,266,236,37,1
전라북도 익산시 금마면(4514040000),5284,5284,344,342,636,475,583,891,1037,619,310,45,2,2757,2757,178,160,416,264,328,467,533,284,112,15,0,2527,2527,166,182,220,211,255,424,504,335,198,30,2
전라북도 익산시 왕궁면(4514041000),4370,4370,87,194,268,206,400,724,1019,824,527,114,7,2246,2246,56,113,150,134,265,400,538,375,173,39,3,2124,2124,31,81,118,72,135,324,481,449,354,75,4
전라북도 익산시 춘포면(4514042000),4554,4554,179,269,401,344,514,819,938,588,420,81,1,2362,2362,99,154,243,182,317,469,483,277,118,20,0,2192,2192,80,115,158,162,197,350,455,311,302,61,1
전라북도 익산시 삼기면(4514043000),2601,2601,68,98,236,141,240,546,540,399,272,58,3,1332,1332,41,54,141,88,157,299,284,174,82,11,1,1269,1269,27,44,95,53,83,247,256,225,190,47,2
전라북도 익산시 용동면(4514044000),1579,1579,25,83,94,70,133,236,370,315,219,31,3,781,781,12,48,57,38,86,123,192,141,76,8,0,798,798,13,35,37,32,47,113,178,174,143,23,3
전라북도 익산시 중앙동(4514052000),3413,3413,98,128,366,312,403,548,736,558,215,45,4,1802,1802,59,75,199,192,241,284,384,267,89,12,0,1611,1611,39,53,167,120,162,264,352,291,126,33,4
전라북도 익산시 평화동(4514053000),4799,4799,301,339,470,486,704,936,860,475,199,28,1,2547,2547,164,165,262,261,386,525,457,249,74,4,0,2252,2252,137,174,208,225,318,411,403,226,125,24,1
전라북도 익산시 인화동(4514056000),7028,7028,314,418,894,753,830,1129,1297,894,440,57,2,3612,3612,170,218,460,447,472,627,602,437,162,17,0,3416,3416,144,200,434,306,358,502,695,457,278,40,2
전라북도 익산시 동산동(4514057000),22615,22615,1642,2176,2503,2401,3433,4004,3546,1916,881,105,8,11137,11137,811,1155,1366,1254,1794,1984,1674,794,280,23,2,11478,11478,831,1021,1137,1147,1639,2020,1872,1122,601,82,6
전라북도 익산시 마동(4514058000),9413,9413,424,695,1382,889,1248,1856,1649,866,354,49,1,4776,4776,236,386,735,511,672,889,821,401,116,9,0,4637,4637,188,309,647,378,576,967,828,465,238,40,1
전라북도 익산시 남중동(4514059500),11701,11701,476,943,1308,978,1458,1873,2159,1732,679,92,3,6009,6009,250,576,751,550,816,954,1006,791,289,24,2,5692,5692,226,367,557,428,642,919,1153,941,390,68,1
전라북도 익산시 모현동(4514061000),38150,38150,3549,4300,4604,4299,6239,6232,4949,2591,1187,194,6,18428,18428,1831,2116,2377,2087,3068,2955,2387,1157,398,51,1,19722,19722,1718,2184,2227,2212,3171,3277,2562,1434,789,143,5
전라북도 익산시 송학동(4514062000),8535,8535,842,990,899,1144,1424,1264,1098,594,246,32,2,4244,4244,420,525,479,556,753,645,519,253,85,8,1,4291,4291,422,465,420,588,671,619,579,341,161,24,1
전라북도 익산시 영등1동(4514064600),23144,23144,1452,2671,3286,2357,3554,4404,3381,1339,589,109,2,11412,11412,751,1374,1802,1207,1691,2100,1669,626,172,20,0,11732,11732,701,1297,1484,1150,1863,2304,1712,713,417,89,2
전라북도 익산시 영등2동(4514064700),14333,14333,1227,2028,2342,1565,2737,2531,1042,590,234,37,0,7004,7004,628,1059,1213,768,1237,1274,508,234,77,6,0,7329,7329,599,969,1129,797,1500,1257,534,356,157,31,0
전라북도 익산시 어양동(4514065200),25251,25251,2185,3355,3564,3027,4895,4542,2218,967,428,66,4,12340,12340,1143,1694,1903,1499,2270,2255,1052,383,127,13,1,12911,12911,1042,1661,1661,1528,2625,2287,1166,584,301,53,3
전라북도 익산시 신동(4514065600),15686,15686,602,1197,4104,1477,1678,2268,2067,1452,701,129,11,7912,7912,308,568,2261,868,907,1134,978,665,203,19,1,7774,7774,294,629,1843,609,771,1134,1089,787,498,110,10
전라북도 익산시 팔봉동(4514067000),6717,6717,533,652,775,821,1045,1082,929,517,281,79,3,3467,3467,276,339,441,452,541,564,488,255,93,17,1,3250,3250,257,313,334,369,504,518,441,262,188,62,2
전라북도 익산시 삼성동(4514069000),31522,31522,2469,4130,4422,3327,5616,5826,3255,1557,802,117,1,15655,15655,1235,2075,2407,1676,2679,2987,1690,676,210,19,1,15867,15867,1234,2055,2015,1651,2937,2839,1565,881,592,98,0
전라북도 익산시함열출장소 (4514500000),0,0,0,0,0,0,0,0,0,0,0,0,0,0,0,0,0,0,0,0,0,0,0,0,0,0,0,0,0,0,0,0,0,0,0,0,0,0,0
전라북도 정읍시 (4518000000),107555,107555,6174,9499,10422,8667,14571,18192,17305,13243,8246,1172,64,53439,53439,3165,5040,5782,4614,7659,9832,8609,5759,2712,258,9,54116,54116,3009,4459,4640,4053,6912,8360,8696,7484,5534,914,55
전라북도 정읍시 신태인읍(4518025000),5431,5431,239,360,373,360,614,880,1025,931,569,76,4,2665,2665,119,217,209,209,350,478,510,387,164,22,0,2766,2766,120,143,164,151,264,402,515,544,405,54,4
전라북도 정읍시 북면(4518031000),4259,4259,174,277,366,308,457,824,824,576,396,52,5,2161,2161,80,151,209,169,256,463,435,266,124,8,0,2098,2098,94,126,157,139,201,361,389,310,272,44,5
전라북도 정읍시 입암면(4518032000),2850,2850,54,149,189,139,245,536,605,487,390,54,2,1430,1430,27,84,117,80,146,322,319,199,128,8,0,1420,1420,27,65,72,59,99,214,286,288,262,46,2
전라북도 정읍시 소성면(4518033000),2070,2070,63,74,110,113,179,345,411,420,318,36,1,1063,1063,39,41,69,69,116,214,208,194,105,8,0,1007,1007,24,33,41,44,63,131,203,226,213,28,1
전라북도 정읍시 고부면(4518034000),2779,2779,71,115,147,197,262,430,612,521,369,53,2,1392,1392,34,53,101,129,178,248,312,215,112,9,1,1387,1387,37,62,46,68,84,182,300,306,257,44,1
전라북도 정읍시 영원면(4518035000),1776,1776,49,71,111,81,154,258,382,373,251,44,2,881,881,30,36,63,51,101,152,196,166,79,7,0,895,895,19,35,48,30,53,106,186,207,172,37,2
전라북도 정읍시 덕천면(4518036000),1795,1795,37,99,131,87,180,343,371,294,213,38,2,910,910,18,57,76,57,110,196,189,138,59,10,0,885,885,19,42,55,30,70,147,182,156,154,28,2
전라북도 정읍시 이평면(4518037000),2079,2079,43,86,115,96,177,330,431,414,339,47,1,1029,1029,23,53,74,54,114,201,221,175,100,14,0,1050,1050,20,33,41,42,63,129,210,239,239,33,1
전라북도 정읍시 정우면(4518038000),2598,2598,82,110,163,144,234,455,545,470,348,44,3,1299,1299,49,49,101,80,145,274,283,197,111,10,0,1299,1299,33,61,62,64,89,181,262,273,237,34,3
전라북도 정읍시 태인면(4518039000),3407,3407,72,147,229,164,336,564,713,619,486,73,4,1693,1693,42,80,131,105,211,329,349,261,156,27,2,1714,1714,30,67,98,59,125,235,364,358,330,46,2
전라북도 정읍시 감곡면(4518040000),2785,2785,53,65,130,167,217,432,667,597,395,58,4,1394,1394,28,39,72,105,149,258,321,285,125,12,0,1391,1391,25,26,58,62,68,174,346,312,270,46,4
전라북도 정읍시 옹동면(4518041000),1675,1675,48,65,85,103,145,265,345,330,237,50,2,845,845,22,35,47,69,98,155,179,146,82,12,0,830,830,26,30,38,34,47,110,166,184,155,38,2
전라북도 정읍시 칠보면(4518042000),2316,2316,84,142,145,109,239,394,447,407,308,38,3,1192,1192,37,92,86,74,140,239,242,172,104,6,0,1124,1124,47,50,59,35,99,155,205,235,204,32,3
전라북도 정읍시 산내면(4518043000),1232,1232,32,54,74,48,81,243,292,230,156,21,1,626,626,15,30,46,33,49,140,166,91,52,4,0,606,606,17,24,28,15,32,103,126,139,104,17,1
전라북도 정읍시 산외면(4518044000),2088,2088,54,91,115,95,187,356,445,407,292,46,0,1054,1054,25,42,61,58,117,232,235,179,94,11,0,1034,1034,29,49,54,37,70,124,210,228,198,35,0
전라북도 정읍시 수성동(4518051000),17325,17325,1387,1983,2175,1892,3095,3001,1979,1190,554,61,8,8810,8810,705,1063,1228,998,1575,1584,969,505,173,10,0,8515,8515,682,920,947,894,1520,1417,1010,685,381,51,8
전라북도 정읍시 장명동(4518052000),2976,2976,144,286,328,232,471,533,421,331,204,25,1,1469,1469,67,143,176,117,247,293,219,134,69,4,0,1507,1507,77,143,152,115,224,240,202,197,135,21,1
전라북도 정읍시 내장상동(4518053500),20453,20453,1588,2713,2430,1827,3387,3372,2585,1617,807,122,5,9847,9847,802,1364,1269,884,1574,1696,1222,734,275,25,2,10606,10606,786,1349,1161,943,1813,1676,1363,883,532,97,3
전라북도 정읍시 시기동(4518054500),3319,3319,160,262,340,248,365,534,630,493,239,47,1,1602,1602,84,134,194,123,199,259,289,208,101,11,0,1717,1717,76,128,146,125,166,275,341,285,138,36,1
전라북도 정읍시 초산동(4518056500),10320,10320,960,1313,1213,1039,1721,1665,1232,774,369,33,1,5090,5090,515,739,662,497,804,807,587,339,134,6,0,5230,5230,445,574,551,542,917,858,645,435,235,27,1
전라북도 정읍시 연지동(4518057000),6009,6009,467,505,602,624,928,959,884,695,287,56,2,3004,3004,243,255,325,322,500,498,422,313,114,11,1,3005,3005,224,250,277,302,428,461,462,382,173,45,1
전라북도 정읍시 농소동(4518058000),4109,4109,187,308,426,294,479,786,754,507,323,39,6,1977,1977,92,163,231,155,245,407,364,207,100,11,2,2132,2132,95,145,195,139,234,379,390,300,223,28,4
전라북도 정읍시 상교동(4518059500),3904,3904,126,224,425,300,418,687,705,560,396,59,4,2006,2006,69,120,235,176,235,387,372,248,151,12,1,1898,1898,57,104,190,124,183,300,333,312,245,47,3
전라북도 남원시 (4519000000),80196,80196,4839,7154,7496,6269,10543,13620,13269,9765,6232,978,31,39331,39331,2567,3682,4197,3198,5406,7280,6609,4154,2011,221,6,40865,40865,2272,3472,3299,3071,5137,6340,6660,5611,4221,757,25
전라북도 남원시 운봉읍(4519025000),3849,3849,165,197,261,210,348,686,808,629,469,76,0,1849,1849,88,100,136,117,185,368,431,255,155,14,0,2000,2000,77,97,125,93,163,318,377,374,314,62,0
전라북도 남원시 주천면(4519031000),2628,2628,94,163,232,149,275,489,558,387,233,44,4,1339,1339,54,73,137,79,155,274,289,185,78,15,0,1289,1289,40,90,95,70,120,215,269,202,155,29,4
전라북도 남원시 수지면(4519032000),1132,1132,45,57,64,56,112,175,232,193,168,30,0,558,558,24,31,38,26,77,95,122,93,45,7,0,574,574,21,26,26,30,35,80,110,100,123,23,0
전라북도 남원시 송동면(4519033000),2033,2033,59,109,146,110,162,372,432,322,273,47,1,1004,1004,26,53,83,64,97,209,244,134,85,9,0,1029,1029,33,56,63,46,65,163,188,188,188,38,1
전라북도 남원시 주생면(4519034000),1833,1833,66,99,113,82,162,307,374,330,260,40,0,906,906,38,54,70,47,102,179,195,128,84,9,0,927,927,28,45,43,35,60,128,179,202,176,31,0
전라북도 남원시 금지면(4519035000),2309,2309,66,119,125,109,222,356,496,450,318,47,1,1098,1098,26,60,78,59,140,201,245,183,98,8,0,1211,1211,40,59,47,50,82,155,251,267,220,39,1
전라북도 남원시 대강면(4519036000),1619,1619,47,72,74,68,133,234,363,299,279,48,2,776,776,29,35,40,37,86,138,187,128,83,12,1,843,843,18,37,34,31,47,96,176,171,196,36,1
전라북도 남원시 대산면(4519037000),1657,1657,66,85,90,94,148,282,369,272,208,43,0,833,833,35,49,55,55,87,163,198,120,62,9,0,824,824,31,36,35,39,61,119,171,152,146,34,0
전라북도 남원시 사매면(4519038000),1485,1485,56,60,104,68,108,258,277,284,242,28,0,767,767,34,37,67,31,65,169,144,129,84,7,0,718,718,22,23,37,37,43,89,133,155,158,21,0
전라북도 남원시 덕과면(4519039000),962,962,25,34,60,50,71,158,231,184,129,20,0,502,502,19,20,35,28,51,99,122,81,39,8,0,460,460,6,14,25,22,20,59,109,103,90,12,0
전라북도 남원시 보절면(4519040000),1501,1501,53,65,97,55,129,234,274,304,254,35,1,755,755,28,33,54,29,89,139,136,146,91,9,1,746,746,25,32,43,26,40,95,138,158,163,26,0
전라북도 남원시 산동면(4519041000),1854,1854,65,83,125,91,163,326,356,344,262,37,2,916,916,34,44,75,49,102,195,178,155,77,7,0,938,938,31,39,50,42,61,131,178,189,185,30,2
전라북도 남원시 이백면(4519042000),2265,2265,93,148,175,126,213,405,440,331,277,55,2,1120,1120,52,83,87,76,113,228,245,136,88,12,0,1145,1145,41,65,88,50,100,177,195,195,189,43,2
전라북도 남원시 아영면(4519045000),1868,1868,86,115,90,95,163,310,398,346,228,34,3,915,915,51,58,52,52,102,181,198,144,69,7,1,953,953,35,57,38,43,61,129,200,202,159,27,2
전라북도 남원시 산내면(4519046000),2118,2118,82,179,143,89,258,501,362,289,196,19,0,1052,1052,42,96,78,51,126,285,196,123,54,1,0,1066,1066,40,83,65,38,132,216,166,166,142,18,0
전라북도 남원시 인월면(4519047000),2723,2723,116,194,168,150,288,523,601,420,224,37,2,1340,1340,61,115,108,68,156,280,295,168,82,7,0,1383,1383,55,79,60,82,132,243,306,252,142,30,2
전라북도 남원시 동충동(4519051000),3455,3455,175,344,372,274,448,594,552,432,236,28,0,1640,1640,94,173,215,137,211,293,246,175,87,9,0,1815,1815,81,171,157,137,237,301,306,257,149,19,0
전라북도 남원시 죽항동(4519052000),3341,3341,174,240,360,270,450,525,576,490,216,38,2,1571,1571,93,113,198,137,219,276,246,207,72,9,1,1770,1770,81,127,162,133,231,249,330,283,144,29,1
전라북도 남원시 노암동(4519054000),6186,6186,562,629,679,680,950,991,828,561,272,32,2,2975,2975,298,296,366,337,458,504,404,220,85,6,1,3211,3211,264,333,313,343,492,487,424,341,187,26,1
전라북도 남원시 금동(4519055000),6721,6721,551,757,621,630,1106,1029,985,682,313,47,0,3243,3243,282,368,358,301,559,526,462,276,101,10,0,3478,3478,269,389,263,329,547,503,523,406,212,37,0
전라북도 남원시 왕정동(4519056000),4173,4173,207,320,476,396,494,695,741,526,265,48,5,2040,2040,109,184,274,226,238,336,350,222,86,14,1,2133,2133,98,136,202,170,256,359,391,304,179,34,4
전라북도 남원시 향교동(4519057000),7107,7107,391,607,764,590,977,1302,1165,777,459,73,2,3598,3598,204,313,429,305,516,710,588,355,156,22,0,3509,3509,187,294,335,285,461,592,577,422,303,51,2
전라북도 남원시 도통동(4519059000),17377,17377,1595,2478,2157,1827,3163,2868,1851,913,451,72,2,8534,8534,846,1294,1164,887,1472,1432,888,391,150,10,0,8843,8843,749,1184,993,940,1691,1436,963,522,301,62,2
전라북도 김제시 (4521000000),82031,82031,4172,6102,7080,6486,9904,13507,14876,11414,7218,1231,41,40661,40661,2172,3115,3963,3448,5548,7378,7491,4989,2285,264,8,41370,41370,2000,2987,3117,3038,4356,6129,7385,6425,4933,967,33
전라북도 김제시 만경읍(4521025000),2642,2642,92,121,152,159,244,423,656,416,321,58,0,1340,1340,57,71,94,93,149,234,339,195,95,13,0,1302,1302,35,50,58,66,95,189,317,221,226,45,0
전라북도 김제시 죽산면(4521032000),2489,2489,59,101,122,123,221,350,600,491,366,55,1,1230,1230,33,58,79,73,143,205,299,229,105,5,1,1259,1259,26,43,43,50,78,145,301,262,261,50,0
전라북도 김제시 백산면(4521033000),2513,2513,66,114,151,162,241,428,549,479,272,48,3,1338,1338,38,63,94,107,156,277,284,220,90,9,0,1175,1175,28,51,57,55,85,151,265,259,182,39,3
전라북도 김제시 용지면(4521034000),3567,3567,89,158,266,208,327,579,788,644,417,88,3,1814,1814,45,87,150,120,216,323,427,293,126,25,2,1753,1753,44,71,116,88,111,256,361,351,291,63,1
전라북도 김제시 백구면(4521035000),3795,3795,126,199,263,265,379,657,780,645,410,70,1,1855,1855,65,91,139,141,234,356,401,287,119,21,1,1940,1940,61,108,124,124,145,301,379,358,291,49,0
전라북도 김제시 부량면(4521036000),1328,1328,43,61,83,87,107,191,293,246,187,30,0,631,631,22,36,50,49,70,101,140,100,57,6,0,697,697,21,25,33,38,37,90,153,146,130,24,0
전라북도 김제시 공덕면(4521038000),2533,2533,74,125,185,162,213,431,568,417,302,54,2,1299,1299,40,62,113,90,135,254,304,194,92,15,0,1234,1234,34,63,72,72,78,177,264,223,210,39,2
전라북도 김제시 청하면(4521039000),1772,1772,51,76,87,102,171,270,392,333,241,48,1,889,889,32,42,54,60,109,151,194,149,88,10,0,883,883,19,34,33,42,62,119,198,184,153,38,1
전라북도 김제시 성덕면(4521040000),1807,1807,51,78,107,103,181,271,392,356,221,45,2,912,912,23,46,67,62,116,158,215,150,66,9,0,895,895,28,32,40,41,65,113,177,206,155,36,2
전라북도 김제시 진봉면(4521041000),2634,2634,43,104,122,141,240,381,582,576,376,68,1,1267,1267,22,51,75,82,157,223,296,229,122,9,1,1367,1367,21,53,47,59,83,158,286,347,254,59,0
전라북도 김제시 금구면(4521042000),5033,5033,185,303,421,325,562,946,1009,776,439,64,3,2562,2562,95,158,228,182,345,520,531,342,142,19,0,2471,2471,90,145,193,143,217,426,478,434,297,45,3
전라북도 김제시 봉남면(4521043000),2237,2237,70,89,123,124,186,320,501,431,347,44,2,1102,1102,43,45,74,75,129,179,256,178,117,6,0,1135,1135,27,44,49,49,57,141,245,253,230,38,2
전라북도 김제시 황산면(4521044000),1882,1882,44,71,135,91,178,338,399,343,248,33,2,951,951,22,41,78,58,119,191,217,147,71,7,0,931,931,22,30,57,33,59,147,182,196,177,26,2
전라북도 김제시 금산면(4521045000),4588,4588,131,193,315,270,427,844,1010,789,505,97,7,2316,2316,59,107,191,159,264,476,527,347,159,27,0,2272,2272,72,86,124,111,163,368,483,442,346,70,7
전라북도 김제시 광활면(4521046000),1357,1357,44,59,81,78,141,206,277,280,161,30,0,702,702,23,27,52,47,103,119,141,122,57,11,0,655,655,21,32,29,31,38,87,136,158,104,19,0
전라북도 김제시 요촌동(4521051000),11110,11110,731,1012,1265,1108,1579,1807,1733,1135,617,119,4,5477,5477,381,491,686,570,822,949,813,522,215,26,2,5633,5633,350,521,579,538,757,858,920,613,402,93,2
전라북도 김제시 신풍동(4521052000),12812,12812,877,1405,1347,1199,1922,2132,1792,1277,763,98,0,6211,6211,452,716,730,604,961,1084,859,536,244,25,0,6601,6601,425,689,617,595,961,1048,933,741,519,73,0
전라북도 김제시 검산동(4521054000),11409,11409,975,1338,1280,1158,1829,1864,1455,914,496,100,0,5518,5518,492,676,688,566,895,986,688,370,145,12,0,5891,5891,483,662,592,592,934,878,767,544,351,88,0
전라북도 김제시 교월동(4521058000),6523,6523,421,495,575,621,756,1069,1100,866,529,82,9,3247,3247,228,247,321,310,425,592,560,379,175,9,1,3276,3276,193,248,254,311,331,477,540,487,354,73,8
전라북도 완주군 (4571000000),91127,91127,6675,8175,8844,9130,13417,15120,14271,9288,5357,817,33,46842,46842,3331,4270,4929,4736,7390,8456,7406,4327,1812,179,6,44285,44285,3344,3905,3915,4394,6027,6664,6865,4961,3545,638,27
전라북도 완주군 삼례읍(4571025000),14329,14329,697,1160,1765,1205,2062,2446,2370,1532,951,138,3,7368,7368,333,579,966,699,1137,1420,1182,698,322,30,2,6961,6961,364,581,799,506,925,1026,1188,834,629,108,1
전라북도 완주군 봉동읍(4571025300),25842,25842,2806,3355,2646,3282,4735,3645,2678,1668,874,148,5,13465,13465,1440,1752,1527,1639,2579,2053,1371,777,294,31,2,12377,12377,1366,1603,1119,1643,2156,1592,1307,891,580,117,3
전라북도 완주군 용진읍(4571025600),7114,7114,367,486,701,579,916,1307,1335,872,480,67,4,3685,3685,170,266,414,300,509,757,691,392,165,21,0,3429,3429,197,220,287,279,407,550,644,480,315,46,4
전라북도 완주군 상관면(4571032000),4383,4383,273,378,388,325,637,800,765,515,254,45,3,2252,2252,141,192,229,167,329,456,391,246,95,6,0,2131,2131,132,186,159,158,308,344,374,269,159,39,3
전라북도 완주군 이서면(4571033000),14270,14270,1634,1338,1369,2204,2497,2158,1595,950,455,67,3,7189,7189,808,679,693,1092,1342,1149,812,441,152,21,0,7081,7081,826,659,676,1112,1155,1009,783,509,303,46,3
전라북도 완주군 소양면(4571034000),6101,6101,229,342,522,421,595,1186,1364,861,513,64,4,3171,3171,110,193,294,243,359,642,714,426,179,10,1,2930,2930,119,149,228,178,236,544,650,435,334,54,3
전라북도 완주군 구이면(4571035000),5776,5776,189,372,530,361,572,1178,1282,762,462,64,4,2903,2903,88,188,281,182,305,633,701,367,147,11,0,2873,2873,101,184,249,179,267,545,581,395,315,53,4
전라북도 완주군 고산면(4571036000),4688,4688,239,277,370,341,541,837,896,692,419,75,1,2392,2392,120,165,218,185,318,454,471,309,132,19,1,2296,2296,119,112,152,156,223,383,425,383,287,56,0
전라북도 완주군 비봉면(4571037000),1888,1888,59,102,129,97,196,322,403,324,209,46,1,956,956,30,55,68,50,112,185,217,158,73,8,0,932,932,29,47,61,47,84,137,186,166,136,38,1
전라북도 완주군 운주면(4571038000),1924,1924,52,60,91,83,183,367,480,364,216,27,1,965,965,24,38,47,56,109,202,250,159,75,5,0,959,959,28,22,44,27,74,165,230,205,141,22,1
전라북도 완주군 화산면(4571039000),2736,2736,75,217,208,128,310,456,559,430,299,51,3,1436,1436,39,121,115,70,180,286,306,208,101,10,0,1300,1300,36,96,93,58,130,170,253,222,198,41,3
전라북도 완주군 동상면(4571040000),1094,1094,34,43,79,58,92,248,294,136,96,14,0,559,559,20,19,44,27,59,128,168,65,25,4,0,535,535,14,24,35,31,33,120,126,71,71,10,0
전라북도 완주군 경천면(4571041000),982,982,21,45,46,46,81,170,250,182,129,11,1,501,501,8,23,33,26,52,91,132,81,52,3,0,481,481,13,22,13,20,29,79,118,101,77,8,1
전라북도 진안군 (4572000000),25244,25244,1229,1647,1910,1581,2665,4455,5034,3796,2533,377,17,12756,12756,598,875,1093,766,1552,2518,2676,1754,831,88,5,12488,12488,631,772,817,815,1113,1937,2358,2042,1702,289,12
전라북도 진안군 진안읍(4572025000),10074,10074,661,833,938,816,1307,1683,1656,1242,818,111,9,5072,5072,319,430,528,384,741,933,870,563,273,27,4,5002,5002,342,403,410,432,566,750,786,679,545,84,5
전라북도 진안군 용담면(4572031000),837,837,16,27,32,23,68,176,238,153,88,14,2,415,415,8,16,17,15,42,97,119,71,26,3,1,422,422,8,11,15,8,26,79,119,82,62,11,1
전라북도 진안군 안천면(4572032000),1093,1093,42,82,65,47,90,198,231,186,127,25,0,533,533,17,43,41,22,48,106,123,84,43,6,0,560,560,25,39,24,25,42,92,108,102,84,19,0
전라북도 진안군 동향면(4572033000),1378,1378,49,83,68,53,117,247,311,241,180,29,0,654,654,20,44,36,19,65,136,168,114,44,8,0,724,724,29,39,32,34,52,111,143,127,136,21,0
전라북도 진안군 상전면(4572034000),857,857,34,38,46,57,67,156,208,138,108,5,0,444,444,15,15,31,30,42,88,116,67,38,2,0,413,413,19,23,15,27,25,68,92,71,70,3,0
전라북도 진안군 백운면(4572035000),1974,1974,83,90,142,99,187,365,427,310,228,41,2,1024,1024,45,50,82,62,116,212,222,145,84,6,0,950,950,38,40,60,37,71,153,205,165,144,35,2
전라북도 진안군 성수면(4572036000),1786,1786,67,83,130,97,178,290,396,315,200,30,0,900,900,33,46,72,40,109,176,217,150,52,5,0,886,886,34,37,58,57,69,114,179,165,148,25,0
전라북도 진안군 마령면(4572037000),1844,1844,58,80,144,83,142,336,369,361,236,34,1,922,922,32,42,73,42,92,196,190,160,85,10,0,922,922,26,38,71,41,50,140,179,201,151,24,1
전라북도 진안군 부귀면(4572038000),2844,2844,131,208,199,186,295,546,622,395,221,39,2,1469,1469,64,114,123,89,165,315,335,191,65,8,0,1375,1375,67,94,76,97,130,231,287,204,156,31,2
전라북도 진안군 정천면(4572039000),1065,1065,54,61,61,78,91,189,239,147,126,18,1,564,564,26,40,42,43,53,99,133,73,50,5,0,501,501,28,21,19,35,38,90,106,74,76,13,1
전라북도 진안군 주천면(4572040000),1492,1492,34,62,85,42,123,269,337,308,201,31,0,759,759,19,35,48,20,79,160,183,136,71,8,0,733,733,15,27,37,22,44,109,154,172,130,23,0
전라북도 무주군 (4573000000),23912,23912,1152,1812,1736,1676,2813,4143,4518,3332,2374,334,22,11915,11915,617,923,966,921,1564,2296,2327,1395,826,76,4,11997,11997,535,889,770,755,1249,1847,2191,1937,1548,258,18
전라북도 무주군 무주읍(4573025000),9423,9423,705,993,863,882,1433,1484,1315,984,649,108,7,4701,4701,378,492,472,456,753,828,650,420,232,20,0,4722,4722,327,501,391,426,680,656,665,564,417,88,7
전라북도 무주군 무풍면(4573031000),2228,2228,54,109,117,133,188,436,523,363,268,36,1,1108,1108,31,65,64,76,112,227,271,165,87,9,1,1120,1120,23,44,53,57,76,209,252,198,181,27,0
전라북도 무주군 설천면(4573032000),4030,4030,174,289,315,246,490,779,796,538,358,43,2,2030,2030,98,161,164,144,275,436,406,212,124,10,0,2000,2000,76,128,151,102,215,343,390,326,234,33,2
전라북도 무주군 적상면(4573033000),2586,2586,62,111,146,113,230,443,569,475,385,50,2,1276,1276,29,53,92,69,132,252,307,190,137,15,0,1310,1310,33,58,54,44,98,191,262,285,248,35,2
전라북도 무주군 안성면(4573034000),4245,4245,124,254,238,236,371,760,951,699,537,66,9,2101,2101,67,124,138,139,227,416,497,291,185,14,3,2144,2144,57,130,100,97,144,344,454,408,352,52,6
전라북도 무주군 부남면(4573035000),1400,1400,33,56,57,66,101,241,364,273,177,31,1,699,699,14,28,36,37,65,137,196,117,61,8,0,701,701,19,28,21,29,36,104,168,156,116,23,1
전라북도 장수군 (4574000000),21910,21910,1105,1640,1617,1507,2517,3629,4309,3098,2174,303,11,10935,10935,578,830,916,784,1426,2046,2204,1360,718,71,2,10975,10975,527,810,701,723,1091,1583,2105,1738,1456,232,9
전라북도 장수군 장수읍(4574025000),7343,7343,535,740,638,660,1013,1135,1206,843,503,68,2,3634,3634,282,351,350,326,552,634,585,360,181,12,1,3709,3709,253,389,288,334,461,501,621,483,322,56,1
전라북도 장수군 산서면(4574031000),2079,2079,65,114,130,111,188,339,402,375,307,47,1,1038,1038,36,63,81,64,116,192,203,171,93,19,0,1041,1041,29,51,49,47,72,147,199,204,214,28,1
전라북도 장수군 번암면(4574032000),2306,2306,69,120,137,119,199,370,555,421,272,42,2,1164,1164,44,66,73,70,122,206,293,192,92,6,0,1142,1142,25,54,64,49,77,164,262,229,180,36,2
전라북도 장수군 장계면(4574033500),4373,4373,241,354,363,299,560,760,810,543,390,52,1,2218,2218,121,199,211,152,302,437,418,247,120,11,0,2155,2155,120,155,152,147,258,323,392,296,270,41,1
전라북도 장수군 천천면(4574034000),2088,2088,49,94,123,118,183,361,511,354,254,39,2,1033,1033,23,48,73,70,107,206,263,148,86,9,0,1055,1055,26,46,50,48,76,155,248,206,168,30,2
전라북도 장수군 계남면(4574035000),2149,2149,79,135,146,119,224,400,445,328,246,26,1,1058,1058,43,61,82,64,126,226,230,138,83,5,0,1091,1091,36,74,64,55,98,174,215,190,163,21,1
전라북도 장수군 계북면(4574036000),1572,1572,67,83,80,81,150,264,380,234,202,29,2,790,790,29,42,46,38,101,145,212,104,63,9,1,782,782,38,41,34,43,49,119,168,130,139,20,1
전라북도 임실군 (4575000000),27038,27038,1330,1644,2017,1862,2761,4605,5081,4246,3039,436,17,13856,13856,714,866,1187,1032,1682,2632,2755,1861,1014,109,4,13182,13182,616,778,830,830,1079,1973,2326,2385,2025,327,13
전라북도 임실군 임실읍(4575025000),7364,7364,659,730,715,772,1065,1060,1017,771,503,71,1,3793,3793,365,374,415,409,602,589,521,346,160,12,0,3571,3571,294,356,300,363,463,471,496,425,343,59,1
전라북도 임실군 청웅면(4575031000),1285,1285,30,55,71,58,119,203,249,260,206,33,1,645,645,13,28,44,34,83,117,143,109,64,9,1,640,640,17,27,27,24,36,86,106,151,142,24,0
전라북도 임실군 운암면(4575032000),1612,1612,53,61,103,88,140,338,392,243,162,32,0,837,837,26,38,55,47,80,197,216,112,55,11,0,775,775,27,23,48,41,60,141,176,131,107,21,0
전라북도 임실군 신평면(4575033000),1436,1436,52,68,93,90,117,237,299,268,188,22,2,734,734,23,44,59,54,72,133,161,120,60,8,0,702,702,29,24,34,36,45,104,138,148,128,14,2
전라북도 임실군 성수면(4575034000),1656,1656,51,76,97,80,137,284,335,320,243,32,1,859,859,25,45,62,51,91,155,192,139,92,6,1,797,797,26,31,35,29,46,129,143,181,151,26,0
전라북도 임실군 오수면(4575035500),3664,3664,115,218,266,237,343,596,762,604,457,66,0,1847,1847,69,125,153,136,197,338,401,254,154,20,0,1817,1817,46,93,113,101,146,258,361,350,303,46,0
전라북도 임실군 신덕면(4575036000),1318,1318,35,49,84,64,111,246,280,238,184,26,1,686,686,21,19,53,34,72,154,167,95,64,6,1,632,632,14,30,31,30,39,92,113,143,120,20,0
전라북도 임실군 삼계면(4575037000),1519,1519,42,60,72,63,118,241,320,303,253,47,0,763,763,20,29,44,36,75,145,170,140,94,10,0,756,756,22,31,28,27,43,96,150,163,159,37,0
전라북도 임실군 관촌면(4575038000),3301,3301,159,164,255,215,306,635,660,523,344,36,4,1694,1694,88,78,142,120,193,369,341,246,104,13,0,1607,1607,71,86,113,95,113,266,319,277,240,23,4
전라북도 임실군 강진면(4575039000),1523,1523,42,71,129,68,145,307,295,264,172,28,2,807,807,20,43,81,44,109,173,168,112,51,6,0,716,716,22,28,48,24,36,134,127,152,121,22,2
전라북도 임실군 덕치면(4575040000),1162,1162,38,43,69,64,72,238,240,233,147,13,5,582,582,12,19,37,36,47,145,136,95,54,0,1,580,580,26,24,32,28,25,93,104,138,93,13,4
전라북도 임실군 지사면(4575041000),1198,1198,54,49,63,63,88,220,232,219,180,30,0,609,609,32,24,42,31,61,117,139,93,62,8,0,589,589,22,25,21,32,27,103,93,126,118,22,0
전라북도 순창군 (4577000000),27378,27378,1413,2177,2018,1889,3230,4442,4924,4123,2768,372,22,13366,13366,732,1123,1134,921,1829,2408,2526,1699,897,96,1,14012,14012,681,1054,884,968,1401,2034,2398,2424,1871,276,21
전라북도 순창군 순창읍(4577025000),10159,10159,817,1294,1045,958,1596,1543,1346,945,529,83,3,4947,4947,441,658,568,433,829,809,645,375,171,18,0,5212,5212,376,636,477,525,767,734,701,570,358,65,3
전라북도 순창군 인계면(4577031000),1528,1528,57,92,100,93,137,266,306,253,198,21,5,736,736,26,48,60,40,73,154,164,112,55,4,0,792,792,31,44,40,53,64,112,142,141,143,17,5
전라북도 순창군 동계면(4577032000),2000,2000,59,104,102,99,208,325,406,389,272,33,3,983,983,31,52,52,57,141,176,232,147,90,5,0,1017,1017,28,52,50,42,67,149,174,242,182,28,3
전라북도 순창군 풍산면(4577033000),1710,1710,62,82,89,104,182,267,328,328,240,26,2,850,850,28,42,59,63,113,152,168,144,74,7,0,860,860,34,40,30,41,69,115,160,184,166,19,2
전라북도 순창군 금과면(4577034000),1707,1707,42,68,89,104,136,304,415,289,230,29,1,848,848,21,38,53,63,89,160,232,119,66,7,0,859,859,21,30,36,41,47,144,183,170,164,22,1
전라북도 순창군 팔덕면(4577035000),1406,1406,54,72,69,102,119,240,275,249,206,19,1,701,701,29,42,39,50,78,141,141,106,71,4,0,705,705,25,30,30,52,41,99,134,143,135,15,1
전라북도 순창군 쌍치면(4577036000),1964,1964,62,120,111,90,184,358,455,334,214,36,0,970,970,26,67,66,46,108,177,248,144,74,14,0,994,994,36,53,45,44,76,181,207,190,140,22,0
전라북도 순창군 복흥면(4577037000),2166,2166,108,139,129,115,200,392,445,378,220,40,0,1038,1038,55,71,78,48,106,215,228,157,67,13,0,1128,1128,53,68,51,67,94,177,217,221,153,27,0
전라북도 순창군 적성면(4577038000),1299,1299,36,36,96,65,126,203,265,259,183,24,6,635,635,11,21,61,36,77,120,133,101,65,9,1,664,664,25,15,35,29,49,83,132,158,118,15,5
전라북도 순창군 유등면(4577039000),1100,1100,50,49,68,59,116,152,208,212,172,13,1,519,519,28,25,31,30,75,89,99,88,53,1,0,581,581,22,24,37,29,41,63,109,124,119,12,1
전라북도 순창군 구림면(4577040000),2339,2339,66,121,120,100,226,392,475,487,304,48,0,1139,1139,36,59,67,55,140,215,236,206,111,14,0,1200,1200,30,62,53,45,86,177,239,281,193,34,0
전라북도 고창군 (4579000000),54222,54222,2614,4161,4162,3774,6120,8912,9927,8315,5359,844,34,26821,26821,1386,2272,2371,2027,3466,4892,4933,3628,1708,136,2,27401,27401,1228,1889,1791,1747,2654,4020,4994,4687,3651,708,32
전라북도 고창군 고창읍(4579025000),21201,21201,1787,2616,2291,2065,3140,3398,2885,1819,1009,183,8,10494,10494,941,1425,1265,1025,1577,1697,1372,797,360,34,1,10707,10707,846,1191,1026,1040,1563,1701,1513,1022,649,149,7
전라북도 고창군 고수면(4579031000),2256,2256,48,100,147,118,192,406,488,414,295,46,2,1163,1163,24,61,90,73,123,243,276,185,85,3,0,1093,1093,24,39,57,45,69,163,212,229,210,43,2
전라북도 고창군 아산면(4579032000),2640,2640,76,99,156,137,242,484,561,509,323,50,3,1344,1344,37,56,94,80,153,297,281,226,111,8,1,1296,1296,39,43,62,57,89,187,280,283,212,42,2
전라북도 고창군 무장면(4579033000),2794,2794,81,207,168,126,251,456,545,580,340,38,2,1372,1372,46,123,102,63,159,262,259,240,112,6,0,1422,1422,35,84,66,63,92,194,286,340,228,32,2
전라북도 고창군 공음면(4579034000),2524,2524,59,119,130,141,209,402,554,502,355,50,3,1234,1234,35,53,82,86,125,234,267,233,110,9,0,1290,1290,24,66,48,55,84,168,287,269,245,41,3
전라북도 고창군 상하면(4579035000),2437,2437,63,156,154,117,243,410,485,476,293,39,1,1181,1181,38,94,86,61,145,227,238,204,79,9,0,1256,1256,25,62,68,56,98,183,247,272,214,30,1
전라북도 고창군 해리면(4579036000),2778,2778,77,103,143,132,221,423,634,613,374,56,2,1353,1353,41,47,80,82,151,256,295,289,107,5,0,1425,1425,36,56,63,50,70,167,339,324,267,51,2
전라북도 고창군 성송면(4579037000),1806,1806,39,52,74,93,143,288,412,347,310,47,1,883,883,18,32,49,55,92,180,198,157,91,11,0,923,923,21,20,25,38,51,108,214,190,219,36,1
전라북도 고창군 대산면(4579038000),3286,3286,75,144,166,155,278,578,713,661,452,63,1,1625,1625,43,79,101,95,179,313,384,275,143,13,0,1661,1661,32,65,65,60,99,265,329,386,309,50,1
전라북도 고창군 심원면(4579039000),2509,2509,65,103,148,158,251,489,529,459,267,39,1,1260,1260,38,51,78,96,170,273,267,197,85,5,0,1249,1249,27,52,70,62,81,216,262,262,182,34,1
전라북도 고창군 흥덕면(4579040000),3144,3144,82,154,207,175,313,535,682,540,393,60,3,1540,1540,43,74,123,103,179,293,358,229,130,8,0,1604,1604,39,80,84,72,134,242,324,311,263,52,3
전라북도 고창군 성내면(4579041000),1964,1964,43,71,118,107,182,283,441,389,282,48,0,1002,1002,20,51,72,62,124,164,238,172,91,8,0,962,962,23,20,46,45,58,119,203,217,191,40,0
전라북도 고창군 신림면(4579042000),2241,2241,48,110,140,116,209,359,457,430,311,58,3,1087,1087,25,53,80,59,132,207,241,184,101,5,0,1154,1154,23,57,60,57,77,152,216,246,210,53,3
전라북도 고창군 부안면(4579043000),2642,2642,71,127,120,134,246,401,541,576,355,67,4,1283,1283,37,73,69,87,157,246,259,240,103,12,0,1359,1359,34,54,51,47,89,155,282,336,252,55,4
전라북도 부안군 (4580000000),51686,51686,2514,3643,4180,3817,6043,8705,9763,7695,4676,628,22,25685,25685,1321,1911,2354,2066,3385,4773,4892,3352,1491,138,2,26001,26001,1193,1732,1826,1751,2658,3932,4871,4343,3185,490,20
전라북도 부안군 부안읍(4580025000),20948,20948,1645,2316,2150,2038,3104,3453,3032,1998,1097,110,5,10250,10250,857,1204,1183,1001,1546,1721,1495,862,361,20,0,10698,10698,788,1112,967,1037,1558,1732,1537,1136,736,90,5
전라북도 부안군 주산면(4580031000),1904,1904,40,57,112,103,140,297,454,375,276,48,2,931,931,22,38,63,63,94,174,222,157,89,9,0,973,973,18,19,49,40,46,123,232,218,187,39,2
전라북도 부안군 동진면(4580032000),2865,2865,57,119,194,155,260,475,582,563,401,59,0,1443,1443,35,61,113,90,175,287,305,237,125,15,0,1422,1422,22,58,81,65,85,188,277,326,276,44,0
전라북도 부안군 행안면(4580033000),2204,2204,66,109,158,173,222,393,455,340,244,42,2,1145,1145,22,60,84,110,140,232,261,146,78,11,1,1059,1059,44,49,74,63,82,161,194,194,166,31,1
전라북도 부안군 계화면(4580034000),3428,3428,101,151,199,224,380,493,771,715,353,39,2,1722,1722,42,76,105,144,242,295,366,317,124,11,0,1706,1706,59,75,94,80,138,198,405,398,229,28,2
전라북도 부안군 보안면(4580035000),2455,2455,47,82,131,103,191,436,572,490,357,44,2,1226,1226,24,50,73,61,131,243,298,221,113,11,1,1229,1229,23,32,58,42,60,193,274,269,244,33,1
전라북도 부안군 변산면(4580036000),4468,4468,203,283,364,348,510,841,917,625,329,47,1,2290,2290,116,139,206,201,311,465,454,288,101,9,0,2178,2178,87,144,158,147,199,376,463,337,228,38,1
전라북도 부안군 진서면(4580037000),2284,2284,71,101,153,134,212,395,580,411,196,28,3,1167,1167,41,61,106,74,122,223,275,197,63,5,0,1117,1117,30,40,47,60,90,172,305,214,133,23,3
전라북도 부안군 백산면(4580038000),2553,2553,48,91,150,113,220,414,529,531,398,57,2,1257,1257,25,48,85,78,142,243,267,221,131,17,0,1296,1296,23,43,65,35,78,171,262,310,267,40,2
전라북도 부안군 상서면(4580039000),2213,2213,62,87,164,118,176,408,456,407,300,34,1,1088,1088,36,46,85,72,106,239,248,170,83,3,0,1125,1125,26,41,79,46,70,169,208,237,217,31,1
전라북도 부안군 하서면(4580040000),2665,2665,71,107,172,130,254,443,566,528,341,51,2,1300,1300,40,55,100,71,143,268,279,216,113,15,0,1365,1365,31,52,72,59,111,175,287,312,228,36,2
전라북도 부안군 줄포면(4580041000),2558,2558,74,107,170,121,255,451,571,497,266,46,0,1260,1260,46,57,114,65,154,247,272,225,72,8,0,1298,1298,28,50,56,56,101,204,299,272,194,38,0
전라북도 부안군 위도면(4580042000),1141,1141,29,33,63,57,119,206,278,215,118,23,0,606,606,15,16,37,36,79,136,150,95,38,4,0,535,535,14,17,26,21,40,70,128,120,80,19,0
전라남도  (4600000000),1844148,1844148,129089,165294,198752,182942,257603,312389,277277,191492,112032,16622,656,927667,927667,65770,85729,111168,96318,137655,167869,139935,84394,35458,3292,79,916481,916481,63319,79565,87584,86624,119948,144520,137342,107098,76574,13330,577
전라남도 목포시 (4611000000),221156,221156,17460,24092,26896,24741,36878,35939,29269,17592,7281,971,37,110217,110217,9022,12350,14556,12791,19008,18100,13935,7783,2453,213,6,110939,110939,8438,11742,12340,11950,17870,17839,15334,9809,4828,758,31
전라남도 목포시 용당1동(4611051000),10494,10494,441,700,1070,963,1368,1734,2078,1483,579,76,2,5269,5269,236,350,595,558,779,907,942,668,217,17,0,5225,5225,205,350,475,405,589,827,1136,815,362,59,2
전라남도 목포시 용당2동(4611052000),5107,5107,213,303,518,437,677,838,1057,793,229,41,1,2578,2578,115,157,308,238,403,440,476,361,74,6,0,2529,2529,98,146,210,199,274,398,581,432,155,35,1
전라남도 목포시 연동(4611053500),4728,4728,159,316,410,369,634,816,872,766,339,43,4,2402,2402,76,158,232,223,404,461,412,314,105,15,2,2326,2326,83,158,178,146,230,355,460,452,234,28,2
전라남도 목포시 산정동(4611054500),9122,9122,640,996,1107,958,1441,1525,1291,776,338,48,2,4421,4421,311,513,562,516,719,728,582,370,109,10,1,4701,4701,329,483,545,442,722,797,709,406,229,38,1
전라남도 목포시 연산동(4611055400),9631,9631,1337,1132,1220,1620,1700,1211,809,418,159,25,0,4743,4743,694,575,623,792,847,594,370,196,50,2,0,4888,4888,643,557,597,828,853,617,439,222,109,23,0
전라남도 목포시 원산동(4611055800),12852,12852,919,1462,1734,1307,2172,2311,1626,911,372,38,0,6335,6335,487,746,973,694,1080,1146,739,359,103,8,0,6517,6517,432,716,761,613,1092,1165,887,552,269,30,0
전라남도 목포시 대성동(4611056500),5052,5052,456,462,530,677,807,789,686,423,205,15,2,2522,2522,256,233,272,344,437,394,334,184,65,3,0,2530,2530,200,229,258,333,370,395,352,239,140,12,2
전라남도 목포시 목원동(4611059500),7643,7643,207,405,710,582,980,1322,1522,1291,527,91,6,3901,3901,103,207,399,341,572,733,750,583,191,21,1,3742,3742,104,198,311,241,408,589,772,708,336,70,5
전라남도 목포시 동명동(4611064000),5408,5408,182,326,509,434,706,869,1063,935,346,36,2,2843,2843,89,173,295,262,443,485,494,435,153,13,1,2565,2565,93,153,214,172,263,384,569,500,193,23,1
전라남도 목포시 삼학동(4611064500),6063,6063,395,602,686,602,938,931,995,653,238,23,0,2974,2974,200,295,357,321,512,439,447,307,92,4,0,3089,3089,195,307,329,281,426,492,548,346,146,19,0
전라남도 목포시 만호동(4611065500),2856,2856,56,130,201,192,380,504,663,493,209,27,1,1526,1526,25,72,113,123,256,310,332,209,81,5,0,1330,1330,31,58,88,69,124,194,331,284,128,22,1
전라남도 목포시 유달동(4611066000),4186,4186,123,208,463,276,491,677,846,716,348,36,2,2256,2256,65,112,317,180,329,419,432,295,99,8,0,1930,1930,58,96,146,96,162,258,414,421,249,28,2
전라남도 목포시 죽교동(4611069500),3132,3132,133,222,310,247,413,507,573,494,211,22,0,1631,1631,62,107,185,152,248,299,299,211,66,2,0,1501,1501,71,115,125,95,165,208,274,283,145,20,0
전라남도 목포시 북항동(4611070500),9255,9255,663,994,1085,943,1493,1612,1366,757,313,29,0,4655,4655,369,495,614,510,800,787,630,336,109,5,0,4600,4600,294,499,471,433,693,825,736,421,204,24,0
전라남도 목포시 용해동(4611074500),17260,17260,1756,2466,1773,2039,3300,2499,1828,1051,486,60,2,8491,8491,887,1270,980,994,1664,1230,831,451,164,20,0,8769,8769,869,1196,793,1045,1636,1269,997,600,322,40,2
전라남도 목포시 이로동(4611075000),10851,10851,979,1455,1175,1157,1907,1596,1420,770,343,45,4,5351,5351,536,736,648,558,950,768,648,361,141,5,0,5500,5500,443,719,527,599,957,828,772,409,202,40,4
전라남도 목포시 상동(4611075600),21292,21292,1827,2395,2499,2483,3566,3441,2850,1509,624,95,3,10447,10447,963,1233,1328,1312,1743,1651,1362,664,169,22,0,10845,10845,864,1162,1171,1171,1823,1790,1488,845,455,73,3
전라남도 목포시 하당동(4611075700),11868,11868,802,1139,2195,1572,2045,1948,1299,578,249,38,3,6104,6104,423,631,1095,842,1082,1032,657,265,67,10,0,5764,5764,379,508,1100,730,963,916,642,313,182,28,3
전라남도 목포시 신흥동(4611075800),16525,16525,1262,1816,2570,1922,2695,3090,1966,793,357,52,2,8227,8227,645,948,1383,978,1307,1472,1005,352,126,11,0,8298,8298,617,868,1187,944,1388,1618,961,441,231,41,2
전라남도 목포시 삼향동(4611078000),4794,4794,393,500,549,539,796,765,674,380,171,27,0,2392,2392,184,276,285,276,413,393,330,176,56,3,0,2402,2402,209,224,264,263,383,372,344,204,115,24,0
전라남도 목포시 옥암동(4611079000),11365,11365,1122,1563,1478,1398,2135,1843,1075,498,221,32,0,5441,5441,558,766,763,636,978,890,523,225,94,8,0,5924,5924,564,797,715,762,1157,953,552,273,127,24,0
전라남도 목포시 부흥동(4611080000),8501,8501,674,858,1217,1052,1415,1597,985,464,211,27,1,4139,4139,330,456,637,543,712,743,455,180,75,7,1,4362,4362,344,402,580,509,703,854,530,284,136,20,0
전라남도 목포시 부주동(4611081000),23171,23171,2721,3642,2887,2972,4819,3514,1725,640,206,45,0,11569,11569,1408,1841,1592,1398,2330,1779,885,281,47,8,0,11602,11602,1313,1801,1295,1574,2489,1735,840,359,159,37,0
전라남도 여수시 (4613000000),279613,279613,20399,26086,33572,30511,41702,48396,41507,24715,10923,1700,102,142638,142638,10324,13560,19048,16370,22042,25463,20504,11334,3672,304,17,136975,136975,10075,12526,14524,14141,19660,22933,21003,13381,7251,1396,85
전라남도 여수시 돌산읍(4613025000),2679,2679,52,85,183,124,235,457,619,570,308,45,1,1352,1352,25,43,105,80,162,250,315,249,114,9,0,1327,1327,27,42,78,44,73,207,304,321,194,36,1
전라남도 여수시 돌산읍우두출장소(4613025100),8599,8599,554,660,753,796,1279,1390,1624,987,481,74,1,4487,4487,287,339,446,429,756,773,804,451,184,18,0,4112,4112,267,321,307,367,523,617,820,536,297,56,1
전라남도 여수시 돌산읍죽포출장소(4613025200),1935,1935,29,74,142,85,150,313,465,383,246,45,3,951,951,15,39,84,47,94,168,237,179,77,11,0,984,984,14,35,58,38,56,145,228,204,169,34,3
전라남도 여수시 소라면(4613031000),20410,20410,2034,2069,2213,2519,3219,3516,2603,1369,766,96,6,10408,10408,1067,1059,1258,1266,1697,1830,1348,613,249,20,1,10002,10002,967,1010,955,1253,1522,1686,1255,756,517,76,5
전라남도 여수시 율촌면(4613032000),6302,6302,264,317,459,433,729,1032,1255,1069,621,119,4,3262,3262,141,174,270,246,487,604,634,478,209,17,2,3040,3040,123,143,189,187,242,428,621,591,412,102,2
전라남도 여수시 화양면(4613033000),6499,6499,134,282,572,366,600,1210,1415,1123,664,129,4,3350,3350,72,159,330,218,383,706,773,490,192,27,0,3149,3149,62,123,242,148,217,504,642,633,472,102,4
전라남도 여수시 남면(4613034000),2800,2800,63,125,134,117,237,446,650,616,354,56,2,1423,1423,32,65,83,77,157,273,339,267,118,11,1,1377,1377,31,60,51,40,80,173,311,349,236,45,1
전라남도 여수시 화정면(4613035000),1337,1337,14,31,62,61,89,181,318,326,209,44,2,660,660,7,16,30,42,67,97,187,148,59,7,0,677,677,7,15,32,19,22,84,131,178,150,37,2
전라남도 여수시 화정면개도출장소(4613035600),812,812,18,38,51,28,77,137,163,174,106,19,1,403,403,10,17,29,12,47,92,80,79,32,5,0,409,409,8,21,22,16,30,45,83,95,74,14,1
전라남도 여수시 삼산면(4613036000),2051,2051,58,83,144,132,209,454,487,298,154,31,1,1153,1153,26,48,84,83,150,270,277,154,56,4,1,898,898,32,35,60,49,59,184,210,144,98,27,0
전라남도 여수시 동문동(4613051500),4789,4789,241,287,484,467,573,705,982,757,247,39,7,2428,2428,107,157,275,271,337,373,451,362,83,8,4,2361,2361,134,130,209,196,236,332,531,395,164,31,3
전라남도 여수시 한려동(4613053500),3175,3175,106,191,370,315,344,467,598,539,223,21,1,1583,1583,44,100,192,190,198,258,266,240,89,6,0,1592,1592,62,91,178,125,146,209,332,299,134,15,1
전라남도 여수시 중앙동(4613057000),4375,4375,146,282,414,337,550,707,959,704,242,27,7,2174,2174,70,157,238,185,313,378,413,316,96,8,0,2201,2201,76,125,176,152,237,329,546,388,146,19,7
전라남도 여수시 충무동(4613060000),4046,4046,112,221,353,298,473,648,839,778,288,31,5,2088,2088,68,110,211,183,292,367,393,350,104,9,1,1958,1958,44,111,142,115,181,281,446,428,184,22,4
전라남도 여수시 광림동(4613062500),6130,6130,215,299,662,550,747,1028,1262,979,337,45,6,3169,3169,125,171,377,330,449,542,580,460,124,10,1,2961,2961,90,128,285,220,298,486,682,519,213,35,5
전라남도 여수시 서강동(4613063500),3783,3783,144,235,423,295,434,599,798,570,244,39,2,1870,1870,60,116,234,167,246,311,352,284,95,5,0,1913,1913,84,119,189,128,188,288,446,286,149,34,2
전라남도 여수시 대교동(4613065500),5429,5429,164,260,458,433,627,893,1223,960,355,49,7,2762,2762,74,124,265,235,403,507,548,455,141,10,0,2667,2667,90,136,193,198,224,386,675,505,214,39,7
전라남도 여수시 국동(4613067000),11475,11475,687,904,1226,1085,1572,2047,2132,1316,448,50,8,5795,5795,352,470,706,605,877,1002,984,618,177,4,0,5680,5680,335,434,520,480,695,1045,1148,698,271,46,8
전라남도 여수시 월호동(4613068500),6926,6926,434,628,718,645,945,1139,1378,768,241,27,3,3474,3474,217,319,399,339,498,561,672,369,93,6,1,3452,3452,217,309,319,306,447,578,706,399,148,21,2
전라남도 여수시 여서동(4613070000),18919,18919,1180,1861,2525,1979,2759,3407,3110,1395,615,86,2,9326,9326,572,965,1424,1029,1375,1636,1485,610,219,11,0,9593,9593,608,896,1101,950,1384,1771,1625,785,396,75,2
전라남도 여수시 문수동(4613071000),21619,21619,1842,2324,2732,2554,3578,3507,2882,1480,606,114,0,10871,10871,958,1174,1508,1340,1784,1805,1432,657,197,16,0,10748,10748,884,1150,1224,1214,1794,1702,1450,823,409,98,0
전라남도 여수시 미평동(4613073000),11836,11836,627,1083,1790,1234,1793,2225,1712,929,390,53,0,6351,6351,320,582,1075,722,984,1228,918,404,109,9,0,5485,5485,307,501,715,512,809,997,794,525,281,44,0
전라남도 여수시 둔덕동(4613074000),10271,10271,752,1191,1406,1120,1665,1889,1409,620,183,35,1,5181,5181,377,630,759,617,790,946,701,292,63,6,0,5090,5090,375,561,647,503,875,943,708,328,120,29,1
전라남도 여수시 만덕동(4613076500),10505,10505,1027,929,1078,1378,1567,1557,1546,991,372,53,7,5292,5292,516,479,592,727,844,767,745,483,133,6,0,5213,5213,511,450,486,651,723,790,801,508,239,47,7
전라남도 여수시 쌍봉동(4613078000),32544,32544,2659,3843,5142,3948,5466,5958,3397,1465,565,94,7,16732,16732,1328,1994,2985,2086,2651,3106,1689,717,165,11,0,15812,15812,1331,1849,2157,1862,2815,2852,1708,748,400,83,7
전라남도 여수시 시전동(4613079000),37101,37101,4619,4455,4531,5578,6469,6117,3396,1273,559,103,1,18622,18622,2339,2350,2418,2736,3169,3130,1705,594,163,17,1,18479,18479,2280,2105,2113,2842,3300,2987,1691,679,396,86,0
전라남도 여수시 여천동(4613080000),21474,21474,1168,2004,3297,2269,3278,4565,2891,1294,605,102,1,11345,11345,593,996,1965,1377,1727,2420,1482,589,177,19,0,10129,10129,575,1008,1332,892,1551,2145,1409,705,428,83,1
전라남도 여수시 주삼동(4613081000),8200,8200,969,1134,891,1124,1650,1081,705,454,165,25,2,4201,4201,482,611,471,575,850,621,331,202,53,3,2,3999,3999,487,523,420,549,800,460,374,252,112,22,0
전라남도 여수시 삼일동(4613082000),2425,2425,66,130,250,178,268,488,468,340,201,26,10,1319,1319,33,70,170,111,168,297,244,156,61,7,2,1106,1106,33,60,80,67,100,191,224,184,140,19,8
전라남도 여수시 묘도동(4613083000),1167,1167,21,61,109,63,120,233,221,188,128,23,0,606,606,7,26,65,45,87,145,119,68,40,4,0,561,561,14,35,44,18,33,88,102,120,88,19,0
전라남도 순천시 (4615000000),282069,282069,23144,29839,37330,33046,43113,49213,35253,19038,10405,1615,73,140756,140756,11839,15564,20359,16938,21265,24820,17653,8575,3421,315,7,141313,141313,11305,14275,16971,16108,21848,24393,17600,10463,6984,1300,66
전라남도 순천시 승주읍(4615025000),2692,2692,44,117,196,114,213,524,576,455,390,62,1,1330,1330,31,53,122,61,129,315,311,189,103,16,0,1362,1362,13,64,74,53,84,209,265,266,287,46,1
전라남도 순천시 해룡면(4615031000),4570,4570,122,198,404,267,453,869,944,721,508,83,1,2355,2355,55,107,239,167,285,516,491,318,165,12,0,2215,2215,67,91,165,100,168,353,453,403,343,71,1
전라남도 순천시 해룡면상삼출장소(4615031500),18289,18289,1476,2516,3148,2188,3316,3567,1286,473,279,37,3,9033,9033,740,1330,1703,1099,1477,1764,654,185,76,5,0,9256,9256,736,1186,1445,1089,1839,1803,632,288,203,32,3
전라남도 순천시 해룡면신대출장소(4615031600),33148,33148,5922,5012,3234,6666,6947,3473,1320,387,159,27,1,16859,16859,3040,2666,1690,3253,3438,1879,693,157,41,2,0,16289,16289,2882,2346,1544,3413,3509,1594,627,230,118,25,1
전라남도 순천시 서면(4615032000),11987,11987,760,1010,1261,1119,1657,2197,2001,1199,678,103,2,5993,5993,403,538,662,592,853,1174,1021,539,192,19,0,5994,5994,357,472,599,527,804,1023,980,660,486,84,2
전라남도 순천시 황전면(4615033000),2924,2924,55,97,150,117,213,469,647,646,453,76,1,1469,1469,26,52,89,77,148,289,328,300,141,19,0,1455,1455,29,45,61,40,65,180,319,346,312,57,1
전라남도 순천시 월등면(4615034000),1784,1784,34,67,119,96,130,301,422,336,239,39,1,850,850,17,27,55,56,84,166,236,134,69,6,0,934,934,17,40,64,40,46,135,186,202,170,33,1
전라남도 순천시 주암면(4615035000),3151,3151,56,118,186,142,221,523,708,635,488,73,1,1590,1590,31,67,116,99,153,311,353,285,160,15,0,1561,1561,25,51,70,43,68,212,355,350,328,58,1
전라남도 순천시 송광면(4615036000),1532,1532,18,39,76,68,125,272,322,317,255,33,7,796,796,13,23,45,48,86,172,191,132,77,6,3,736,736,5,16,31,20,39,100,131,185,178,27,4
전라남도 순천시 외서면(4615037000),872,872,15,42,52,27,55,143,190,171,140,36,1,418,418,9,21,32,15,35,89,99,80,34,3,1,454,454,6,21,20,12,20,54,91,91,106,33,0
전라남도 순천시 낙안면(4615038000),3256,3256,80,146,230,143,241,531,776,624,414,69,2,1576,1576,39,81,119,76,145,286,398,282,137,13,0,1680,1680,41,65,111,67,96,245,378,342,277,56,2
전라남도 순천시 별량면(4615039000),5537,5537,138,283,419,269,513,969,1137,924,779,101,5,2766,2766,71,143,242,158,326,547,604,408,249,17,1,2771,2771,67,140,177,111,187,422,533,516,530,84,4
전라남도 순천시 상사면(4615040000),2836,2836,58,151,280,149,266,565,582,443,288,50,4,1457,1457,38,84,172,93,149,314,309,192,96,10,0,1379,1379,20,67,108,56,117,251,273,251,192,40,4
전라남도 순천시 향동(4615051500),3675,3675,136,260,355,279,430,557,774,577,265,40,2,1804,1804,67,140,200,157,232,285,360,280,76,7,0,1871,1871,69,120,155,122,198,272,414,297,189,33,2
전라남도 순천시 매곡동(4615054000),6839,6839,417,588,1164,833,864,994,923,671,345,38,2,3402,3402,205,324,622,454,437,495,423,304,130,8,0,3437,3437,212,264,542,379,427,499,500,367,215,30,2
전라남도 순천시 삼산동(4615055000),25310,25310,1923,2658,3863,2838,3724,4495,3465,1536,691,108,9,12401,12401,979,1332,2109,1425,1818,2076,1680,720,241,20,1,12909,12909,944,1326,1754,1413,1906,2419,1785,816,450,88,8
전라남도 순천시 조곡동(4615056000),6264,6264,344,528,749,618,869,1149,1077,606,268,53,3,3169,3169,181,280,412,341,440,597,509,291,107,11,0,3095,3095,163,248,337,277,429,552,568,315,161,42,3
전라남도 순천시 덕연동(4615057000),44222,44222,3306,5245,6593,4962,6972,8565,5548,2034,856,130,11,22070,22070,1636,2738,3671,2577,3309,4092,2773,952,293,28,1,22152,22152,1670,2507,2922,2385,3663,4473,2775,1082,563,102,10
전라남도 순천시 풍덕동(4615058000),7728,7728,359,588,924,758,964,1327,1395,961,395,56,1,3846,3846,195,307,515,402,539,630,655,418,173,12,0,3882,3882,164,281,409,356,425,697,740,543,222,44,1
전라남도 순천시 남제동(4615059000),8825,8825,342,664,1103,778,1053,1700,1606,1068,450,59,2,4459,4459,184,353,623,410,590,866,746,492,185,10,0,4366,4366,158,311,480,368,463,834,860,576,265,49,2
전라남도 순천시 저전동(4615060000),2847,2847,120,185,339,248,307,460,525,435,193,35,0,1393,1393,62,93,177,143,159,222,245,187,97,8,0,1454,1454,58,92,162,105,148,238,280,248,96,27,0
전라남도 순천시 장천동(4615061000),2333,2333,53,106,260,214,271,452,494,316,138,28,1,1217,1217,29,60,130,132,162,256,233,147,60,8,0,1116,1116,24,46,130,82,109,196,261,169,78,20,1
전라남도 순천시 중앙동(4615062000),3065,3065,84,200,368,278,402,528,578,408,190,25,4,1563,1563,44,108,220,162,204,282,279,188,66,10,0,1502,1502,40,92,148,116,198,246,299,220,124,15,4
전라남도 순천시 도사동(4615063500),18475,18475,2083,1727,2178,2548,2855,3085,2194,1111,585,104,5,9315,9315,1097,905,1203,1283,1460,1549,1089,527,184,18,0,9160,9160,986,822,975,1265,1395,1536,1105,584,401,86,5
전라남도 순천시 왕조1동(4615066100),40290,40290,3431,4750,6368,4944,6693,7624,4127,1494,738,118,3,19959,19959,1748,2466,3376,2488,3132,3730,2131,658,204,26,0,20331,20331,1683,2284,2992,2456,3561,3894,1996,836,534,92,3
전라남도 순천시 왕조2동(4615066500),19618,19618,1768,2544,3311,2383,3359,3874,1636,490,221,32,0,9666,9666,899,1266,1815,1170,1475,1918,842,210,65,6,0,9952,9952,869,1278,1496,1213,1884,1956,794,280,156,26,0
전라남도 나주시 (4617000000),116332,116332,10106,9579,12438,14591,16630,17343,16364,11466,6755,1029,31,58605,58605,5163,4944,6567,7608,9230,9477,8334,5027,2038,212,5,57727,57727,4943,4635,5871,6983,7400,7866,8030,6439,4717,817,26
전라남도 나주시 남평읍(4617025000),12060,12060,1088,780,1207,1589,1685,1976,1937,1129,582,86,1,6071,6071,555,406,639,821,956,1007,977,514,177,19,0,5989,5989,533,374,568,768,729,969,960,615,405,67,1
전라남도 나주시 세지면(4617031000),2606,2606,47,141,188,121,220,471,565,485,313,53,2,1304,1304,21,72,106,68,158,278,300,207,89,5,0,1302,1302,26,69,82,53,62,193,265,278,224,48,2
전라남도 나주시 왕곡면(4617032000),2893,2893,54,131,257,153,255,524,629,474,366,48,2,1521,1521,30,76,148,104,173,323,342,212,108,5,0,1372,1372,24,55,109,49,82,201,287,262,258,43,2
전라남도 나주시 반남면(4617033000),1437,1437,17,48,96,66,125,251,316,280,202,36,0,708,708,8,25,60,50,81,140,159,132,46,7,0,729,729,9,23,36,16,44,111,157,148,156,29,0
전라남도 나주시 공산면(4617034000),2306,2306,82,121,146,121,218,356,513,423,292,30,4,1156,1156,38,64,88,72,135,211,277,179,88,4,0,1150,1150,44,57,58,49,83,145,236,244,204,26,4
전라남도 나주시 동강면(4617035000),2485,2485,45,83,166,116,192,380,573,525,353,52,0,1237,1237,19,50,106,68,132,219,315,213,102,13,0,1248,1248,26,33,60,48,60,161,258,312,251,39,0
전라남도 나주시 다시면(4617036000),3566,3566,64,158,234,196,302,597,827,656,461,68,3,1790,1790,30,93,137,132,198,328,444,279,137,11,1,1776,1776,34,65,97,64,104,269,383,377,324,57,2
전라남도 나주시 문평면(4617037000),1953,1953,34,54,123,90,153,338,439,372,304,44,2,947,947,14,28,72,49,104,200,235,146,91,8,0,1006,1006,20,26,51,41,49,138,204,226,213,36,2
전라남도 나주시 노안면(4617038000),4643,4643,94,167,340,271,373,885,1097,776,533,105,2,2402,2402,57,88,195,161,255,519,593,349,161,24,0,2241,2241,37,79,145,110,118,366,504,427,372,81,2
전라남도 나주시 금천면(4617039000),4263,4263,118,208,374,302,432,751,868,747,401,60,2,2239,2239,65,115,211,195,265,456,455,329,134,13,1,2024,2024,53,93,163,107,167,295,413,418,267,47,1
전라남도 나주시 산포면(4617040000),3379,3379,83,133,302,242,343,677,712,516,327,44,0,1764,1764,38,69,171,147,228,408,370,229,92,12,0,1615,1615,45,64,131,95,115,269,342,287,235,32,0
전라남도 나주시 다도면(4617042000),1873,1873,29,55,104,93,142,385,446,350,233,34,2,977,977,18,24,58,58,90,236,258,152,72,10,1,896,896,11,31,46,35,52,149,188,198,161,24,1
전라남도 나주시 봉황면(4617043000),4209,4209,102,196,296,226,363,728,917,803,505,70,3,2183,2183,54,110,176,134,247,448,485,353,160,15,1,2026,2026,48,86,120,92,116,280,432,450,345,55,2
전라남도 나주시 송월동(4617051000),7683,7683,609,850,1191,932,1194,1304,814,481,272,34,2,3812,3812,307,418,657,507,591,676,388,182,77,9,0,3871,3871,302,432,534,425,603,628,426,299,195,25,2
전라남도 나주시 영강동(4617052000),2697,2697,142,216,322,267,385,452,422,292,166,33,0,1337,1337,67,117,188,134,217,238,198,123,51,4,0,1360,1360,75,99,134,133,168,214,224,169,115,29,0
전라남도 나주시 금남동(4617054000),4892,4892,222,358,516,370,592,831,868,732,347,55,1,2466,2466,123,221,289,195,318,439,422,320,126,13,0,2426,2426,99,137,227,175,274,392,446,412,221,42,1
전라남도 나주시 성북동(4617055000),8739,8739,704,901,1292,901,1352,1436,1058,708,327,58,2,4392,4392,373,480,718,462,694,738,490,315,109,13,0,4347,4347,331,421,574,439,658,698,568,393,218,45,2
전라남도 나주시 영산동(4617058000),3252,3252,106,249,266,212,309,598,642,524,294,52,0,1637,1637,61,111,142,116,195,354,333,226,84,15,0,1615,1615,45,138,124,96,114,244,309,298,210,37,0
전라남도 나주시 이창동(4617060000),3417,3417,118,204,388,293,418,595,665,456,241,37,2,1815,1815,57,107,221,171,256,379,342,210,67,5,0,1602,1602,61,97,167,122,162,216,323,246,174,32,2
전라남도 나주시 빛가람동(4617062000),37979,37979,6348,4526,4630,8030,7577,3808,2056,737,236,30,1,18847,18847,3228,2270,2185,3964,3937,1880,951,357,67,7,1,19132,19132,3120,2256,2445,4066,3640,1928,1105,380,169,23,0
전라남도 광양시 (4623000000),150701,150701,13049,15800,19885,18179,23507,29108,17417,8251,4707,781,17,78627,78627,6626,8173,11583,9765,12091,15905,9168,3689,1491,134,2,72074,72074,6423,7627,8302,8414,11416,13203,8249,4562,3216,647,15
전라남도 광양시 광양읍(4623025000),48566,48566,4327,5081,6068,5831,7927,8472,6034,2970,1580,271,5,24848,24848,2195,2656,3341,2990,4157,4509,3128,1324,497,51,0,23718,23718,2132,2425,2727,2841,3770,3963,2906,1646,1083,220,5
전라남도 광양시 봉강면(4623031000),2181,2181,66,129,209,140,207,438,409,303,231,48,1,1137,1137,44,77,128,80,124,252,216,128,74,13,1,1044,1044,22,52,81,60,83,186,193,175,157,35,0
전라남도 광양시 옥룡면(4623032000),3058,3058,77,136,259,148,269,643,621,487,358,58,2,1506,1506,34,66,158,78,141,371,328,208,110,11,1,1552,1552,43,70,101,70,128,272,293,279,248,47,1
전라남도 광양시 옥곡면(4623033000),4810,4810,247,277,609,473,536,1066,752,479,318,53,0,2470,2470,130,140,358,264,273,572,390,218,118,7,0,2340,2340,117,137,251,209,263,494,362,261,200,46,0
전라남도 광양시 진상면(4623034000),2832,2832,64,126,205,166,213,541,577,512,363,63,2,1417,1417,26,78,127,94,128,314,295,222,122,11,0,1415,1415,38,48,78,72,85,227,282,290,241,52,2
전라남도 광양시 진월면(4623035000),2795,2795,74,82,193,154,253,489,598,536,342,71,3,1380,1380,31,45,121,91,157,292,292,229,115,7,0,1415,1415,43,37,72,63,96,197,306,307,227,64,3
전라남도 광양시 다압면(4623036000),1799,1799,40,88,117,96,160,335,418,302,211,31,1,904,904,18,44,77,54,107,185,222,116,75,6,0,895,895,22,44,40,42,53,150,196,186,136,25,1
전라남도 광양시 골약동(4623051500),1580,1580,30,54,125,114,158,293,303,270,196,37,0,871,871,13,34,74,69,112,198,168,127,70,6,0,709,709,17,20,51,45,46,95,135,143,126,31,0
전라남도 광양시 중마동(4623053000),57455,57455,6329,7247,8204,8403,10406,10906,4023,1262,600,74,1,30260,30260,3216,3715,4725,4506,5209,5968,2172,557,181,11,0,27195,27195,3113,3532,3479,3897,5197,4938,1851,705,419,63,1
전라남도 광양시 광영동(4623054000),11925,11925,886,1143,1586,1231,1853,2719,1646,576,252,33,0,6328,6328,456,579,940,691,986,1493,853,264,62,4,0,5597,5597,430,564,646,540,867,1226,793,312,190,29,0
전라남도 광양시 금호동(4623055000),11929,11929,856,1308,2128,1296,1332,2820,1698,352,114,23,2,6519,6519,435,666,1410,758,564,1527,919,207,28,5,0,5410,5410,421,642,718,538,768,1293,779,145,86,18,2
전라남도 광양시 태인동(4623057000),1771,1771,53,129,182,127,193,386,338,202,142,19,0,987,987,28,73,124,90,133,224,185,89,39,2,0,784,784,25,56,58,37,60,162,153,113,103,17,0
전라남도 담양군 (4671000000),46624,46624,2331,2981,4770,3676,5269,8212,8534,6301,3923,601,26,23627,23627,1164,1556,2825,1892,3021,4492,4435,2824,1285,133,0,22997,22997,1167,1425,1945,1784,2248,3720,4099,3477,2638,468,26
전라남도 담양군 담양읍(4671025000),15158,15158,1137,1242,1749,1619,2054,2440,2232,1629,901,148,7,7650,7650,551,666,999,826,1121,1283,1129,737,306,32,0,7508,7508,586,576,750,793,933,1157,1103,892,595,116,7
전라남도 담양군 봉산면(4671031000),2780,2780,128,108,220,203,290,509,590,441,244,46,1,1415,1415,62,56,125,105,193,286,296,194,89,9,0,1365,1365,66,52,95,98,97,223,294,247,155,37,1
전라남도 담양군 고서면(4671032000),3151,3151,111,159,271,224,308,589,685,499,263,39,3,1579,1579,54,78,148,124,179,312,367,222,84,11,0,1572,1572,57,81,123,100,129,277,318,277,179,28,3
전라남도 담양군 가사문학면(4671033500),1237,1237,28,50,88,75,106,244,288,189,142,26,1,627,627,9,26,48,38,61,138,163,88,49,7,0,610,610,19,24,40,37,45,106,125,101,93,19,1
전라남도 담양군 창평면(4671034000),3680,3680,138,226,307,240,360,691,734,562,379,41,2,1862,1862,75,115,175,124,216,377,397,242,132,9,0,1818,1818,63,111,132,116,144,314,337,320,247,32,2
전라남도 담양군 대덕면(4671035000),1937,1937,60,105,174,118,178,387,408,285,189,32,1,1001,1001,34,64,96,62,101,209,237,127,66,5,0,936,936,26,41,78,56,77,178,171,158,123,27,1
전라남도 담양군 무정면(4671036000),2747,2747,65,107,553,140,215,427,506,406,285,42,1,1534,1534,34,55,464,79,126,238,255,184,89,10,0,1213,1213,31,52,89,61,89,189,251,222,196,32,1
전라남도 담양군 금성면(4671037000),2617,2617,86,113,212,181,251,457,537,427,299,49,5,1326,1326,43,58,116,104,168,262,264,198,102,11,0,1291,1291,43,55,96,77,83,195,273,229,197,38,5
전라남도 담양군 용면(4671038000),1848,1848,68,80,162,111,167,331,407,315,178,27,2,916,916,40,37,84,50,104,180,201,148,63,9,0,932,932,28,43,78,61,63,151,206,167,115,18,2
전라남도 담양군 월산면(4671039000),2480,2480,105,119,188,191,244,450,521,401,232,27,2,1247,1247,47,58,105,89,151,257,271,195,71,3,0,1233,1233,58,61,83,102,93,193,250,206,161,24,2
전라남도 담양군 수북면(4671040000),4555,4555,203,320,431,276,569,867,862,568,390,68,1,2284,2284,112,178,232,144,307,475,453,254,109,20,0,2271,2271,91,142,199,132,262,392,409,314,281,48,1
전라남도 담양군 대전면(4671041000),4434,4434,202,352,415,298,527,820,764,579,421,56,0,2186,2186,103,165,233,147,294,475,402,235,125,7,0,2248,2248,99,187,182,151,233,345,362,344,296,49,0
전라남도 곡성군 (4672000000),27916,27916,1047,1894,2276,1693,2990,4893,5114,4215,3235,543,16,13674,13674,535,1007,1254,901,1656,2705,2686,1811,1011,104,4,14242,14242,512,887,1022,792,1334,2188,2428,2404,2224,439,12
전라남도 곡성군 곡성읍(4672025000),7822,7822,456,652,767,625,1047,1287,1262,981,633,106,6,3779,3779,231,345,415,296,538,691,612,429,206,15,1,4043,4043,225,307,352,329,509,596,650,552,427,91,5
전라남도 곡성군 오곡면(4672031000),1880,1880,61,128,107,99,170,298,401,321,264,30,1,926,926,29,70,64,62,98,166,215,125,90,7,0,954,954,32,58,43,37,72,132,186,196,174,23,1
전라남도 곡성군 삼기면(4672032000),1676,1676,26,85,100,64,145,282,358,305,259,52,0,823,823,10,49,64,43,94,149,194,126,83,11,0,853,853,16,36,36,21,51,133,164,179,176,41,0
전라남도 곡성군 석곡면(4672033000),2353,2353,70,127,146,111,201,423,444,397,372,61,1,1114,1114,41,73,82,59,105,233,227,175,107,11,1,1239,1239,29,54,64,52,96,190,217,222,265,50,0
전라남도 곡성군 목사동면(4672034000),1332,1332,19,37,73,62,97,246,279,256,232,28,3,651,651,13,14,45,42,61,139,149,108,75,5,0,681,681,6,23,28,20,36,107,130,148,157,23,3
전라남도 곡성군 죽곡면(4672035000),1924,1924,41,89,130,83,165,353,415,352,243,53,0,938,938,26,49,68,44,87,192,225,161,78,8,0,986,986,15,40,62,39,78,161,190,191,165,45,0
전라남도 곡성군 고달면(4672036000),1167,1167,33,44,81,45,78,202,235,234,189,26,0,579,579,21,19,49,28,53,117,130,99,60,3,0,588,588,12,25,32,17,25,85,105,135,129,23,0
전라남도 곡성군 옥과면(4672037000),4171,4171,193,396,459,335,497,758,662,492,319,58,2,2072,2072,87,208,244,181,263,410,342,221,98,17,1,2099,2099,106,188,215,154,234,348,320,271,221,41,1
전라남도 곡성군 입면(4672038000),2457,2457,65,198,198,102,320,466,398,343,310,57,0,1224,1224,34,109,102,58,182,282,219,138,89,11,0,1233,1233,31,89,96,44,138,184,179,205,221,46,0
전라남도 곡성군 겸면(4672039000),1697,1697,46,82,101,95,155,304,318,314,239,42,1,834,834,22,42,56,50,107,173,175,126,72,10,1,863,863,24,40,45,45,48,131,143,188,167,32,0
전라남도 곡성군 오산면(4672040000),1437,1437,37,56,114,72,115,274,342,220,175,30,2,734,734,21,29,65,38,68,153,198,103,53,6,0,703,703,16,27,49,34,47,121,144,117,122,24,2
전라남도 구례군 (4673000000),25400,25400,1105,1786,1904,1624,2818,4528,4812,3845,2570,389,19,12360,12360,543,932,1035,873,1528,2522,2387,1615,839,84,2,13040,13040,562,854,869,751,1290,2006,2425,2230,1731,305,17
전라남도 구례군 구례읍(4673025000),10740,10740,673,1031,1017,853,1429,1887,1741,1264,723,118,4,5224,5224,329,546,537,436,717,980,864,542,246,27,0,5516,5516,344,485,480,417,712,907,877,722,477,91,4
전라남도 구례군 문척면(4673031000),1275,1275,40,67,73,53,126,248,273,214,155,25,1,644,644,23,32,45,26,77,145,147,88,59,2,0,631,631,17,35,28,27,49,103,126,126,96,23,1
전라남도 구례군 간전면(4673032000),1501,1501,49,66,78,70,141,279,294,305,195,22,2,736,736,25,27,39,34,90,172,148,129,66,6,0,765,765,24,39,39,36,51,107,146,176,129,16,2
전라남도 구례군 토지면(4673033000),2524,2524,52,140,137,109,218,524,615,384,290,52,3,1228,1228,24,72,81,67,121,294,307,157,92,13,0,1296,1296,28,68,56,42,97,230,308,227,198,39,3
전라남도 구례군 마산면(4673034000),2637,2637,104,174,180,151,325,444,512,410,292,39,6,1297,1297,51,100,91,88,179,271,245,170,92,8,2,1340,1340,53,74,89,63,146,173,267,240,200,31,4
전라남도 구례군 광의면(4673035000),2278,2278,59,99,118,142,171,367,462,447,354,57,2,1079,1079,26,56,63,83,109,210,226,187,108,11,0,1199,1199,33,43,55,59,62,157,236,260,246,46,2
전라남도 구례군 용방면(4673036000),1466,1466,42,57,103,97,152,217,291,278,197,32,0,702,702,21,32,60,55,83,126,138,119,59,9,0,764,764,21,25,43,42,69,91,153,159,138,23,0
전라남도 구례군 산동면(4673037000),2979,2979,86,152,198,149,256,562,624,543,364,44,1,1450,1450,44,67,119,84,152,324,312,223,117,8,0,1529,1529,42,85,79,65,104,238,312,320,247,36,1
전라남도 고흥군 (4677000000),63508,63508,2563,3761,4063,3569,6210,10071,12906,11360,7689,1271,45,30867,30867,1274,2019,2366,1935,3597,5637,6422,4935,2402,274,6,32641,32641,1289,1742,1697,1634,2613,4434,6484,6425,5287,997,39
전라남도 고흥군 고흥읍(4677025000),12481,12481,1010,1406,1240,1146,1866,1977,1820,1228,647,132,9,6137,6137,499,758,702,557,922,1049,851,566,209,22,2,6344,6344,511,648,538,589,944,928,969,662,438,110,7
전라남도 고흥군 도양읍(4677025300),9742,9742,510,753,739,687,1171,1682,1895,1473,722,106,4,4765,4765,248,400,405,359,619,908,919,650,236,20,1,4977,4977,262,353,334,328,552,774,976,823,486,86,3
전라남도 고흥군 도양읍소록출장소(4677025400),621,621,25,21,18,28,34,32,96,179,158,30,0,316,316,11,11,8,15,18,16,54,99,74,10,0,305,305,14,10,10,13,16,16,42,80,84,20,0
전라남도 고흥군 도양읍시산출장소(4677025500),224,224,1,13,9,15,33,44,29,43,34,3,0,118,118,0,5,8,12,28,27,15,15,8,0,0,106,106,1,8,1,3,5,17,14,28,26,3,0
전라남도 고흥군 풍양면(4677031000),3123,3123,64,92,132,132,227,469,707,719,490,91,0,1553,1553,33,48,89,86,164,296,371,290,154,22,0,1570,1570,31,44,43,46,63,173,336,429,336,69,0
전라남도 고흥군 도덕면(4677032000),2960,2960,80,123,144,138,226,470,626,588,479,85,1,1421,1421,38,61,77,90,138,272,347,241,139,18,0,1539,1539,42,62,67,48,88,198,279,347,340,67,1
전라남도 고흥군 금산면(4677033000),4334,4334,117,189,235,170,346,670,947,941,644,73,2,2107,2107,62,97,145,99,207,377,463,404,233,19,1,2227,2227,55,92,90,71,139,293,484,537,411,54,1
전라남도 고흥군 도화면(4677034000),3872,3872,94,167,201,146,303,632,872,802,560,89,6,1872,1872,34,80,122,90,196,348,432,387,169,14,0,2000,2000,60,87,79,56,107,284,440,415,391,75,6
전라남도 고흥군 포두면(4677035000),4899,4899,127,219,232,209,426,800,1068,1003,708,101,6,2359,2359,60,119,147,113,269,451,514,418,240,28,0,2540,2540,67,100,85,96,157,349,554,585,468,73,6
전라남도 고흥군 봉래면(4677036000),1889,1889,53,89,78,68,149,282,434,403,287,44,2,915,915,30,41,43,39,100,170,213,174,92,12,1,974,974,23,48,35,29,49,112,221,229,195,32,1
전라남도 고흥군 점암면(4677037000),2631,2631,37,90,110,85,198,411,602,570,426,101,1,1242,1242,16,50,74,47,136,234,304,249,118,14,0,1389,1389,21,40,36,38,62,177,298,321,308,87,1
전라남도 고흥군 과역면(4677038000),3305,3305,89,113,218,153,239,565,733,617,487,87,4,1579,1579,47,68,123,90,154,307,372,252,143,23,0,1726,1726,42,45,95,63,85,258,361,365,344,64,4
전라남도 고흥군 남양면(4677039000),2290,2290,62,104,123,116,153,336,573,461,306,56,0,1077,1077,30,61,74,54,89,198,292,181,93,5,0,1213,1213,32,43,49,62,64,138,281,280,213,51,0
전라남도 고흥군 동강면(4677040000),3108,3108,110,114,205,158,272,465,698,569,443,69,5,1521,1521,64,60,119,92,174,277,342,249,118,26,0,1587,1587,46,54,86,66,98,188,356,320,325,43,5
전라남도 고흥군 대서면(4677041000),2268,2268,66,72,104,103,143,379,522,452,380,46,1,1111,1111,39,45,71,63,104,212,271,196,102,7,1,1157,1157,27,27,33,40,39,167,251,256,278,39,0
전라남도 고흥군 두원면(4677042000),3008,3008,55,100,133,89,205,429,633,718,543,100,3,1420,1420,30,57,72,54,135,253,324,304,173,18,0,1588,1588,25,43,61,35,70,176,309,414,370,82,3
전라남도 고흥군 영남면(4677044000),1276,1276,28,40,60,52,85,197,282,309,185,37,1,610,610,12,26,36,35,56,109,144,129,53,10,0,666,666,16,14,24,17,29,88,138,180,132,27,1
전라남도 고흥군 동일면(4677045000),1477,1477,35,56,82,74,134,231,369,285,190,21,0,744,744,21,32,51,40,88,133,194,131,48,6,0,733,733,14,24,31,34,46,98,175,154,142,15,0
전라남도 보성군 (4678000000),40179,40179,1672,2551,2922,2426,4117,6649,7690,6572,4799,750,31,19592,19592,878,1301,1668,1304,2348,3709,3891,2814,1518,155,6,20587,20587,794,1250,1254,1122,1769,2940,3799,3758,3281,595,25
전라남도 보성군 보성읍(4678025000),9124,9124,648,846,956,797,1239,1512,1373,995,671,81,6,4482,4482,352,401,529,404,623,803,673,442,238,17,0,4642,4642,296,445,427,393,616,709,700,553,433,64,6
전라남도 보성군 벌교읍(4678025300),11763,11763,493,814,806,715,1242,1911,2278,2007,1279,208,10,5745,5745,258,433,453,393,710,1059,1132,844,419,39,5,6018,6018,235,381,353,322,532,852,1146,1163,860,169,5
전라남도 보성군 노동면(4678031000),1110,1110,30,42,64,53,86,170,223,201,199,41,1,530,530,15,26,36,31,55,102,120,93,43,9,0,580,580,15,16,28,22,31,68,103,108,156,32,1
전라남도 보성군 미력면(4678032000),1417,1417,36,62,91,80,112,242,290,253,219,31,1,700,700,18,36,49,49,71,144,160,99,70,4,0,717,717,18,26,42,31,41,98,130,154,149,27,1
전라남도 보성군 겸백면(4678033000),1170,1170,29,44,70,53,93,186,224,224,215,31,1,565,565,12,25,38,25,55,116,116,106,61,11,0,605,605,17,19,32,28,38,70,108,118,154,20,1
전라남도 보성군 율어면(4678034000),1203,1203,35,74,58,54,109,200,214,219,212,27,1,584,584,21,40,35,31,72,119,113,83,66,4,0,619,619,14,34,23,23,37,81,101,136,146,23,1
전라남도 보성군 복내면(4678035000),1671,1671,61,75,102,71,125,268,354,304,272,38,1,794,794,24,43,59,36,75,148,200,130,70,9,0,877,877,37,32,43,35,50,120,154,174,202,29,1
전라남도 보성군 문덕면(4678036000),887,887,18,49,42,26,84,156,192,175,123,21,1,454,454,8,22,26,19,53,105,100,80,37,4,0,433,433,10,27,16,7,31,51,92,95,86,17,1
전라남도 보성군 조성면(4678037000),3708,3708,109,166,228,189,326,575,787,726,518,83,1,1781,1781,59,92,130,99,208,329,384,307,158,15,0,1927,1927,50,74,98,90,118,246,403,419,360,68,1
전라남도 보성군 득량면(4678038000),2782,2782,63,120,138,144,231,468,619,513,407,75,4,1348,1348,27,65,87,79,142,285,303,215,126,18,1,1434,1434,36,55,51,65,89,183,316,298,281,57,3
전라남도 보성군 득량면예당출장소(4678038500),1222,1222,44,69,91,78,127,198,253,205,143,14,0,589,589,30,27,63,41,76,89,127,91,45,0,0,633,633,14,42,28,37,51,109,126,114,98,14,0
전라남도 보성군 회천면(4678039000),3046,3046,82,160,194,121,272,586,664,537,364,63,3,1506,1506,42,75,122,70,162,312,351,233,125,14,0,1540,1540,40,85,72,51,110,274,313,304,239,49,3
전라남도 보성군 웅치면(4678040000),1076,1076,24,30,82,45,71,177,219,213,177,37,1,514,514,12,16,41,27,46,98,112,91,60,11,0,562,562,12,14,41,18,25,79,107,122,117,26,1
전라남도 화순군 (4679000000),62310,62310,3408,5598,6736,4621,8133,11240,9714,7364,4802,664,30,30841,30841,1737,2903,3678,2337,4203,6139,5124,3097,1464,156,3,31469,31469,1671,2695,3058,2284,3930,5101,4590,4267,3338,508,27
전라남도 화순군 화순읍(4679025000),38961,38961,2816,4560,5139,3423,6175,6992,4714,3194,1719,216,13,19146,19146,1439,2357,2760,1667,2986,3634,2340,1336,575,51,1,19815,19815,1377,2203,2379,1756,3189,3358,2374,1858,1144,165,12
전라남도 화순군 한천면(4679031000),926,926,14,41,63,43,101,157,204,177,114,11,1,477,477,5,24,37,28,63,99,105,80,36,0,0,449,449,9,17,26,15,38,58,99,97,78,11,1
전라남도 화순군 한천면영외출장소(4679031500),427,427,9,18,8,17,36,71,95,110,57,6,0,203,203,2,13,5,9,23,46,44,42,18,1,0,224,224,7,5,3,8,13,25,51,68,39,5,0
전라남도 화순군 춘양면(4679032000),1789,1789,33,64,114,84,117,312,386,342,293,44,0,918,918,19,36,63,50,80,195,234,149,81,11,0,871,871,14,28,51,34,37,117,152,193,212,33,0
전라남도 화순군 청풍면(4679033000),1055,1055,31,23,56,40,63,195,215,195,211,25,1,514,514,15,10,34,19,49,115,132,77,56,7,0,541,541,16,13,22,21,14,80,83,118,155,18,1
전라남도 화순군 이양면(4679034000),1786,1786,36,52,97,81,134,314,385,347,289,48,3,875,875,21,24,53,46,85,196,216,143,80,9,2,911,911,15,28,44,35,49,118,169,204,209,39,1
전라남도 화순군 능주면(4679035000),3293,3293,122,269,283,216,337,549,674,494,304,45,0,1629,1629,62,124,171,119,190,300,355,207,92,9,0,1664,1664,60,145,112,97,147,249,319,287,212,36,0
전라남도 화순군 도곡면(4679036000),2882,2882,88,122,212,181,282,537,642,423,338,56,1,1442,1442,36,71,117,114,170,306,343,194,78,13,0,1440,1440,52,51,95,67,112,231,299,229,260,43,1
전라남도 화순군 도암면(4679037000),1426,1426,27,56,78,43,102,252,329,292,222,24,1,735,735,15,31,46,28,65,158,186,120,78,8,0,691,691,12,25,32,15,37,94,143,172,144,16,1
전라남도 화순군 이서면(4679038000),987,987,20,33,78,47,71,206,206,180,128,16,2,510,510,11,15,50,25,42,119,118,81,43,6,0,477,477,9,18,28,22,29,87,88,99,85,10,2
전라남도 화순군 백아면(4679039500),1602,1602,35,63,79,65,110,293,359,346,220,31,1,802,802,21,32,52,33,77,183,201,135,62,6,0,800,800,14,31,27,32,33,110,158,211,158,25,1
전라남도 화순군 동복면(4679040000),1626,1626,35,60,111,62,119,299,332,328,237,42,1,768,768,16,28,64,38,68,169,189,124,66,6,0,858,858,19,32,47,24,51,130,143,204,171,36,1
전라남도 화순군 사평면(4679041500),2145,2145,47,62,138,123,166,394,468,407,285,52,3,1091,1091,30,38,75,66,113,229,265,169,90,16,0,1054,1054,17,24,63,57,53,165,203,238,195,36,3
전라남도 화순군 동면(4679042000),3405,3405,95,175,280,196,320,669,705,529,385,48,3,1731,1731,45,100,151,95,192,390,396,240,109,13,0,1674,1674,50,75,129,101,128,279,309,289,276,35,3
전라남도 장흥군 (4680000000),37177,37177,1930,2686,3022,2666,3998,6212,6650,5397,3945,650,21,18088,18088,966,1424,1709,1411,2203,3397,3321,2303,1225,126,3,19089,19089,964,1262,1313,1255,1795,2815,3329,3094,2720,524,18
전라남도 장흥군 장흥읍(4680025000),15182,15182,1262,1548,1585,1503,2078,2463,2187,1474,904,167,11,7403,7403,621,803,882,745,1034,1312,1050,639,286,30,1,7779,7779,641,745,703,758,1044,1151,1137,835,618,137,10
전라남도 장흥군 관산읍(4680025300),4879,4879,146,279,323,272,402,842,996,878,643,96,2,2381,2381,81,162,188,149,235,453,510,364,216,23,0,2498,2498,65,117,135,123,167,389,486,514,427,73,2
전라남도 장흥군 대덕읍(4680025600),3349,3349,131,197,216,182,325,558,678,574,420,67,1,1610,1610,49,104,120,98,203,312,342,240,127,15,0,1739,1739,82,93,96,84,122,246,336,334,293,52,1
전라남도 장흥군 용산면(4680031000),2321,2321,84,108,131,139,193,347,503,407,336,70,3,1119,1119,46,60,77,85,118,191,270,167,94,11,0,1202,1202,38,48,54,54,75,156,233,240,242,59,3
전라남도 장흥군 안양면(4680032000),2825,2825,76,131,195,163,256,488,573,477,381,84,1,1386,1386,48,77,112,99,150,275,298,208,103,16,0,1439,1439,28,54,83,64,106,213,275,269,278,68,1
전라남도 장흥군 장동면(4680033000),1242,1242,33,46,68,67,94,205,264,215,223,25,2,589,589,13,22,33,38,63,120,131,98,65,5,1,653,653,20,24,35,29,31,85,133,117,158,20,1
전라남도 장흥군 장평면(4680034000),2080,2080,38,98,141,87,151,378,388,395,365,39,0,987,987,18,49,79,51,100,213,202,163,105,7,0,1093,1093,20,49,62,36,51,165,186,232,260,32,0
전라남도 장흥군 유치면(4680035000),1070,1070,13,35,60,47,89,248,255,174,127,22,0,542,542,4,21,36,30,54,146,132,74,39,6,0,528,528,9,14,24,17,35,102,123,100,88,16,0
전라남도 장흥군 부산면(4680036000),1437,1437,41,74,89,53,145,237,245,260,238,54,1,705,705,25,36,50,28,87,145,129,109,86,9,1,732,732,16,38,39,25,58,92,116,151,152,45,0
전라남도 장흥군 회진면(4680037000),2792,2792,106,170,214,153,265,446,561,543,308,26,0,1366,1366,61,90,132,88,159,230,257,241,104,4,0,1426,1426,45,80,82,65,106,216,304,302,204,22,0
전라남도 강진군 (4681000000),34314,34314,1687,2471,2842,2351,3699,5593,6321,5151,3602,569,28,16602,16602,842,1268,1603,1213,2053,3015,3166,2220,1115,102,5,17712,17712,845,1203,1239,1138,1646,2578,3155,2931,2487,467,23
전라남도 강진군 강진읍(4681025000),13520,13520,950,1330,1529,1233,1846,2215,2057,1416,817,117,10,6517,6517,479,667,821,621,926,1121,1001,612,246,22,1,7003,7003,471,663,708,612,920,1094,1056,804,571,95,9
전라남도 강진군 군동면(4681031000),4410,4410,252,343,368,336,473,717,757,604,486,72,2,2147,2147,128,190,223,178,245,379,408,242,141,13,0,2263,2263,124,153,145,158,228,338,349,362,345,59,2
전라남도 강진군 칠량면(4681032000),2307,2307,64,119,142,102,189,390,477,450,320,52,2,1118,1118,39,51,82,57,115,207,249,200,109,8,1,1189,1189,25,68,60,45,74,183,228,250,211,44,1
전라남도 강진군 대구면(4681033000),1141,1141,26,45,62,55,96,182,261,241,140,32,1,546,546,9,22,39,30,63,107,121,110,41,4,0,595,595,17,23,23,25,33,75,140,131,99,28,1
전라남도 강진군 도암면(4681034000),2503,2503,51,141,120,106,195,377,568,499,375,63,8,1211,1211,25,78,72,62,121,219,291,220,110,12,1,1292,1292,26,63,48,44,74,158,277,279,265,51,7
전라남도 강진군 신전면(4681035000),1770,1770,66,95,70,81,158,293,402,315,258,31,1,841,841,22,49,41,37,103,160,194,149,84,2,0,929,929,44,46,29,44,55,133,208,166,174,29,1
전라남도 강진군 성전면(4681036000),2784,2784,101,124,185,158,240,430,612,503,364,67,0,1365,1365,51,57,119,80,147,244,311,219,121,16,0,1419,1419,50,67,66,78,93,186,301,284,243,51,0
전라남도 강진군 작천면(4681037000),1835,1835,41,63,110,85,126,312,377,370,305,44,2,883,883,25,30,61,48,83,188,192,151,97,7,1,952,952,16,33,49,37,43,124,185,219,208,37,1
전라남도 강진군 병영면(4681038000),1629,1629,47,81,94,67,145,261,333,303,249,47,2,771,771,20,47,55,36,96,144,167,118,78,9,1,858,858,27,34,39,31,49,117,166,185,171,38,1
전라남도 강진군 옴천면(4681039000),628,628,15,45,36,20,49,98,112,127,104,22,0,312,312,8,26,23,7,36,62,60,59,25,6,0,316,316,7,19,13,13,13,36,52,68,79,16,0
전라남도 강진군 마량면(4681040000),1787,1787,74,85,126,108,182,318,365,323,184,22,0,891,891,36,51,67,57,118,184,172,140,63,3,0,896,896,38,34,59,51,64,134,193,183,121,19,0
전라남도 해남군 (4682000000),68229,68229,3845,5143,5499,4903,7950,11440,12534,9897,6118,859,41,33735,33735,1942,2651,3098,2597,4451,6340,6281,4319,1901,155,0,34494,34494,1903,2492,2401,2306,3499,5100,6253,5578,4217,704,41
전라남도 해남군 해남읍(4682025000),24734,24734,2249,2909,2737,2511,3831,4074,3312,1996,965,148,2,12157,12157,1124,1478,1476,1240,1860,2139,1605,901,302,32,0,12577,12577,1125,1431,1261,1271,1971,1935,1707,1095,663,116,2
전라남도 해남군 삼산면(4682031000),2915,2915,91,146,219,153,265,554,612,522,301,50,2,1463,1463,45,81,116,92,160,306,324,227,101,11,0,1452,1452,46,65,103,61,105,248,288,295,200,39,2
전라남도 해남군 화산면(4682032000),3200,3200,126,131,196,193,291,514,679,639,391,39,1,1593,1593,68,67,98,123,190,299,333,286,120,9,0,1607,1607,58,64,98,70,101,215,346,353,271,30,1
전라남도 해남군 현산면(4682033000),2784,2784,64,130,141,126,240,482,637,556,354,49,5,1385,1385,35,72,88,82,144,277,335,235,111,6,0,1399,1399,29,58,53,44,96,205,302,321,243,43,5
전라남도 해남군 송지면(4682034000),6092,6092,275,359,453,383,629,1072,1222,983,645,68,3,2979,2979,135,180,281,216,373,565,582,435,205,7,0,3113,3113,140,179,172,167,256,507,640,548,440,61,3
전라남도 해남군 북평면(4682035000),2808,2808,92,168,175,130,245,467,586,570,337,37,1,1362,1362,41,86,103,64,149,260,288,254,105,12,0,1446,1446,51,82,72,66,96,207,298,316,232,25,1
전라남도 해남군 북일면(4682036000),2005,2005,42,91,125,77,162,331,420,415,301,40,1,953,953,24,46,69,41,107,193,212,158,99,4,0,1052,1052,18,45,56,36,55,138,208,257,202,36,1
전라남도 해남군 옥천면(4682037000),2960,2960,84,151,195,124,311,496,571,540,412,69,7,1480,1480,47,81,107,74,186,292,306,232,143,12,0,1480,1480,37,70,88,50,125,204,265,308,269,57,7
전라남도 해남군 계곡면(4682038000),2122,2122,72,82,82,102,208,288,465,408,360,54,1,991,991,31,45,53,46,133,158,227,177,108,13,0,1131,1131,41,37,29,56,75,130,238,231,252,41,1
전라남도 해남군 마산면(4682039000),2411,2411,75,122,140,113,227,421,470,461,324,53,5,1221,1221,45,70,88,62,153,263,239,195,95,11,0,1190,1190,30,52,52,51,74,158,231,266,229,42,5
전라남도 해남군 황산면(4682040000),4833,4833,177,237,290,266,405,836,1170,829,554,64,5,2378,2378,84,129,184,154,242,472,579,357,168,9,0,2455,2455,93,108,106,112,163,364,591,472,386,55,5
전라남도 해남군 산이면(4682041000),3747,3747,181,192,237,255,372,609,743,694,404,59,1,1908,1908,92,95,136,142,265,352,406,297,117,6,0,1839,1839,89,97,101,113,107,257,337,397,287,53,1
전라남도 해남군 문내면(4682042000),4013,4013,185,231,263,235,383,684,863,710,395,62,2,2004,2004,100,125,167,116,227,389,434,321,115,10,0,2009,2009,85,106,96,119,156,295,429,389,280,52,2
전라남도 해남군 화원면(4682043000),3605,3605,132,194,246,235,381,612,784,574,375,67,5,1861,1861,71,96,132,145,262,375,411,244,112,13,0,1744,1744,61,98,114,90,119,237,373,330,263,54,5
전라남도 영암군 (4683000000),53437,53437,3393,4407,5050,4617,7375,9421,8227,6263,4103,560,21,27586,27586,1710,2334,2952,2507,4383,5398,4255,2666,1273,105,3,25851,25851,1683,2073,2098,2110,2992,4023,3972,3597,2830,455,18
전라남도 영암군 영암읍(4683025000),8152,8152,569,780,874,698,1033,1418,1235,921,519,102,3,4044,4044,302,417,480,354,545,734,626,398,164,24,0,4108,4108,267,363,394,344,488,684,609,523,355,78,3
전라남도 영암군 삼호읍(4683025300),15030,15030,1518,1819,1603,1831,2908,2557,1540,833,384,36,1,8002,8002,721,969,883,917,1729,1473,816,380,109,5,0,7028,7028,797,850,720,914,1179,1084,724,453,275,31,1
전라남도 영암군 삼호읍서부출장소(4683025400),6505,6505,541,682,931,781,1259,1396,529,249,114,23,0,3764,3764,276,357,577,464,776,863,309,105,33,4,0,2741,2741,265,325,354,317,483,533,220,144,81,19,0
전라남도 영암군 덕진면(4683031000),1843,1843,64,92,107,112,167,311,344,316,292,34,4,909,909,40,43,64,76,102,196,162,128,89,8,1,934,934,24,49,43,36,65,115,182,188,203,26,3
전라남도 영암군 금정면(4683032000),2052,2052,45,68,111,85,179,386,449,392,292,44,1,1035,1035,18,44,68,48,105,233,263,166,83,7,0,1017,1017,27,24,43,37,74,153,186,226,209,37,1
전라남도 영암군 신북면(4683033000),3703,3703,100,191,259,222,374,654,798,638,419,47,1,1865,1865,49,103,177,134,219,352,410,267,143,10,1,1838,1838,51,88,82,88,155,302,388,371,276,37,0
전라남도 영암군 시종면(4683034000),3534,3534,109,128,237,183,317,591,804,650,446,67,2,1773,1773,63,69,154,108,207,355,400,290,119,8,0,1761,1761,46,59,83,75,110,236,404,360,327,59,2
전라남도 영암군 도포면(4683035000),2275,2275,72,102,182,138,192,416,463,386,298,25,1,1153,1153,48,63,106,87,118,232,247,156,91,5,0,1122,1122,24,39,76,51,74,184,216,230,207,20,1
전라남도 영암군 군서면(4683036000),3182,3182,96,167,233,162,295,537,607,621,406,55,3,1535,1535,56,90,140,92,173,306,301,245,121,10,1,1647,1647,40,77,93,70,122,231,306,376,285,45,2
전라남도 영암군 서호면(4683037000),1910,1910,71,80,119,101,143,297,384,379,290,44,2,919,919,31,46,74,57,91,173,193,152,97,5,0,991,991,40,34,45,44,52,124,191,227,193,39,2
전라남도 영암군 학산면(4683038000),2994,2994,139,192,254,155,294,484,590,483,346,55,2,1457,1457,75,85,142,79,174,274,291,204,121,12,0,1537,1537,64,107,112,76,120,210,299,279,225,43,2
전라남도 영암군 미암면(4683039000),2257,2257,69,106,140,149,214,374,484,395,297,28,1,1130,1130,31,48,87,91,144,207,237,175,103,7,0,1127,1127,38,58,53,58,70,167,247,220,194,21,1
전라남도 무안군 (4684000000),88075,88075,8019,9400,9062,10689,13988,12967,11176,7827,4304,619,24,44252,44252,4139,4754,4869,5437,7353,7138,5627,3522,1310,100,3,43823,43823,3880,4646,4193,5252,6635,5829,5549,4305,2994,519,21
전라남도 무안군 무안읍(4684025000),10629,10629,706,1108,1267,938,1521,1867,1589,1065,511,57,0,5300,5300,363,579,713,504,771,983,765,451,163,8,0,5329,5329,343,529,554,434,750,884,824,614,348,49,0
전라남도 무안군 일로읍(4684025300),15245,15245,2373,1558,1080,2615,2435,1727,1565,1150,648,92,2,7631,7631,1233,778,575,1262,1332,972,752,525,185,17,0,7614,7614,1140,780,505,1353,1103,755,813,625,463,75,2
전라남도 무안군 삼향읍(4684025600),5461,5461,161,303,501,325,575,1125,1203,769,425,71,3,2872,2872,77,151,282,184,350,651,662,371,137,7,0,2589,2589,84,152,219,141,225,474,541,398,288,64,3
전라남도 무안군 삼향읍남악출장소(4684025800),32835,32835,4178,5200,4213,5454,7163,3932,1706,687,262,39,1,16228,16228,2148,2630,2098,2648,3451,2058,811,304,74,5,1,16607,16607,2030,2570,2115,2806,3712,1874,895,383,188,34,0
전라남도 무안군 몽탄면(4684032000),3110,3110,50,127,235,153,254,599,617,575,439,60,1,1548,1548,20,67,145,104,161,347,318,257,118,10,1,1562,1562,30,60,90,49,93,252,299,318,321,50,0
전라남도 무안군 청계면(4684033000),6313,6313,192,411,713,439,686,1116,1250,881,528,87,10,3270,3270,107,201,426,262,405,630,662,396,167,14,0,3043,3043,85,210,287,177,281,486,588,485,361,73,10
전라남도 무안군 현경면(4684034000),4644,4644,110,199,331,260,400,867,1028,877,497,74,1,2359,2359,60,86,194,163,272,512,515,389,153,15,0,2285,2285,50,113,137,97,128,355,513,488,344,59,1
전라남도 무안군 망운면(4684035000),1985,1985,59,85,140,122,209,330,477,359,161,40,3,1031,1031,37,45,76,77,135,185,246,165,58,7,0,954,954,22,40,64,45,74,145,231,194,103,33,3
전라남도 무안군 해제면(4684036000),4909,4909,113,245,348,222,478,825,1073,966,564,73,2,2493,2493,61,136,228,129,305,461,543,443,177,10,0,2416,2416,52,109,120,93,173,364,530,523,387,63,2
전라남도 무안군 운남면(4684037000),2944,2944,77,164,234,161,267,579,668,498,269,26,1,1520,1520,33,81,132,104,171,339,353,221,78,7,1,1424,1424,44,83,102,57,96,240,315,277,191,19,0
전라남도 함평군 (4686000000),31653,31653,1308,2078,2422,2003,3394,5357,6050,5037,3487,504,13,15934,15934,687,1103,1448,1077,2020,3142,3174,2124,1045,114,0,15719,15719,621,975,974,926,1374,2215,2876,2913,2442,390,13
전라남도 함평군 함평읍(4686025000),8266,8266,510,760,748,672,1114,1343,1301,1025,687,104,2,4081,4081,257,415,414,332,603,748,649,433,210,20,0,4185,4185,253,345,334,340,511,595,652,592,477,84,2
전라남도 함평군 손불면(4686031000),3358,3358,127,184,180,165,349,555,662,659,430,46,1,1679,1679,55,92,110,91,235,328,345,268,145,10,0,1679,1679,72,92,70,74,114,227,317,391,285,36,1
전라남도 함평군 신광면(4686032000),1828,1828,63,65,116,110,169,280,433,311,242,38,1,910,910,36,30,63,65,116,151,223,142,74,10,0,918,918,27,35,53,45,53,129,210,169,168,28,1
전라남도 함평군 학교면(4686033000),3803,3803,130,217,264,215,364,645,787,633,474,72,2,1905,1905,76,109,170,115,228,373,421,262,136,15,0,1898,1898,54,108,94,100,136,272,366,371,338,57,2
전라남도 함평군 엄다면(4686034000),1898,1898,48,86,133,97,166,343,385,336,264,39,1,924,924,18,47,90,56,97,202,205,128,72,9,0,974,974,30,39,43,41,69,141,180,208,192,30,1
전라남도 함평군 대동면(4686035000),3147,3147,96,269,250,185,276,574,567,512,363,53,2,1627,1627,53,154,157,112,152,356,288,229,116,10,0,1520,1520,43,115,93,73,124,218,279,283,247,43,2
전라남도 함평군 나산면(4686036000),2835,2835,102,132,195,176,255,473,647,469,338,48,0,1410,1410,56,63,119,96,148,279,360,193,89,7,0,1425,1425,46,69,76,80,107,194,287,276,249,41,0
전라남도 함평군 해보면(4686037000),2799,2799,90,132,244,176,291,518,573,433,294,47,1,1439,1439,49,65,144,92,165,316,313,188,92,15,0,1360,1360,41,67,100,84,126,202,260,245,202,32,1
전라남도 함평군 월야면(4686038000),3719,3719,142,233,292,207,410,626,695,659,395,57,3,1959,1959,87,128,181,118,276,389,370,281,111,18,0,1760,1760,55,105,111,89,134,237,325,378,284,39,3
전라남도 영광군 (4687000000),52587,52587,3689,4135,4894,4782,6397,8465,8517,7061,4075,548,24,26299,26299,1873,2169,2766,2478,3590,4702,4316,3040,1255,110,0,26288,26288,1816,1966,2128,2304,2807,3763,4201,4021,2820,438,24
전라남도 영광군 영광읍(4687025000),21703,21703,2027,2372,2386,2267,3314,3403,2907,1927,958,133,9,10703,10703,1029,1242,1280,1109,1664,1759,1396,879,316,29,0,11000,11000,998,1130,1106,1158,1650,1644,1511,1048,642,104,9
전라남도 영광군 백수읍(4687025300),4642,4642,178,238,337,271,431,791,859,891,568,75,3,2320,2320,90,131,206,160,279,477,431,356,175,15,0,2322,2322,88,107,131,111,152,314,428,535,393,60,3
전라남도 영광군 홍농읍(4687025600),6839,6839,634,531,823,903,850,1122,874,713,346,40,3,3596,3596,338,258,491,500,479,641,467,305,110,7,0,3243,3243,296,273,332,403,371,481,407,408,236,33,3
전라남도 영광군 대마면(4687031000),1762,1762,82,110,149,146,146,290,323,287,193,35,1,937,937,39,78,86,84,95,176,187,127,56,9,0,825,825,43,32,63,62,51,114,136,160,137,26,1
전라남도 영광군 묘량면(4687032000),1752,1752,87,75,121,113,141,286,337,306,253,33,0,857,857,46,36,61,51,96,157,187,135,79,9,0,895,895,41,39,60,62,45,129,150,171,174,24,0
전라남도 영광군 불갑면(4687033000),1372,1372,64,58,87,114,105,224,304,247,148,21,0,686,686,28,25,51,59,69,130,159,114,47,4,0,686,686,36,33,36,55,36,94,145,133,101,17,0
전라남도 영광군 군서면(4687034000),2315,2315,88,169,168,126,231,381,414,415,282,37,4,1163,1163,38,93,100,71,149,246,206,164,88,8,0,1152,1152,50,76,68,55,82,135,208,251,194,29,4
전라남도 영광군 군남면(4687035000),2381,2381,80,84,117,127,183,339,464,524,412,51,0,1134,1134,44,49,66,65,112,206,238,208,137,9,0,1247,1247,36,35,51,62,71,133,226,316,275,42,0
전라남도 영광군 염산면(4687036000),4016,4016,152,153,227,251,364,646,926,836,403,58,0,1969,1969,71,76,139,139,248,360,459,366,100,11,0,2047,2047,81,77,88,112,116,286,467,470,303,47,0
전라남도 영광군 법성면(4687037000),5236,5236,272,331,445,437,542,869,957,836,482,61,4,2587,2587,137,173,263,224,331,470,499,342,139,9,0,2649,2649,135,158,182,213,211,399,458,494,343,52,4
전라남도 영광군 낙월면(4687038000),380,380,14,9,27,18,59,85,100,45,20,3,0,233,233,6,5,18,12,45,60,58,24,5,0,0,147,147,8,4,9,6,14,25,42,21,15,3,0
전라남도 영광군 낙월면안마출장소(4687038500),189,189,11,5,7,9,31,29,52,34,10,1,0,114,114,7,3,5,4,23,20,29,20,3,0,0,75,75,4,2,2,5,8,9,23,14,7,1,0
전라남도 장성군 (4688000000),44078,44078,2691,3234,4169,3554,5446,7426,7395,5835,3789,523,16,22627,22627,1362,1710,2461,1902,3090,4251,3920,2589,1217,124,1,21451,21451,1329,1524,1708,1652,2356,3175,3475,3246,2572,399,15
전라남도 장성군 장성읍(4688025000),13461,13461,993,1225,1301,1139,1934,2142,2047,1615,931,131,3,6665,6665,518,632,696,570,1037,1180,1009,717,282,24,0,6796,6796,475,593,605,569,897,962,1038,898,649,107,3
전라남도 장성군 진원면(4688031000),3691,3691,314,300,304,274,463,619,625,451,299,38,4,1878,1878,172,163,169,128,246,378,314,205,93,9,1,1813,1813,142,137,135,146,217,241,311,246,206,29,3
전라남도 장성군 남면(4688032000),3730,3730,158,176,371,325,417,696,727,493,316,50,1,2008,2008,77,94,217,205,274,396,406,221,102,16,0,1722,1722,81,82,154,120,143,300,321,272,214,34,1
전라남도 장성군 동화면(4688033000),1830,1830,48,69,146,124,177,352,376,275,227,35,1,974,974,20,35,94,76,113,208,225,115,77,11,0,856,856,28,34,52,48,64,144,151,160,150,24,1
전라남도 장성군 삼서면(4688034000),3234,3234,149,182,294,176,376,583,603,487,350,33,1,1756,1756,83,103,239,92,235,332,324,217,124,7,0,1478,1478,66,79,55,84,141,251,279,270,226,26,1
전라남도 장성군 삼계면(4688035000),6107,6107,647,613,822,792,858,832,646,521,335,40,1,3200,3200,306,322,506,431,466,491,357,209,100,12,0,2907,2907,341,291,316,361,392,341,289,312,235,28,1
전라남도 장성군 황룡면(4688036000),4035,4035,160,251,388,266,505,793,744,534,339,55,0,2055,2055,72,124,236,144,291,443,406,232,94,13,0,1980,1980,88,127,152,122,214,350,338,302,245,42,0
전라남도 장성군 서삼면(4688037000),1544,1544,56,89,130,103,157,280,298,251,154,26,0,815,815,31,50,71,61,100,168,158,117,53,6,0,729,729,25,39,59,42,57,112,140,134,101,20,0
전라남도 장성군 북일면(4688038000),1390,1390,34,59,104,74,105,229,300,269,189,26,1,695,695,11,33,63,40,55,136,158,119,74,6,0,695,695,23,26,41,34,50,93,142,150,115,20,1
전라남도 장성군 북이면(4688039000),2872,2872,78,171,186,148,256,485,533,540,427,46,2,1447,1447,43,103,103,80,158,276,288,241,145,10,0,1425,1425,35,68,83,68,98,209,245,299,282,36,2
전라남도 장성군 북하면(4688040000),2184,2184,54,99,123,133,198,415,496,399,222,43,2,1134,1134,29,51,67,75,115,243,275,196,73,10,0,1050,1050,25,48,56,58,83,172,221,203,149,33,2
전라남도 완도군 (4689000000),49604,49604,3074,3571,3770,3873,6153,8015,8678,7379,4482,592,17,24960,24960,1573,1856,2209,2115,3579,4498,4326,3271,1420,111,2,24644,24644,1501,1715,1561,1758,2574,3517,4352,4108,3062,481,15
전라남도 완도군 완도읍(4689025000),18147,18147,1428,1711,1846,1739,2669,3088,2857,1822,863,119,5,9149,9149,759,878,1075,881,1384,1644,1396,833,278,21,0,8998,8998,669,833,771,858,1285,1444,1461,989,585,98,5
전라남도 완도군 금일읍(4689025300),3751,3751,207,193,231,290,420,585,754,622,403,46,0,1904,1904,100,96,139,170,279,338,388,269,117,8,0,1847,1847,107,97,92,120,141,247,366,353,286,38,0
전라남도 완도군 노화읍(4689025600),4380,4380,316,386,284,366,589,646,643,653,443,53,1,2191,2191,151,209,164,214,345,358,330,275,139,6,0,2189,2189,165,177,120,152,244,288,313,378,304,47,1
전라남도 완도군 노화읍넙도출장소(4689029000),782,782,50,48,43,73,117,124,158,131,35,2,1,434,434,22,28,27,51,84,70,74,67,11,0,0,348,348,28,20,16,22,33,54,84,64,24,2,1
전라남도 완도군 군외면(4689031000),3218,3218,91,127,181,169,324,532,719,633,391,51,0,1612,1612,54,63,96,109,201,311,355,300,117,6,0,1606,1606,37,64,85,60,123,221,364,333,274,45,0
전라남도 완도군 신지면(4689032000),3425,3425,132,205,209,207,373,579,652,593,425,49,1,1749,1749,58,105,137,114,235,343,336,258,151,12,0,1676,1676,74,100,72,93,138,236,316,335,274,37,1
전라남도 완도군 고금면(4689033000),4246,4246,181,268,266,239,433,626,706,892,558,74,3,2080,2080,86,139,157,132,256,372,342,383,197,16,0,2166,2166,95,129,109,107,177,254,364,509,361,58,3
전라남도 완도군 약산면(4689034000),2368,2368,116,99,130,123,206,397,496,477,284,39,1,1199,1199,72,47,79,66,138,233,247,217,91,9,0,1169,1169,44,52,51,57,68,164,249,260,193,30,1
전라남도 완도군 청산면(4689035000),2076,2076,67,94,137,129,176,351,427,365,280,49,1,1016,1016,31,52,77,82,105,210,219,147,81,11,1,1060,1060,36,42,60,47,71,141,208,218,199,38,0
전라남도 완도군 청산면모도출장소(4689035500),219,219,7,8,10,6,27,32,35,45,41,7,1,114,114,5,3,10,3,19,21,21,22,10,0,0,105,105,2,5,0,3,8,11,14,23,31,7,1
전라남도 완도군 소안면(4689036000),2503,2503,144,136,141,171,286,343,455,474,310,42,1,1226,1226,67,69,84,96,190,195,219,187,108,10,1,1277,1277,77,67,57,75,96,148,236,287,202,32,0
전라남도 완도군 금당면(4689037000),989,989,42,52,63,63,100,162,172,175,143,16,1,494,494,19,33,34,35,65,95,92,78,39,4,0,495,495,23,19,29,28,35,67,80,97,104,12,1
전라남도 완도군 보길면(4689038000),2682,2682,250,218,164,244,342,413,450,349,221,31,0,1360,1360,129,116,91,129,209,227,233,163,57,6,0,1322,1322,121,102,73,115,133,186,217,186,164,25,0
전라남도 완도군 생일면(4689039000),818,818,43,26,65,54,91,137,154,148,85,14,1,432,432,20,18,39,33,69,81,74,72,24,2,0,386,386,23,8,26,21,22,56,80,76,61,12,1
전라남도 진도군 (4690000000),30445,30445,1637,2189,2532,2187,3550,4953,5395,4635,2978,376,13,15101,15101,795,1116,1487,1185,2069,2780,2739,1986,878,66,0,15344,15344,842,1073,1045,1002,1481,2173,2656,2649,2100,310,13
전라남도 진도군 진도읍(4690025000),10865,10865,878,1151,1251,1120,1600,1690,1513,1053,540,66,3,5358,5358,418,590,727,565,822,862,731,463,166,14,0,5507,5507,460,561,524,555,778,828,782,590,374,52,3
전라남도 진도군 군내면(4690031000),2989,2989,106,164,194,166,309,515,598,529,362,45,1,1514,1514,55,80,124,100,186,297,318,232,113,9,0,1475,1475,51,84,70,66,123,218,280,297,249,36,1
전라남도 진도군 고군면(4690032000),3592,3592,180,246,255,249,384,560,735,542,385,53,3,1752,1752,96,122,140,138,232,307,366,227,117,7,0,1840,1840,84,124,115,111,152,253,369,315,268,46,3
전라남도 진도군 의신면(4690033000),3468,3468,116,160,216,185,358,605,716,642,411,58,1,1779,1779,64,86,125,116,242,356,367,276,135,12,0,1689,1689,52,74,91,69,116,249,349,366,276,46,1
전라남도 진도군 임회면(4690034000),3424,3424,112,186,223,172,309,599,661,660,428,74,0,1643,1643,52,90,122,96,188,337,346,285,118,9,0,1781,1781,60,96,101,76,121,262,315,375,310,65,0
전라남도 진도군 지산면(4690035000),3144,3144,105,110,216,144,229,494,654,667,470,53,2,1515,1515,47,55,136,82,157,293,322,282,130,11,0,1629,1629,58,55,80,62,72,201,332,385,340,42,2
전라남도 진도군 조도면(4690036000),2316,2316,100,122,142,117,280,379,413,426,314,20,3,1203,1203,44,63,92,69,184,255,235,174,85,2,0,1113,1113,56,59,50,48,96,124,178,252,229,18,3
전라남도 진도군 조도면가사출장소(4690036500),264,264,15,8,15,14,31,46,43,49,41,2,0,140,140,8,8,6,8,23,29,26,23,8,1,0,124,124,7,0,9,6,8,17,17,26,33,1,0
전라남도 진도군 조도면거차출장소(4690036600),383,383,25,42,20,20,50,65,62,67,27,5,0,197,197,11,22,15,11,35,44,28,24,6,1,0,186,186,14,20,5,9,15,21,34,43,21,4,0
전라남도 신안군 (4691000000),38741,38741,1532,2013,2698,2640,4286,6948,7754,6291,4060,508,11,20679,20679,776,1035,1627,1682,2875,4239,4271,2850,1225,95,4,18062,18062,756,978,1071,958,1411,2709,3483,3441,2835,413,7
전라남도 신안군 지도읍(4691025000),4218,4218,145,228,271,249,442,750,889,715,468,61,0,2203,2203,82,113,168,150,286,449,494,306,144,11,0,2015,2015,63,115,103,99,156,301,395,409,324,50,0
전라남도 신안군 지도읍선도출장소(4691025100),242,242,5,6,13,15,17,49,55,42,38,2,0,128,128,2,2,10,9,13,34,33,14,11,0,0,114,114,3,4,3,6,4,15,22,28,27,2,0
전라남도 신안군 압해읍(4691025300),5762,5762,214,290,473,418,628,1088,1262,822,493,73,1,3110,3110,112,135,278,270,404,633,701,389,175,13,0,2652,2652,102,155,195,148,224,455,561,433,318,60,1
전라남도 신안군 압해읍매화출장소(4691025400),235,235,8,4,9,17,21,34,62,54,24,2,0,116,116,3,1,5,12,14,19,35,20,6,1,0,119,119,5,3,4,5,7,15,27,34,18,1,0
전라남도 신안군 압해읍고이도출장소(4691025500),225,225,15,5,7,13,21,33,47,55,27,2,0,129,129,11,3,5,10,16,21,25,25,12,1,0,96,96,4,2,2,3,5,12,22,30,15,1,0
전라남도 신안군 증도면(4691031000),1468,1468,41,45,98,88,186,291,247,274,180,18,0,801,801,19,24,58,66,135,193,130,115,58,3,0,667,667,22,21,40,22,51,98,117,159,122,15,0
전라남도 신안군 증도면병풍출장소(4691031500),313,313,8,10,19,17,36,68,67,58,29,1,0,181,181,3,9,10,14,27,46,31,28,13,0,0,132,132,5,1,9,3,9,22,36,30,16,1,0
전라남도 신안군 임자면(4691032000),3206,3206,166,234,226,215,413,575,604,503,251,19,0,1705,1705,75,124,140,124,281,349,329,216,65,2,0,1501,1501,91,110,86,91,132,226,275,287,186,17,0
전라남도 신안군 자은면(4691033000),2276,2276,73,102,139,133,215,433,480,408,269,23,1,1197,1197,41,53,80,93,139,247,250,189,99,6,0,1079,1079,32,49,59,40,76,186,230,219,170,17,1
전라남도 신안군 비금면(4691034000),3517,3517,145,200,212,228,402,620,700,610,349,51,0,1860,1860,79,96,109,148,256,394,378,284,110,6,0,1657,1657,66,104,103,80,146,226,322,326,239,45,0
전라남도 신안군 도초면(4691035000),2499,2499,105,204,166,171,266,384,461,405,308,28,1,1280,1280,50,95,104,112,163,226,257,185,81,7,0,1219,1219,55,109,62,59,103,158,204,220,227,21,1
전라남도 신안군 도초면우이도출장소(4691035500),217,217,8,6,8,14,28,61,44,31,15,2,0,124,124,6,3,3,6,22,41,23,18,2,0,0,93,93,2,3,5,8,6,20,21,13,13,2,0
전라남도 신안군 흑산면(4691036000),2240,2240,77,117,194,182,301,424,373,319,206,44,3,1245,1245,33,70,118,117,217,273,216,135,63,2,1,995,995,44,47,76,65,84,151,157,184,143,42,2
전라남도 신안군 흑산면가거도출장소(4691036500),451,451,11,21,56,53,81,97,69,39,23,1,0,292,292,7,12,39,44,61,68,40,14,7,0,0,159,159,4,9,17,9,20,29,29,25,16,1,0
전라남도 신안군 흑산면태도출장소(4691036600),218,218,12,17,17,15,25,42,44,23,22,1,0,123,123,6,10,10,11,20,27,26,10,3,0,0,95,95,6,7,7,4,5,15,18,13,19,1,0
전라남도 신안군 흑산면홍도출장소(4691036700),483,483,23,26,46,52,87,108,70,40,30,1,0,282,282,10,17,23,39,63,69,35,19,6,1,0,201,201,13,9,23,13,24,39,35,21,24,0,0
전라남도 신안군 흑산면대둔도출장소(4691036800),320,320,10,21,31,24,42,64,63,40,19,6,0,189,189,4,11,19,15,32,46,37,21,3,1,0,131,131,6,10,12,9,10,18,26,19,16,5,0
전라남도 신안군 하의면(4691037000),1741,1741,70,103,116,117,193,310,326,288,195,23,0,928,928,33,56,72,69,127,196,179,141,50,5,0,813,813,37,47,44,48,66,114,147,147,145,18,0
전라남도 신안군 신의면(4691038000),1543,1543,71,102,134,121,210,270,288,204,126,15,2,838,838,32,54,76,71,143,166,164,97,30,4,1,705,705,39,48,58,50,67,104,124,107,96,11,1
전라남도 신안군 장산면(4691039000),1567,1567,79,66,82,105,160,239,334,281,197,22,2,829,829,42,28,52,65,111,156,177,132,61,4,1,738,738,37,38,30,40,49,83,157,149,136,18,1
전라남도 신안군 안좌면(4691040000),2693,2693,114,95,193,174,222,449,552,480,354,59,1,1400,1400,57,51,118,105,152,277,306,213,108,12,1,1293,1293,57,44,75,69,70,172,246,267,246,47,0
전라남도 신안군 안좌면자라출장소(4691040500),281,281,12,8,19,31,27,44,66,44,27,3,0,154,154,7,6,13,20,16,23,37,25,5,2,0,127,127,5,2,6,11,11,21,29,19,22,1,0
전라남도 신안군 팔금면(4691041000),984,984,23,31,49,64,84,144,218,212,138,21,0,491,491,11,18,40,36,56,75,121,95,36,3,0,493,493,12,13,9,28,28,69,97,117,102,18,0
전라남도 신안군 암태면(4691042000),2042,2042,97,72,120,124,179,371,433,344,272,30,0,1074,1074,51,44,77,76,121,211,247,159,77,11,0,968,968,46,28,43,48,58,160,186,185,195,19,0
경상북도  (4700000000),2635896,2635896,185360,224452,281555,286646,381057,456550,420500,241463,138128,19467,718,1328240,1328240,95529,117953,159722,153072,198630,236526,208998,108186,45560,3943,121,1307656,1307656,89831,106499,121833,133574,182427,220024,211502,133277,92568,15524,597
경상북도 포항시 (4711000000),504103,504103,38829,46513,56854,58849,77102,89531,80732,37543,15860,2216,74,255122,255122,20124,24436,32717,31203,38793,45004,39536,17629,5273,392,15,248981,248981,18705,22077,24137,27646,38309,44527,41196,19914,10587,1824,59
경상북도 포항시 남구 (4711100000),231264,231264,17106,21163,26668,26601,35699,41115,37498,17489,6975,909,41,119459,119459,8855,11146,15844,14428,18445,21395,18493,8381,2318,144,10,111805,111805,8251,10017,10824,12173,17254,19720,19005,9108,4657,765,31
경상북도 포항시 남구 구룡포읍(4711125000),7530,7530,138,242,441,447,733,1411,1987,1322,719,88,2,3814,3814,72,138,272,246,460,818,993,559,238,16,2,3716,3716,66,104,169,201,273,593,994,763,481,72,0
경상북도 포항시 남구 연일읍(4711125300),30478,30478,2292,3646,3562,3006,5130,5973,4377,1708,704,76,4,15544,15544,1201,1891,2088,1529,2486,3049,2211,857,220,11,1,14934,14934,1091,1755,1474,1477,2644,2924,2166,851,484,65,3
경상북도 포항시 남구 오천읍(4711125600),55437,55437,5551,5870,6657,8062,10287,8586,6520,2590,1173,133,8,29496,29496,2844,3120,4010,4399,5565,4615,3336,1206,378,23,0,25941,25941,2707,2750,2647,3663,4722,3971,3184,1384,795,110,8
경상북도 포항시 남구 대송면(4711131000),3463,3463,61,130,270,249,305,683,933,540,247,43,2,1791,1791,27,64,166,154,189,366,493,259,69,4,0,1672,1672,34,66,104,95,116,317,440,281,178,39,2
경상북도 포항시 남구 동해면(4711132000),9883,9883,538,771,976,968,1254,1811,1850,1114,523,75,3,4989,4989,282,389,546,527,673,940,946,499,173,13,1,4894,4894,256,382,430,441,581,871,904,615,350,62,2
경상북도 포항시 남구 장기면(4711133000),4095,4095,64,122,197,185,288,704,995,822,622,92,4,2010,2010,40,48,127,108,188,396,489,390,205,19,0,2085,2085,24,74,70,77,100,308,506,432,417,73,4
경상북도 포항시 남구 호미곶면(4711135000),1901,1901,28,71,98,86,184,324,461,385,229,34,1,939,939,14,44,63,54,122,190,233,153,64,2,0,962,962,14,27,35,32,62,134,228,232,165,32,1
경상북도 포항시 남구 상대동(4711152500),24905,24905,1149,1488,3269,2929,3326,4465,5172,2438,582,83,4,12911,12911,605,789,1905,1714,1814,2222,2368,1250,229,15,0,11994,11994,544,699,1364,1215,1512,2243,2804,1188,353,68,4
경상북도 포항시 남구 해도동(4711154500),17207,17207,615,768,1660,1592,2187,3293,4177,2212,638,61,4,8837,8837,328,397,1000,957,1248,1669,1896,1082,250,9,1,8370,8370,287,371,660,635,939,1624,2281,1130,388,52,3
경상북도 포항시 남구 송도동(4711155000),12453,12453,415,700,1014,1019,1433,2302,3177,1710,596,86,1,6244,6244,230,371,564,605,780,1195,1475,790,214,19,1,6209,6209,185,329,450,414,653,1107,1702,920,382,67,0
경상북도 포항시 남구 청림동(4711156000),4711,4711,194,264,635,485,537,799,975,597,199,24,2,2562,2562,99,133,427,288,333,433,480,287,78,2,2,2149,2149,95,131,208,197,204,366,495,310,121,22,0
경상북도 포항시 남구 제철동(4711157000),2885,2885,149,195,637,344,357,493,420,205,77,8,0,1704,1704,92,98,485,221,192,268,217,100,30,1,0,1181,1181,57,97,152,123,165,225,203,105,47,7,0
경상북도 포항시 남구 효곡동(4711158000),30679,30679,3666,3929,3603,3802,5305,5302,3808,930,273,58,3,15605,15605,1849,2093,2143,1805,2432,2678,1998,522,80,4,1,15074,15074,1817,1836,1460,1997,2873,2624,1810,408,193,54,2
경상북도 포항시 남구 대이동(4711159000),25637,25637,2246,2967,3649,3427,4373,4969,2646,916,393,48,3,13013,13013,1172,1571,2048,1821,1963,2556,1358,427,90,6,1,12624,12624,1074,1396,1601,1606,2410,2413,1288,489,303,42,2
경상북도 포항시 북구 (4711300000),272839,272839,21723,25350,30186,32248,41403,48416,43234,20054,8885,1307,33,135663,135663,11269,13290,16873,16775,20348,23609,21043,9248,2955,248,5,137176,137176,10454,12060,13313,15473,21055,24807,22191,10806,5930,1059,28
경상북도 포항시 북구 흥해읍(4711325000),40839,40839,3835,3671,4138,5005,6294,7084,6051,2965,1551,242,3,20502,20502,2026,1915,2370,2594,3197,3558,3004,1319,477,41,1,20337,20337,1809,1756,1768,2411,3097,3526,3047,1646,1074,201,2
경상북도 포항시 북구 신광면(4711331000),2881,2881,65,79,172,129,212,469,790,501,403,60,1,1440,1440,33,49,113,77,133,243,423,231,133,5,0,1441,1441,32,30,59,52,79,226,367,270,270,55,1
경상북도 포항시 북구 청하면(4711332000),4783,4783,106,193,305,254,452,895,1139,847,511,80,1,2346,2346,56,106,185,142,269,490,559,362,164,13,0,2437,2437,50,87,120,112,183,405,580,485,347,67,1
경상북도 포항시 북구 송라면(4711333000),2523,2523,37,89,152,108,194,457,640,475,319,52,0,1228,1228,13,45,84,73,119,257,315,218,96,8,0,1295,1295,24,44,68,35,75,200,325,257,223,44,0
경상북도 포항시 북구 기계면(4711334000),4980,4980,80,194,287,231,368,921,1272,912,615,99,1,2419,2419,37,86,174,152,220,483,653,402,189,23,0,2561,2561,43,108,113,79,148,438,619,510,426,76,1
경상북도 포항시 북구 죽장면(4711335000),2115,2115,40,57,61,67,120,388,611,420,311,39,1,1053,1053,19,31,45,38,79,222,312,187,112,8,0,1062,1062,21,26,16,29,41,166,299,233,199,31,1
경상북도 포항시 북구 죽장면상옥출장소(4711335500),598,598,6,16,27,13,39,108,205,115,55,14,0,303,303,3,8,14,13,23,58,98,64,17,5,0,295,295,3,8,13,0,16,50,107,51,38,9,0
경상북도 포항시 북구 기북면(4711336000),1310,1310,16,40,53,61,95,205,373,260,175,29,3,637,637,7,26,26,36,53,118,194,116,53,8,0,673,673,9,14,27,25,42,87,179,144,122,21,3
경상북도 포항시 북구 중앙동(4711352000),15695,15695,566,805,1622,1741,1948,2722,3339,2047,791,109,5,7682,7682,276,408,876,979,1023,1376,1545,886,293,18,2,8013,8013,290,397,746,762,925,1346,1794,1161,498,91,3
경상북도 포항시 북구 양학동(4711363000),17089,17089,1187,1832,2105,1844,2642,3428,2628,1017,346,57,3,8457,8457,600,985,1213,959,1184,1628,1288,474,116,10,0,8632,8632,587,847,892,885,1458,1800,1340,543,230,47,3
경상북도 포항시 북구 죽도동(4711365500),19864,19864,763,913,2346,2350,2504,3446,4257,2378,789,115,3,9818,9818,396,477,1258,1371,1333,1653,1870,1123,309,28,0,10046,10046,367,436,1088,979,1171,1793,2387,1255,480,87,3
경상북도 포항시 북구 용흥동(4711366500),22142,22142,1427,1997,2336,2162,3256,4090,4162,1903,713,93,3,10840,10840,735,1067,1319,1111,1552,1944,1904,903,277,27,1,11302,11302,692,930,1017,1051,1704,2146,2258,1000,436,66,2
경상북도 포항시 북구 우창동(4711368000),32376,32376,3044,3074,3788,4483,4874,5964,4656,1694,699,98,2,15828,15828,1613,1621,2067,2275,2278,2757,2279,742,182,14,0,16548,16548,1431,1453,1721,2208,2596,3207,2377,952,517,84,2
경상북도 포항시 북구 두호동(4711369000),23074,23074,1603,2394,2899,2474,3304,4656,3727,1432,521,62,2,11449,11449,831,1242,1644,1305,1537,2142,1848,688,195,16,1,11625,11625,772,1152,1255,1169,1767,2514,1879,744,326,46,1
경상북도 포항시 북구 장량동(4711370000),73030,73030,8057,8857,8997,10135,13428,12136,7955,2442,882,137,4,36949,36949,4169,4635,4995,5057,6526,5973,4083,1228,262,21,0,36081,36081,3888,4222,4002,5078,6902,6163,3872,1214,620,116,4
경상북도 포항시 북구 환여동(4711371000),9540,9540,891,1139,898,1191,1673,1447,1429,646,204,21,1,4712,4712,455,589,490,593,822,707,668,305,80,3,0,4828,4828,436,550,408,598,851,740,761,341,124,18,1
경상북도 경주시 (4713000000),252869,252869,15976,20589,26372,25061,36451,46652,42083,24634,13223,1762,66,126589,126589,8167,10753,14877,13374,18982,24125,20770,11004,4188,334,15,126280,126280,7809,9836,11495,11687,17469,22527,21313,13630,9035,1428,51
경상북도 경주시 감포읍(4713025000),5429,5429,142,229,350,324,610,985,1256,932,523,74,4,2728,2728,75,121,220,188,385,560,619,376,169,14,1,2701,2701,67,108,130,136,225,425,637,556,354,60,3
경상북도 경주시 안강읍(4713025300),24594,24594,1126,1997,2268,1710,3296,4976,4456,2926,1645,184,10,12176,12176,584,1015,1290,924,1720,2577,2191,1313,524,37,1,12418,12418,542,982,978,786,1576,2399,2265,1613,1121,147,9
경상북도 경주시 건천읍(4713025600),9429,9429,332,515,710,658,1023,1675,2085,1464,861,101,5,4789,4789,179,284,447,382,597,896,1043,651,290,19,1,4640,4640,153,231,263,276,426,779,1042,813,571,82,4
경상북도 경주시 외동읍(4713025900),21646,21646,1346,1192,2147,2555,2958,4335,3837,1998,1110,163,5,11437,11437,683,644,1232,1500,1729,2355,2011,939,312,30,2,10209,10209,663,548,915,1055,1229,1980,1826,1059,798,133,3
경상북도 경주시 문무대왕면(4713031500),4281,4281,217,186,450,454,370,661,846,604,424,65,4,2240,2240,116,116,287,270,240,383,441,263,114,9,1,2041,2041,101,70,163,184,130,278,405,341,310,56,3
경상북도 경주시 양남면(4713032000),6290,6290,269,319,596,505,709,1300,1361,739,410,80,2,3340,3340,140,160,395,298,422,744,679,351,134,17,0,2950,2950,129,159,201,207,287,556,682,388,276,63,2
경상북도 경주시 내남면(4713033000),4712,4712,95,200,272,250,402,859,1152,822,587,70,3,2366,2366,53,103,159,154,235,479,609,384,173,16,1,2346,2346,42,97,113,96,167,380,543,438,414,54,2
경상북도 경주시 산내면(4713034000),3250,3250,52,87,128,126,190,572,1014,646,386,49,0,1606,1606,29,48,77,62,112,304,523,309,134,8,0,1644,1644,23,39,51,64,78,268,491,337,252,41,0
경상북도 경주시 서면(4713035000),3195,3195,61,132,169,154,288,554,766,649,375,45,2,1589,1589,26,92,101,86,169,324,368,283,132,7,1,1606,1606,35,40,68,68,119,230,398,366,243,38,1
경상북도 경주시 현곡면(4713036000),21703,21703,2372,2399,2259,2957,3777,3594,2482,1161,621,79,2,10715,10715,1249,1210,1206,1476,1847,1787,1208,535,189,6,2,10988,10988,1123,1189,1053,1481,1930,1807,1274,626,432,73,0
경상북도 경주시 강동면(4713037000),6202,6202,188,317,479,353,710,1236,1360,904,570,83,2,3143,3143,84,161,276,208,410,691,712,415,164,22,0,3059,3059,104,156,203,145,300,545,648,489,406,61,2
경상북도 경주시 천북면(4713038000),5705,5705,278,316,517,584,706,1040,1100,728,390,45,1,2972,2972,139,157,293,325,408,582,578,349,129,12,0,2733,2733,139,159,224,259,298,458,522,379,261,33,1
경상북도 경주시 중부동(4713051500),5178,5178,203,313,533,485,635,854,1049,739,337,30,0,2567,2567,100,178,292,277,350,429,477,332,127,5,0,2611,2611,103,135,241,208,285,425,572,407,210,25,0
경상북도 경주시 황오동(4713053000),6425,6425,169,312,613,534,738,1138,1433,980,446,60,2,3111,3111,75,169,339,304,413,592,648,398,160,13,0,3314,3314,94,143,274,230,325,546,785,582,286,47,2
경상북도 경주시 성건동(4713055000),13856,13856,428,819,1950,1257,1778,2353,2684,1814,681,90,2,6876,6876,241,430,1111,737,966,1166,1171,789,250,14,1,6980,6980,187,389,839,520,812,1187,1513,1025,431,76,1
경상북도 경주시 황남동(4713057000),4670,4670,90,193,351,273,488,823,1069,802,513,59,9,2315,2315,47,93,212,165,274,461,539,345,163,13,3,2355,2355,43,100,139,108,214,362,530,457,350,46,6
경상북도 경주시 선도동(4713059000),14750,14750,1140,1645,1888,1437,2516,2795,1839,938,486,65,1,7391,7391,583,869,1049,751,1217,1432,900,410,170,10,0,7359,7359,557,776,839,686,1299,1363,939,528,316,55,1
경상북도 경주시 월성동(4713060500),5833,5833,357,328,467,511,741,1015,1131,788,427,66,2,2875,2875,180,178,281,250,402,536,538,358,136,16,0,2958,2958,177,150,186,261,339,479,593,430,291,50,2
경상북도 경주시 용강동(4713061500),23430,23430,2826,2582,2584,3306,4241,3981,2415,941,479,71,4,11589,11589,1433,1316,1435,1627,2103,1914,1214,403,130,14,0,11841,11841,1393,1266,1149,1679,2138,2067,1201,538,349,57,4
경상북도 경주시 황성동(4713062100),28449,28449,2421,3616,3697,3147,5170,5398,3098,1204,603,94,1,13930,13930,1206,1909,2003,1512,2378,2662,1565,515,167,13,0,14519,14519,1215,1707,1694,1635,2792,2736,1533,689,436,81,1
경상북도 경주시 동천동(4713063000),22380,22380,1177,2204,2946,2265,3570,4451,3476,1548,662,79,2,11177,11177,600,1158,1652,1235,1771,2162,1672,695,212,19,1,11203,11203,577,1046,1294,1030,1799,2289,1804,853,450,60,1
경상북도 경주시 불국동(4713065000),9727,9727,640,599,821,1097,1331,1739,1783,1055,568,92,2,4800,4800,324,301,433,572,722,916,863,478,174,17,0,4927,4927,316,298,388,525,609,823,920,577,394,75,2
경상북도 경주시 보덕동(4713066000),1735,1735,47,89,177,119,204,318,391,252,119,18,1,857,857,21,41,87,71,112,173,201,113,35,3,0,878,878,26,48,90,48,92,145,190,139,84,15,1
경상북도 김천시 (4715000000),140665,140665,10199,12441,14551,14871,19329,23647,22704,13332,8287,1274,30,70614,70614,5270,6764,8155,7834,10178,12362,11197,5845,2735,272,2,70051,70051,4929,5677,6396,7037,9151,11285,11507,7487,5552,1002,28
경상북도 김천시 아포읍(4715025000),7023,7023,338,406,529,539,814,1413,1485,856,541,100,2,3545,3545,177,207,307,281,465,755,776,377,179,20,1,3478,3478,161,199,222,258,349,658,709,479,362,80,1
경상북도 김천시 농소면(4715031000),3046,3046,121,128,256,220,303,556,663,436,320,42,1,1600,1600,59,70,155,127,196,327,339,186,128,13,0,1446,1446,62,58,101,93,107,229,324,250,192,29,1
경상북도 김천시 남면(4715032000),3123,3123,68,141,227,191,305,591,718,474,340,66,2,1605,1605,40,76,147,102,189,333,389,212,107,10,0,1518,1518,28,65,80,89,116,258,329,262,233,56,2
경상북도 김천시 개령면(4715034000),2462,2462,56,104,171,149,203,476,615,391,253,43,1,1252,1252,38,51,111,89,129,261,317,175,70,11,0,1210,1210,18,53,60,60,74,215,298,216,183,32,1
경상북도 김천시 감문면(4715035000),3317,3317,71,104,168,170,245,584,854,563,476,82,0,1646,1646,44,54,113,97,148,320,466,245,142,17,0,1671,1671,27,50,55,73,97,264,388,318,334,65,0
경상북도 김천시 어모면(4715036000),4052,4052,154,177,294,215,413,744,931,643,409,71,1,2072,2072,86,110,186,114,231,411,488,293,141,12,0,1980,1980,68,67,108,101,182,333,443,350,268,59,1
경상북도 김천시 봉산면(4715037000),3143,3143,90,142,242,176,279,602,787,502,282,41,0,1618,1618,47,86,130,112,173,326,411,230,88,15,0,1525,1525,43,56,112,64,106,276,376,272,194,26,0
경상북도 김천시 대항면(4715038000),3428,3428,75,185,290,204,314,710,822,451,317,57,3,1749,1749,39,99,183,116,184,376,435,202,107,8,0,1679,1679,36,86,107,88,130,334,387,249,210,49,3
경상북도 김천시 감천면(4715039000),1950,1950,58,73,147,120,177,379,435,284,240,37,0,1006,1006,41,44,80,84,107,210,223,129,81,7,0,944,944,17,29,67,36,70,169,212,155,159,30,0
경상북도 김천시 조마면(4715040000),2213,2213,52,89,136,120,189,420,538,346,280,41,2,1104,1104,27,48,77,70,112,226,286,167,82,9,0,1109,1109,25,41,59,50,77,194,252,179,198,32,2
경상북도 김천시 구성면(4715041000),2826,2826,57,83,170,128,184,533,698,502,394,77,0,1405,1405,29,52,92,77,123,300,370,227,116,19,0,1421,1421,28,31,78,51,61,233,328,275,278,58,0
경상북도 김천시 지례면(4715042000),1559,1559,43,56,77,68,101,268,377,299,234,34,2,782,782,23,35,50,43,61,159,206,117,74,13,1,777,777,20,21,27,25,40,109,171,182,160,21,1
경상북도 김천시 부항면(4715043000),1273,1273,26,37,64,52,107,215,328,222,190,30,2,637,637,17,20,37,32,69,127,184,88,55,8,0,636,636,9,17,27,20,38,88,144,134,135,22,2
경상북도 김천시 대덕면(4715044000),2315,2315,47,328,112,107,149,359,497,369,302,42,3,1148,1148,30,171,68,62,84,197,257,174,96,9,0,1167,1167,17,157,44,45,65,162,240,195,206,33,3
경상북도 김천시 증산면(4715045000),1043,1043,9,33,46,25,85,213,303,155,155,19,0,504,504,6,18,29,11,47,126,155,63,45,4,0,539,539,3,15,17,14,38,87,148,92,110,15,0
경상북도 김천시 자산동(4715051600),6683,6683,195,362,632,540,821,1066,1549,992,469,57,0,3415,3415,112,174,376,341,497,587,694,454,167,13,0,3268,3268,83,188,256,199,324,479,855,538,302,44,0
경상북도 김천시 평화남산동(4715053600),7648,7648,211,435,814,699,857,1320,1619,1055,562,74,2,3730,3730,106,237,469,424,475,661,696,432,218,12,0,3918,3918,105,198,345,275,382,659,923,623,344,62,2
경상북도 김천시 양금동(4715056500),3952,3952,132,233,319,253,408,659,873,665,362,47,1,1912,1912,74,127,165,135,221,353,399,284,140,14,0,2040,2040,58,106,154,118,187,306,474,381,222,33,1
경상북도 김천시 대신동(4715057500),25485,25485,2019,3245,3740,2867,4097,4320,2867,1406,821,98,5,12644,12644,1037,1698,2049,1466,1975,2152,1401,588,256,22,0,12841,12841,982,1547,1691,1401,2122,2168,1466,818,565,76,5
경상북도 김천시 대곡동(4715059500),20415,20415,1384,2371,2333,1987,2953,3695,3112,1596,858,125,1,10213,10213,697,1441,1366,1010,1449,1769,1446,707,307,21,0,10202,10202,687,930,967,977,1504,1926,1666,889,551,104,1
경상북도 김천시 지좌동(4715061000),11088,11088,880,1078,1441,1302,1832,1922,1515,740,321,56,1,5656,5656,445,606,797,736,944,992,704,327,95,10,0,5432,5432,435,472,644,566,888,930,811,413,226,46,1
경상북도 김천시 율곡동(4715064000),22621,22621,4113,2631,2343,4739,4493,2602,1118,385,161,35,1,11371,11371,2096,1340,1168,2305,2299,1394,555,168,41,5,0,11250,11250,2017,1291,1175,2434,2194,1208,563,217,120,30,1
경상북도 안동시 (4717000000),158210,158210,10421,13564,16544,15345,21956,26083,26279,16523,9929,1502,64,78279,78279,5455,7076,9050,7976,11410,13388,12739,7394,3455,324,12,79931,79931,4966,6488,7494,7369,10546,12695,13540,9129,6474,1178,52
경상북도 안동시 풍산읍(4717025000),6351,6351,191,266,438,369,566,1066,1446,1094,779,126,10,3198,3198,104,147,258,209,344,588,726,517,266,36,3,3153,3153,87,119,180,160,222,478,720,577,513,90,7
경상북도 안동시 와룡면(4717031000),4074,4074,100,191,280,208,322,667,933,719,564,85,5,2107,2107,55,117,158,121,201,379,502,338,212,24,0,1967,1967,45,74,122,87,121,288,431,381,352,61,5
경상북도 안동시 북후면(4717032000),2993,2993,61,83,139,154,306,530,685,533,436,66,0,1570,1570,35,50,93,101,201,315,355,250,156,14,0,1423,1423,26,33,46,53,105,215,330,283,280,52,0
경상북도 안동시 서후면(4717033000),3534,3534,82,129,288,208,350,597,884,533,383,80,0,1861,1861,41,76,167,130,222,343,470,256,140,16,0,1673,1673,41,53,121,78,128,254,414,277,243,64,0
경상북도 안동시 풍천면(4717034000),6874,6874,436,377,972,1049,778,935,1018,742,479,82,6,3503,3503,225,191,504,580,437,526,505,341,167,24,3,3371,3371,211,186,468,469,341,409,513,401,312,58,3
경상북도 안동시 일직면(4717035000),2746,2746,44,128,145,112,231,436,640,547,401,59,3,1334,1334,25,79,87,62,139,252,306,244,131,9,0,1412,1412,19,49,58,50,92,184,334,303,270,50,3
경상북도 안동시 남후면(4717036000),1771,1771,29,56,82,80,159,275,407,352,281,49,1,884,884,16,34,48,59,101,151,221,155,95,4,0,887,887,13,22,34,21,58,124,186,197,186,45,1
경상북도 안동시 남선면(4717037000),2109,2109,56,78,152,134,159,429,507,317,235,41,1,1080,1080,28,37,98,81,104,232,259,153,78,10,0,1029,1029,28,41,54,53,55,197,248,164,157,31,1
경상북도 안동시 임하면(4717038000),2829,2829,57,108,173,145,259,507,716,472,325,65,2,1483,1483,29,54,104,88,173,303,392,217,107,16,0,1346,1346,28,54,69,57,86,204,324,255,218,49,2
경상북도 안동시 길안면(4717039000),2723,2723,44,77,120,118,172,519,702,543,383,44,1,1379,1379,17,40,71,72,125,302,386,222,134,10,0,1344,1344,27,37,49,46,47,217,316,321,249,34,1
경상북도 안동시 임동면(4717040000),1754,1754,31,49,68,59,149,288,492,344,246,23,5,907,907,20,24,41,34,99,177,270,152,82,8,0,847,847,11,25,27,25,50,111,222,192,164,15,5
경상북도 안동시 예안면(4717041000),1855,1855,44,54,83,76,116,352,500,341,264,24,1,964,964,26,38,53,45,74,186,270,167,99,6,0,891,891,18,16,30,31,42,166,230,174,165,18,1
경상북도 안동시 도산면(4717042000),1631,1631,22,47,72,64,121,285,432,335,218,35,0,854,854,13,25,44,44,83,169,215,168,82,11,0,777,777,9,22,28,20,38,116,217,167,136,24,0
경상북도 안동시 녹전면(4717043000),1736,1736,31,63,64,72,123,279,475,342,256,31,0,903,903,20,30,37,46,83,163,265,163,85,11,0,833,833,11,33,27,26,40,116,210,179,171,20,0
경상북도 안동시 중구동(4717051000),5181,5181,230,356,621,502,623,804,928,716,337,63,1,2527,2527,128,189,349,241,348,415,403,316,127,10,1,2654,2654,102,167,272,261,275,389,525,400,210,53,0
경상북도 안동시 명륜동(4717052000),5013,5013,298,416,514,427,702,930,854,558,277,37,0,2392,2392,160,194,266,210,369,472,390,238,84,9,0,2621,2621,138,222,248,217,333,458,464,320,193,28,0
경상북도 안동시 용상동(4717055500),22190,22190,1884,2337,2967,2531,3536,3475,2830,1630,873,125,2,11033,11033,972,1234,1658,1294,1770,1760,1324,698,299,23,1,11157,11157,912,1103,1309,1237,1766,1715,1506,932,574,102,1
경상북도 안동시 서구동(4717058500),9124,9124,631,884,848,798,1369,1441,1522,1002,550,74,5,4400,4400,342,449,461,395,689,734,664,444,202,20,0,4724,4724,289,435,387,403,680,707,858,558,348,54,5
경상북도 안동시 태화동(4717060000),13146,13146,884,940,1390,1492,1849,2205,2240,1414,649,78,5,6532,6532,442,505,778,797,992,1085,1033,634,252,13,1,6614,6614,442,435,612,695,857,1120,1207,780,397,65,4
경상북도 안동시 평화동(4717062000),6280,6280,373,515,627,564,889,1041,1168,705,342,54,2,3036,3036,185,268,349,311,453,490,513,323,136,8,0,3244,3244,188,247,278,253,436,551,655,382,206,46,2
경상북도 안동시 안기동(4717063000),6189,6189,334,551,665,559,837,1154,1179,634,237,39,0,3066,3066,177,283,363,299,424,562,544,308,96,10,0,3123,3123,157,268,302,260,413,592,635,326,141,29,0
경상북도 안동시 옥동(4717065000),21547,21547,1938,2598,2658,2398,3729,3526,2693,1241,667,95,4,10274,10274,1014,1316,1394,1169,1783,1655,1245,487,197,13,1,11273,11273,924,1282,1264,1229,1946,1871,1448,754,470,82,3
경상북도 안동시 송하동(4717066000),16144,16144,1530,1738,1903,2115,2576,2728,2073,892,497,85,7,7854,7854,811,892,1023,1068,1242,1289,1009,361,145,12,2,8290,8290,719,846,880,1047,1334,1439,1064,531,352,73,5
경상북도 안동시 강남동(4717069000),10416,10416,1091,1523,1275,1111,2035,1614,955,517,250,42,3,5138,5138,570,804,646,520,954,840,472,242,83,7,0,5278,5278,521,719,629,591,1081,774,483,275,167,35,3
경상북도 구미시 (4719000000),414730,414730,40337,44394,55856,64745,72787,69882,41166,16079,8250,1194,40,213007,213007,20772,23137,31086,34569,36748,35641,21142,7105,2582,222,3,201723,201723,19565,21257,24770,30176,36039,34241,20024,8974,5668,972,37
경상북도 구미시 선산읍(4719025000),14834,14834,861,1124,1403,1256,1940,2919,2773,1452,943,158,5,7342,7342,445,562,840,652,1004,1459,1424,646,290,20,0,7492,7492,416,562,563,604,936,1460,1349,806,653,138,5
경상북도 구미시 고아읍(4719025300),38224,38224,3649,3915,4736,4887,5882,7926,4455,1626,980,164,4,19376,19376,1913,2099,2713,2491,2792,3938,2408,700,295,27,0,18848,18848,1736,1816,2023,2396,3090,3988,2047,926,685,137,4
경상북도 구미시 산동읍(4719025600),26608,26608,5583,2304,2487,7910,4469,2081,1053,390,288,41,2,13896,13896,2822,1208,1189,4213,2487,1133,577,175,80,12,0,12712,12712,2761,1096,1298,3697,1982,948,476,215,208,29,2
경상북도 구미시 무을면(4719031000),1858,1858,43,58,102,83,129,359,485,301,256,42,0,927,927,21,27,63,49,82,208,258,131,77,11,0,931,931,22,31,39,34,47,151,227,170,179,31,0
경상북도 구미시 옥성면(4719032000),1702,1702,12,54,100,78,139,328,429,273,252,36,1,876,876,6,21,72,51,94,178,232,135,80,7,0,826,826,6,33,28,27,45,150,197,138,172,29,1
경상북도 구미시 도개면(4719033000),2205,2205,43,112,147,98,188,391,519,370,296,41,0,1127,1127,19,68,95,65,116,231,262,165,95,11,0,1078,1078,24,44,52,33,72,160,257,205,201,30,0
경상북도 구미시 해평면(4719034000),4067,4067,64,151,280,212,410,814,926,654,491,62,3,2119,2119,33,75,168,140,259,486,502,264,177,15,0,1948,1948,31,76,112,72,151,328,424,390,314,47,3
경상북도 구미시 장천면(4719036000),3134,3134,68,196,240,179,375,616,654,462,306,36,2,1599,1599,45,99,136,101,212,341,342,219,98,6,0,1535,1535,23,97,104,78,163,275,312,243,208,30,2
경상북도 구미시 송정동(4719051000),24239,24239,1756,2423,3379,3354,3844,4459,3384,1193,404,41,2,11963,11963,873,1242,1818,1797,1828,2099,1595,569,137,4,1,12276,12276,883,1181,1561,1557,2016,2360,1789,624,267,37,1
경상북도 구미시 원평1동(4719052000),3767,3767,71,97,467,523,707,838,649,297,95,22,1,2107,2107,37,49,260,294,407,506,371,147,34,2,0,1660,1660,34,48,207,229,300,332,278,150,61,20,1
경상북도 구미시 원평2동(4719053000),3005,3005,73,128,300,252,324,592,728,413,174,20,1,1566,1566,39,74,188,166,196,311,358,173,55,6,0,1439,1439,34,54,112,86,128,281,370,240,119,14,1
경상북도 구미시 도량동(4719055100),29452,29452,2272,3413,3830,3419,4911,5948,3796,1217,579,67,0,14419,14419,1207,1680,2169,1744,2254,2758,1877,523,191,16,0,15033,15033,1065,1733,1661,1675,2657,3190,1919,694,388,51,0
경상북도 구미시 지산동(4719055500),2202,2202,71,124,214,152,274,471,533,236,111,15,1,1138,1138,31,62,134,95,152,249,269,111,35,0,0,1064,1064,40,62,80,57,122,222,264,125,76,15,1
경상북도 구미시 선주원남동(4719056500),38935,38935,3742,4969,5092,4973,7302,7134,3887,1240,518,76,2,19779,19779,1910,2622,2801,2497,3567,3574,2059,573,167,9,0,19156,19156,1832,2347,2291,2476,3735,3560,1828,667,351,67,2
경상북도 구미시 형곡1동(4719058200),14429,14429,1048,1582,1933,1632,2380,2980,1898,675,273,27,1,7148,7148,541,852,1095,820,1066,1420,938,328,84,4,0,7281,7281,507,730,838,812,1314,1560,960,347,189,23,1
경상북도 구미시 형곡2동(4719058300),16774,16774,819,1881,2688,1603,2671,3849,2306,675,247,33,2,8420,8420,440,1027,1545,861,1175,1822,1170,302,71,7,0,8354,8354,379,854,1143,742,1496,2027,1136,373,176,26,2
경상북도 구미시 신평1동(4719059000),3314,3314,138,170,613,492,452,624,483,241,89,12,0,1855,1855,70,87,386,326,263,335,249,102,36,1,0,1459,1459,68,83,227,166,189,289,234,139,53,11,0
경상북도 구미시 신평2동(4719060000),3216,3216,280,219,417,533,433,630,414,183,94,10,3,1744,1744,147,124,228,329,242,343,222,72,34,3,0,1472,1472,133,95,189,204,191,287,192,111,60,7,3
경상북도 구미시 비산동(4719061000),13239,13239,1675,1098,1877,2809,2153,2198,1011,291,112,15,0,6963,6963,856,546,1035,1587,1128,1108,519,152,30,2,0,6276,6276,819,552,842,1222,1025,1090,492,139,82,13,0
경상북도 구미시 광평동(4719063000),4383,4383,328,346,626,694,761,818,492,228,78,11,1,2347,2347,177,169,359,425,423,404,245,112,29,4,0,2036,2036,151,177,267,269,338,414,247,116,49,7,1
경상북도 구미시 상모사곡동(4719064500),30967,30967,2776,3728,4673,4348,6065,6006,2220,745,349,56,1,16139,16139,1378,1948,2667,2382,2932,3213,1180,321,105,12,1,14828,14828,1398,1780,2006,1966,3133,2793,1040,424,244,44,0
경상북도 구미시 임오동(4719066000),18822,18822,2146,2495,2374,2941,3841,3144,1264,404,183,29,1,9820,9820,1103,1340,1332,1517,1909,1706,685,164,58,6,0,9002,9002,1043,1155,1042,1424,1932,1438,579,240,125,23,1
경상북도 구미시 인동동(4719067000),48161,48161,4614,5944,7116,8409,9467,7022,3577,1325,599,87,1,24897,24897,2455,3109,3895,4461,4846,3617,1791,535,171,17,0,23264,23264,2159,2835,3221,3948,4621,3405,1786,790,428,70,1
경상북도 구미시 진미동(4719068000),16368,16368,921,1059,4217,4299,2776,1744,877,325,119,29,2,8838,8838,471,536,2130,2558,1569,966,424,146,31,7,0,7530,7530,450,523,2087,1741,1207,778,453,179,88,22,2
경상북도 구미시 양포동(4719069000),46423,46423,6698,6586,5862,8540,10175,5345,1982,778,396,58,3,24177,24177,3418,3403,3361,4336,5330,2899,996,303,117,13,1,22246,22246,3280,3183,2501,4204,4845,2446,986,475,279,45,2
경상북도 구미시 공단동(4719070000),4402,4402,586,218,683,1069,719,646,371,85,18,6,1,2425,2425,315,108,407,612,415,337,189,37,5,0,0,1977,1977,271,110,276,457,304,309,182,48,13,6,1
경상북도 영주시 (4721000000),102703,102703,5944,8779,9591,8384,13692,17601,18803,11797,7003,1057,52,50952,50952,3081,4617,5621,4486,7077,9021,9011,5341,2466,222,9,51751,51751,2863,4162,3970,3898,6615,8580,9792,6456,4537,835,43
경상북도 영주시 풍기읍(4721025000),10721,10721,452,751,954,736,1208,1835,2346,1450,836,143,10,5315,5315,233,403,594,392,649,919,1158,644,292,28,3,5406,5406,219,348,360,344,559,916,1188,806,544,115,7
경상북도 영주시 이산면(4721031000),2357,2357,55,100,176,112,184,470,570,349,297,44,0,1217,1217,25,51,114,63,107,270,297,173,108,9,0,1140,1140,30,49,62,49,77,200,273,176,189,35,0
경상북도 영주시 평은면(4721032000),1445,1445,22,55,84,47,95,253,344,285,219,39,2,729,729,16,25,59,25,64,137,181,136,75,11,0,716,716,6,30,25,22,31,116,163,149,144,28,2
경상북도 영주시 문수면(4721033000),1953,1953,53,86,135,106,160,339,460,311,247,54,2,997,997,28,46,86,67,99,181,251,144,85,10,0,956,956,25,40,49,39,61,158,209,167,162,44,2
경상북도 영주시 장수면(4721034000),2185,2185,53,101,162,109,177,363,523,363,274,57,3,1106,1106,28,51,103,69,102,198,275,172,98,10,0,1079,1079,25,50,59,40,75,165,248,191,176,47,3
경상북도 영주시 안정면(4721035000),2992,2992,81,126,188,146,258,477,743,529,377,66,1,1514,1514,40,71,117,95,163,253,382,252,129,12,0,1478,1478,41,55,71,51,95,224,361,277,248,54,1
경상북도 영주시 봉현면(4721036000),2732,2732,69,130,164,125,256,493,731,451,266,40,7,1387,1387,30,68,97,73,154,257,371,231,92,12,2,1345,1345,39,62,67,52,102,236,360,220,174,28,5
경상북도 영주시 순흥면(4721037000),2010,2010,37,74,129,83,137,358,564,344,242,40,2,1010,1010,19,42,83,52,77,190,291,158,91,6,1,1000,1000,18,32,46,31,60,168,273,186,151,34,1
경상북도 영주시 단산면(4721038000),1874,1874,25,59,103,80,149,329,474,331,281,42,1,935,935,13,31,75,50,93,173,259,146,86,8,1,939,939,12,28,28,30,56,156,215,185,195,34,0
경상북도 영주시 부석면(4721039000),3097,3097,55,112,132,140,204,563,855,576,399,60,1,1534,1534,30,59,78,83,132,302,416,278,143,13,0,1563,1563,25,53,54,57,72,261,439,298,256,47,1
경상북도 영주시 상망동(4721051000),7705,7705,465,914,740,574,1237,1326,1188,769,419,71,2,3849,3849,243,486,457,300,605,697,558,340,157,6,0,3856,3856,222,428,283,274,632,629,630,429,262,65,2
경상북도 영주시 하망동(4721052500),6241,6241,349,584,612,474,857,1143,1069,716,391,41,5,2979,2979,178,302,337,256,419,585,474,285,131,11,1,3262,3262,171,282,275,218,438,558,595,431,260,30,4
경상북도 영주시 영주1동(4721055000),4014,4014,153,290,314,282,476,665,875,579,337,40,3,1945,1945,86,139,186,150,248,366,387,250,118,15,0,2069,2069,67,151,128,132,228,299,488,329,219,25,3
경상북도 영주시 영주2동(4721056000),3551,3551,171,246,281,248,417,618,757,526,248,38,1,1710,1710,104,134,156,127,209,315,330,238,89,8,0,1841,1841,67,112,125,121,208,303,427,288,159,30,1
경상북도 영주시 휴천1동(4721059000),6641,6641,482,866,697,519,1128,1204,858,559,290,36,2,3299,3299,240,458,427,258,539,617,387,259,102,12,0,3342,3342,242,408,270,261,589,587,471,300,188,24,2
경상북도 영주시 휴천2동(4721060000),8228,8228,431,620,955,686,1046,1528,1511,945,449,54,3,4056,4056,205,334,540,388,543,721,690,437,184,14,0,4172,4172,226,286,415,298,503,807,821,508,265,40,3
경상북도 영주시 휴천3동(4721061000),7926,7926,430,679,925,632,1028,1572,1432,778,388,61,1,3952,3952,222,368,550,343,500,779,665,372,138,15,0,3974,3974,208,311,375,289,528,793,767,406,250,46,1
경상북도 영주시 가흥1동(4721062000),19037,19037,2034,2191,1968,2502,3458,2681,2238,1246,638,78,3,9571,9571,1062,1130,1111,1283,1779,1398,1043,522,228,14,1,9466,9466,972,1061,857,1219,1679,1283,1195,724,410,64,2
경상북도 영주시 가흥2동(4721063000),7994,7994,527,795,872,783,1217,1384,1265,690,405,53,3,3847,3847,279,419,451,412,595,663,596,304,120,8,0,4147,4147,248,376,421,371,622,721,669,386,285,45,3
경상북도 영천시 (4723000000),102529,102529,5689,6744,10157,9374,12582,18239,19161,12645,7095,818,25,52216,52216,2890,3648,6095,5091,6913,9725,9662,5675,2322,190,5,50313,50313,2799,3096,4062,4283,5669,8514,9499,6970,4773,628,20
경상북도 영천시 금호읍(4723025000),11015,11015,404,483,952,773,1250,2259,2345,1610,850,87,2,5772,5772,207,298,546,436,726,1301,1201,743,291,22,1,5243,5243,197,185,406,337,524,958,1144,867,559,65,1
경상북도 영천시 청통면(4723031000),4116,4116,110,135,290,288,351,737,1052,718,390,44,1,2134,2134,60,75,175,180,221,395,543,354,123,8,0,1982,1982,50,60,115,108,130,342,509,364,267,36,1
경상북도 영천시 신녕면(4723032000),3865,3865,103,211,220,207,339,646,960,701,421,55,2,1887,1887,58,103,138,122,186,366,466,301,139,7,1,1978,1978,45,108,82,85,153,280,494,400,282,48,1
경상북도 영천시 화산면(4723033000),3233,3233,64,91,180,180,268,571,792,627,411,48,1,1685,1685,37,54,129,102,163,341,436,283,127,13,0,1548,1548,27,37,51,78,105,230,356,344,284,35,1
경상북도 영천시 화북면(4723034000),2213,2213,64,92,113,92,166,398,573,384,289,40,2,1099,1099,40,50,64,54,101,214,304,175,92,4,1,1114,1114,24,42,49,38,65,184,269,209,197,36,1
경상북도 영천시 화남면(4723035000),3216,3216,76,136,175,161,244,595,842,601,336,47,3,1686,1686,38,100,113,101,159,334,439,282,108,12,0,1530,1530,38,36,62,60,85,261,403,319,228,35,3
경상북도 영천시 자양면(4723036000),1228,1228,14,37,84,44,69,264,314,222,159,20,1,607,607,7,20,47,27,43,132,177,94,55,5,0,621,621,7,17,37,17,26,132,137,128,104,15,1
경상북도 영천시 임고면(4723037000),4243,4243,118,146,257,222,363,714,1009,862,493,59,0,2153,2153,64,77,158,119,225,399,507,391,191,22,0,2090,2090,54,69,99,103,138,315,502,471,302,37,0
경상북도 영천시 고경면(4723038000),5933,5933,249,219,966,439,515,859,1163,911,555,56,1,3298,3298,128,121,777,255,321,458,622,423,178,15,0,2635,2635,121,98,189,184,194,401,541,488,377,41,1
경상북도 영천시 북안면(4723039000),4474,4474,79,129,262,238,397,778,1138,852,533,65,3,2309,2309,37,65,158,146,240,442,607,421,181,11,1,2165,2165,42,64,104,92,157,336,531,431,352,54,2
경상북도 영천시 대창면(4723040000),3103,3103,87,83,207,198,251,569,858,503,308,38,1,1644,1644,44,41,119,125,169,346,455,231,103,10,1,1459,1459,43,42,88,73,82,223,403,272,205,28,0
경상북도 영천시 동부동(4723051000),28861,28861,2429,2876,3431,3493,4608,5160,3906,1877,974,102,5,14229,14229,1213,1533,1949,1814,2294,2550,1804,786,264,22,0,14632,14632,1216,1343,1482,1679,2314,2610,2102,1091,710,80,5
경상북도 영천시 중앙동(4723052000),9832,9832,731,954,1261,1121,1476,1702,1326,820,395,45,1,4963,4963,386,479,717,587,793,835,673,349,137,7,0,4869,4869,345,475,544,534,683,867,653,471,258,38,1
경상북도 영천시 서부동(4723053500),4791,4791,158,278,496,387,536,873,978,699,348,37,1,2381,2381,75,143,275,215,311,475,470,299,108,10,0,2410,2410,83,135,221,172,225,398,508,400,240,27,1
경상북도 영천시 완산동(4723054000),8224,8224,759,680,866,1095,1263,1319,1143,733,337,28,1,4098,4098,364,383,475,551,659,666,557,306,127,10,0,4126,4126,395,297,391,544,604,653,586,427,210,18,1
경상북도 영천시 남부동(4723055500),4182,4182,244,194,397,436,486,795,762,525,296,47,0,2271,2271,132,106,255,257,302,471,401,237,98,12,0,1911,1911,112,88,142,179,184,324,361,288,198,35,0
경상북도 상주시 (4725000000),96793,96793,5090,7503,7863,7285,11328,16576,18747,12483,8537,1340,41,47438,47438,2634,3935,4571,3914,6002,8784,9214,5424,2705,251,4,49355,49355,2456,3568,3292,3371,5326,7792,9533,7059,5832,1089,37
경상북도 상주시 함창읍(4725025000),6515,6515,276,533,382,442,718,1060,1363,946,686,104,5,3129,3129,152,242,220,251,385,565,676,398,217,22,1,3386,3386,124,291,162,191,333,495,687,548,469,82,4
경상북도 상주시 중동면(4725031000),1414,1414,41,60,67,74,105,237,312,295,197,25,1,692,692,27,28,40,44,75,145,153,121,56,3,0,722,722,14,32,27,30,30,92,159,174,141,22,1
경상북도 상주시 사벌국면(4725032500),3870,3870,103,165,193,211,331,631,906,662,574,90,4,1892,1892,52,102,126,123,218,358,476,272,153,12,0,1978,1978,51,63,67,88,113,273,430,390,421,78,4
경상북도 상주시 낙동면(4725033000),3016,3016,86,156,158,120,248,500,671,552,436,86,3,1465,1465,45,80,94,77,148,270,361,241,132,17,0,1551,1551,41,76,64,43,100,230,310,311,304,69,3
경상북도 상주시 낙동면동부출장소(4725033500),1004,1004,29,34,52,37,76,202,237,150,167,20,0,493,493,15,14,34,21,44,121,120,70,49,5,0,511,511,14,20,18,16,32,81,117,80,118,15,0
경상북도 상주시 청리면(4725034000),2636,2636,86,96,141,149,197,427,639,464,373,62,2,1290,1290,47,65,96,83,129,234,320,187,118,11,0,1346,1346,39,31,45,66,68,193,319,277,255,51,2
경상북도 상주시 공성면(4725035000),3992,3992,95,226,188,199,303,629,995,751,520,84,2,1967,1967,44,134,120,114,197,338,491,337,174,18,0,2025,2025,51,92,68,85,106,291,504,414,346,66,2
경상북도 상주시 외남면(4725036000),1657,1657,55,66,76,81,131,285,386,298,237,42,0,827,827,25,41,45,40,91,173,198,128,78,8,0,830,830,30,25,31,41,40,112,188,170,159,34,0
경상북도 상주시 내서면(4725037000),1946,1946,51,80,101,95,132,376,513,326,244,27,1,993,993,21,48,60,59,72,207,287,152,83,3,1,953,953,30,32,41,36,60,169,226,174,161,24,0
경상북도 상주시 모동면(4725038000),2581,2581,96,149,152,130,248,502,653,383,232,33,3,1294,1294,51,76,99,64,149,260,335,165,88,7,0,1287,1287,45,73,53,66,99,242,318,218,144,26,3
경상북도 상주시 모서면(4725039000),1746,1746,59,66,96,90,149,332,443,276,202,33,0,886,886,27,34,68,55,89,191,233,116,63,10,0,860,860,32,32,28,35,60,141,210,160,139,23,0
경상북도 상주시 모서면서부출장소(4725039500),757,757,23,39,26,45,61,147,200,111,94,11,0,366,366,13,21,15,21,38,72,110,47,29,0,0,391,391,10,18,11,24,23,75,90,64,65,11,0
경상북도 상주시 화동면(4725040000),1978,1978,62,98,98,105,165,381,464,344,213,48,0,994,994,31,54,51,62,104,215,242,156,73,6,0,984,984,31,44,47,43,61,166,222,188,140,42,0
경상북도 상주시 화서면(4725041000),2774,2774,144,146,143,175,255,517,630,410,318,36,0,1353,1353,81,68,83,93,142,264,322,176,114,10,0,1421,1421,63,78,60,82,113,253,308,234,204,26,0
경상북도 상주시 화북면(4725042000),1222,1222,26,63,65,66,113,257,282,186,141,21,2,616,616,17,29,30,43,62,146,143,83,59,4,0,606,606,9,34,35,23,51,111,139,103,82,17,2
경상북도 상주시 화북면서부출장소(4725042600),331,331,5,10,14,9,24,67,101,53,43,5,0,171,171,2,5,10,5,15,41,56,23,14,0,0,160,160,3,5,4,4,9,26,45,30,29,5,0
경상북도 상주시 외서면(4725043000),2703,2703,86,149,117,139,279,477,606,451,345,52,2,1279,1279,36,77,69,78,156,264,292,196,100,11,0,1424,1424,50,72,48,61,123,213,314,255,245,41,2
경상북도 상주시 은척면(4725044000),1136,1136,20,44,42,30,80,163,303,251,175,26,2,524,524,8,26,21,16,49,91,151,100,60,2,0,612,612,12,18,21,14,31,72,152,151,115,24,2
경상북도 상주시 은척면북부출장소(4725044500),379,379,9,19,10,9,23,72,76,71,79,11,0,199,199,2,13,7,6,13,49,40,35,31,3,0,180,180,7,6,3,3,10,23,36,36,48,8,0
경상북도 상주시 공검면(4725045000),2134,2134,32,94,95,96,169,298,541,414,336,58,1,1012,1012,13,44,65,63,107,159,273,181,97,10,0,1122,1122,19,50,30,33,62,139,268,233,239,48,1
경상북도 상주시 이안면(4725046000),2050,2050,58,86,93,68,190,303,439,417,327,67,2,986,986,36,39,54,41,108,180,220,183,105,20,0,1064,1064,22,47,39,27,82,123,219,234,222,47,2
경상북도 상주시 화남면(4725047000),830,830,30,33,45,36,64,164,192,141,98,27,0,401,401,15,16,18,13,39,96,103,67,30,4,0,429,429,15,17,27,23,25,68,89,74,68,23,0
경상북도 상주시 남원동(4725052000),12102,12102,878,1291,1267,1224,1768,2077,1878,1113,521,84,1,5924,5924,449,722,713,656,846,1019,859,484,163,13,0,6178,6178,429,569,554,568,922,1058,1019,629,358,71,1
경상북도 상주시 북문동(4725053000),9026,9026,709,835,965,1008,1364,1539,1459,704,387,56,0,4501,4501,348,454,537,522,680,804,710,307,133,6,0,4525,4525,361,381,428,486,684,735,749,397,254,50,0
경상북도 상주시 계림동(4725054000),8120,8120,583,851,751,815,1181,1389,1247,751,493,56,3,3876,3876,295,426,417,440,598,679,564,310,138,9,0,4244,4244,288,425,334,375,583,710,683,441,355,47,3
경상북도 상주시 동문동(4725055000),8263,8263,562,757,846,737,1147,1524,1312,848,458,69,3,4008,4008,302,372,473,376,531,830,593,372,142,16,1,4255,4255,260,385,373,361,616,694,719,476,316,53,2
경상북도 상주시 동성동(4725056000),3587,3587,160,339,295,253,476,618,654,479,271,39,3,1746,1746,93,181,178,133,261,317,276,211,92,4,0,1841,1841,67,158,117,120,215,301,378,268,179,35,3
경상북도 상주시 신흥동(4725057000),9024,9024,726,1018,1385,842,1331,1402,1245,636,370,68,1,4554,4554,387,524,828,415,656,696,610,306,114,17,1,4470,4470,339,494,557,427,675,706,635,330,256,51,0
경상북도 문경시 (4728000000),71800,71800,3983,5636,6326,5647,8727,11986,13756,9169,5681,829,60,35256,35256,2065,3060,3591,2971,4678,6219,6686,3972,1831,168,15,36544,36544,1918,2576,2735,2676,4049,5767,7070,5197,3850,661,45
경상북도 문경시 문경읍(4728025000),5873,5873,203,368,389,359,607,1024,1316,963,556,77,11,2845,2845,97,194,238,200,337,535,637,397,192,14,4,3028,3028,106,174,151,159,270,489,679,566,364,63,7
경상북도 문경시 문경읍갈평출장소(4728025100),1118,1118,39,60,71,47,98,228,269,171,118,17,0,571,571,20,33,45,27,55,133,139,79,38,2,0,547,547,19,27,26,20,43,95,130,92,80,15,0
경상북도 문경시 가은읍(4728025300),3239,3239,107,147,168,160,261,535,735,581,463,78,4,1567,1567,51,87,104,85,143,286,385,252,154,20,0,1672,1672,56,60,64,75,118,249,350,329,309,58,4
경상북도 문경시 가은읍북부출장소(4728025400),858,858,12,39,36,46,80,190,207,144,89,14,1,450,450,6,23,18,18,48,114,127,64,32,0,0,408,408,6,16,18,28,32,76,80,80,57,14,1
경상북도 문경시 영순면(4728031000),2496,2496,55,297,147,94,182,338,583,389,351,60,0,1300,1300,25,193,86,56,111,200,300,190,125,14,0,1196,1196,30,104,61,38,71,138,283,199,226,46,0
경상북도 문경시 산양면(4728032000),3100,3100,94,130,191,167,260,476,738,535,427,79,3,1557,1557,49,63,129,90,173,273,370,245,151,14,0,1543,1543,45,67,62,77,87,203,368,290,276,65,3
경상북도 문경시 호계면(4728033000),2426,2426,39,173,341,104,183,382,531,358,272,43,0,1159,1159,18,96,141,60,103,217,279,148,89,8,0,1267,1267,21,77,200,44,80,165,252,210,183,35,0
경상북도 문경시 산북면(4728034000),2786,2786,56,105,156,117,222,480,659,509,418,59,5,1383,1383,35,55,100,73,137,278,348,222,122,11,2,1403,1403,21,50,56,44,85,202,311,287,296,48,3
경상북도 문경시 동로면(4728035000),1983,1983,86,78,97,99,170,357,526,316,223,31,0,1025,1025,44,42,60,56,105,184,312,137,78,7,0,958,958,42,36,37,43,65,173,214,179,145,24,0
경상북도 문경시 마성면(4728036000),3600,3600,100,122,219,212,296,621,772,691,497,62,8,1703,1703,46,67,125,122,190,348,378,282,130,12,3,1897,1897,54,55,94,90,106,273,394,409,367,50,5
경상북도 문경시 농암면(4728037000),2659,2659,77,88,132,130,184,500,682,467,327,65,7,1227,1227,40,46,79,73,113,251,328,196,85,14,2,1432,1432,37,42,53,57,71,249,354,271,242,51,5
경상북도 문경시 점촌1동(4728057000),5887,5887,382,416,531,578,713,986,1160,727,358,32,4,2881,2881,210,238,310,304,390,467,508,314,131,9,0,3006,3006,172,178,221,274,323,519,652,413,227,23,4
경상북도 문경시 점촌2동(4728058000),7177,7177,436,589,636,641,871,1144,1421,947,433,50,9,3488,3488,226,313,378,342,468,568,625,419,140,7,2,3689,3689,210,276,258,299,403,576,796,528,293,43,7
경상북도 문경시 점촌3동(4728059000),9053,9053,636,861,848,792,1331,1534,1573,934,478,61,5,4513,4513,348,495,511,405,705,748,723,394,164,19,1,4540,4540,288,366,337,387,626,786,850,540,314,42,4
경상북도 문경시 점촌4동(4728060000),3157,3157,130,157,203,251,314,522,697,525,316,40,2,1586,1586,58,93,122,142,193,303,342,237,91,5,0,1571,1571,72,64,81,109,121,219,355,288,225,35,2
경상북도 문경시 점촌5동(4728061000),16388,16388,1531,2006,2161,1850,2955,2669,1887,912,355,61,1,8001,8001,792,1022,1145,918,1407,1314,885,396,109,12,1,8387,8387,739,984,1016,932,1548,1355,1002,516,246,49,0
경상북도 경산시 (4729000000),264722,264722,20069,22705,36206,32901,41514,45023,35958,19668,9482,1164,32,133303,133303,10229,11749,19877,17697,21258,22621,17589,8780,3245,252,6,131419,131419,9840,10956,16329,15204,20256,22402,18369,10888,6237,912,26
경상북도 경산시 하양읍(4729025000),25403,25403,1587,2681,3852,2524,3975,4187,3294,2131,1061,107,4,12775,12775,840,1407,2165,1398,1938,2136,1597,904,365,24,1,12628,12628,747,1274,1687,1126,2037,2051,1697,1227,696,83,3
경상북도 경산시 진량읍(4729025300),36231,36231,2368,3466,5372,3915,6290,7008,4226,2297,1168,118,3,18918,18918,1230,1743,3102,2211,3264,3767,2191,988,388,34,0,17313,17313,1138,1723,2270,1704,3026,3241,2035,1309,780,84,3
경상북도 경산시 압량읍(4729025600),20918,20918,2301,1193,3144,4079,3050,2814,2378,1219,658,79,3,11117,11117,1206,636,1745,2301,1781,1440,1206,567,216,19,0,9801,9801,1095,557,1399,1778,1269,1374,1172,652,442,60,3
경상북도 경산시 와촌면(4729031000),5893,5893,161,270,493,467,616,1167,1391,813,451,63,1,3175,3175,91,146,306,270,381,672,736,404,156,12,1,2718,2718,70,124,187,197,235,495,655,409,295,51,0
경상북도 경산시 자인면(4729033000),5501,5501,137,238,452,390,602,1004,1327,839,452,57,3,2790,2790,71,120,259,236,375,510,688,383,140,8,0,2711,2711,66,118,193,154,227,494,639,456,312,49,3
경상북도 경산시 용성면(4729034000),3337,3337,77,102,205,201,273,585,864,609,367,53,1,1758,1758,36,53,134,129,175,329,483,290,118,11,0,1579,1579,41,49,71,72,98,256,381,319,249,42,1
경상북도 경산시 남산면(4729035000),3749,3749,123,149,267,219,368,703,897,569,381,69,4,1938,1938,59,75,168,130,216,392,493,275,116,14,0,1811,1811,64,74,99,89,152,311,404,294,265,55,4
경상북도 경산시 남천면(4729037000),2977,2977,85,104,243,192,266,588,699,498,253,47,2,1531,1531,49,55,151,116,156,323,347,241,79,12,2,1446,1446,36,49,92,76,110,265,352,257,174,35,0
경상북도 경산시 중방동(4729051000),9914,9914,554,591,1536,1170,1276,1886,1763,783,320,35,0,4821,4821,269,306,796,618,618,892,845,367,104,6,0,5093,5093,285,285,740,552,658,994,918,416,216,29,0
경상북도 경산시 중앙동(4729052000),6513,6513,215,404,982,665,811,1254,1152,649,348,33,0,3237,3237,119,222,532,395,417,625,549,260,111,7,0,3276,3276,96,182,450,270,394,629,603,389,237,26,0
경상북도 경산시 남부동(4729053000),19930,19930,1959,1978,2050,2603,3526,3001,2596,1507,628,81,1,9808,9808,983,1086,1094,1340,1762,1452,1182,659,233,17,0,10122,10122,976,892,956,1263,1764,1549,1414,848,395,64,1
경상북도 경산시 서부1동(4729054100),36061,36061,2687,3922,4385,3833,6206,6199,4934,2581,1165,146,3,17202,17202,1296,1917,2264,1861,2999,2975,2336,1091,430,33,0,18859,18859,1391,2005,2121,1972,3207,3224,2598,1490,735,113,3
경상북도 경산시 서부2동(4729054200),33096,33096,3585,2622,4131,5022,5192,5580,3972,2075,826,88,3,15903,15903,1768,1305,2188,2490,2495,2562,1816,937,315,26,1,17193,17193,1817,1317,1943,2532,2697,3018,2156,1138,511,62,2
경상북도 경산시 북부동(4729055000),16210,16210,1007,791,3739,2775,2207,2457,1870,908,404,52,0,8842,8842,542,418,2067,1684,1287,1316,921,456,144,7,0,7368,7368,465,373,1672,1091,920,1141,949,452,260,45,0
경상북도 경산시 동부동(4729056000),38989,38989,3223,4194,5355,4846,6856,6590,4595,2190,1000,136,4,19488,19488,1670,2260,2906,2518,3394,3230,2199,958,330,22,1,19501,19501,1553,1934,2449,2328,3462,3360,2396,1232,670,114,3
경상북도 군위군 (4772000000),23063,23063,650,936,1449,1262,2093,4209,5490,3979,2647,336,12,11789,11789,349,515,884,717,1229,2375,2902,1850,899,68,1,11274,11274,301,421,565,545,864,1834,2588,2129,1748,268,11
경상북도 군위군 군위읍(4772025000),8122,8122,402,570,696,600,1090,1485,1528,1033,635,77,6,4198,4198,221,326,411,330,584,816,790,485,217,17,1,3924,3924,181,244,285,270,506,669,738,548,418,60,5
경상북도 군위군 소보면(4772031000),2290,2290,38,48,98,102,134,442,574,443,364,45,2,1179,1179,18,27,60,56,87,259,312,212,137,11,0,1111,1111,20,21,38,46,47,183,262,231,227,34,2
경상북도 군위군 효령면(4772032000),3757,3757,90,127,249,180,294,687,998,680,402,49,1,1930,1930,51,60,154,93,184,384,551,318,128,7,0,1827,1827,39,67,95,87,110,303,447,362,274,42,1
경상북도 군위군 부계면(4772033000),2034,2034,39,43,137,103,131,402,532,357,252,38,0,1047,1047,22,31,92,64,82,217,284,158,89,8,0,987,987,17,12,45,39,49,185,248,199,163,30,0
경상북도 군위군 우보면(4772034000),1981,1981,15,37,97,78,126,351,524,419,300,33,1,999,999,6,14,61,49,90,199,277,196,99,8,0,982,982,9,23,36,29,36,152,247,223,201,25,1
경상북도 군위군 의흥면(4772035000),2366,2366,38,66,88,105,165,396,608,504,351,43,2,1143,1143,13,34,47,62,106,226,293,233,119,10,0,1223,1223,25,32,41,43,59,170,315,271,232,33,2
경상북도 군위군 산성면(4772036000),1175,1175,14,23,32,43,68,204,324,256,188,23,0,591,591,9,10,24,29,45,133,166,111,58,6,0,584,584,5,13,8,14,23,71,158,145,130,17,0
경상북도 군위군 삼국유사면(4772038000),1338,1338,14,22,52,51,85,242,402,287,155,28,0,702,702,9,13,35,34,51,141,229,137,52,1,0,636,636,5,9,17,17,34,101,173,150,103,27,0
경상북도 의성군 (4773000000),51380,51380,1870,2227,3063,3129,4616,8520,12027,8841,6231,826,30,25127,25127,984,1152,1764,1747,2701,4619,6044,3876,2052,184,4,26253,26253,886,1075,1299,1382,1915,3901,5983,4965,4179,642,26
경상북도 의성군 의성읍(4773025000),13289,13289,778,1012,1110,1141,1739,2176,2583,1698,918,133,1,6502,6502,421,530,625,585,919,1129,1221,744,299,29,0,6787,6787,357,482,485,556,820,1047,1362,954,619,104,1
경상북도 의성군 단촌면(4773031000),1928,1928,26,59,83,87,133,316,551,355,289,27,2,953,953,16,35,51,59,91,181,281,140,96,3,0,975,975,10,24,32,28,42,135,270,215,193,24,2
경상북도 의성군 점곡면(4773032000),1603,1603,38,37,71,70,98,252,432,325,245,35,0,787,787,21,19,43,48,68,135,220,147,80,6,0,816,816,17,18,28,22,30,117,212,178,165,29,0
경상북도 의성군 옥산면(4773033000),1779,1779,27,51,84,67,131,337,498,340,220,23,1,882,882,19,23,43,45,84,184,259,144,75,5,1,897,897,8,28,41,22,47,153,239,196,145,18,0
경상북도 의성군 사곡면(4773034000),1562,1562,22,39,59,45,107,281,429,295,243,42,0,752,752,12,23,28,28,76,150,216,137,74,8,0,810,810,10,16,31,17,31,131,213,158,169,34,0
경상북도 의성군 춘산면(4773035000),1478,1478,41,50,56,74,66,256,454,267,184,29,1,757,757,17,30,41,45,35,132,260,122,69,6,0,721,721,24,20,15,29,31,124,194,145,115,23,1
경상북도 의성군 가음면(4773036000),1457,1457,36,41,50,72,96,237,424,263,206,29,3,727,727,23,17,28,38,60,128,242,110,76,5,0,730,730,13,24,22,34,36,109,182,153,130,24,3
경상북도 의성군 금성면(4773037000),4242,4242,130,132,223,213,349,656,1042,846,552,94,5,2086,2086,75,70,134,122,208,356,531,381,179,29,1,2156,2156,55,62,89,91,141,300,511,465,373,65,4
경상북도 의성군 봉양면(4773038000),3928,3928,144,126,266,267,345,692,947,648,423,66,4,1892,1892,68,65,147,139,206,388,442,289,132,16,0,2036,2036,76,61,119,128,139,304,505,359,291,50,4
경상북도 의성군 비안면(4773039000),2561,2561,90,43,117,134,187,423,646,495,377,47,2,1245,1245,39,23,71,80,121,229,328,231,114,9,0,1316,1316,51,20,46,54,66,194,318,264,263,38,2
경상북도 의성군 구천면(4773040000),1801,1801,41,43,85,93,120,304,472,331,279,33,0,899,899,17,25,48,58,84,170,249,149,92,7,0,902,902,24,18,37,35,36,134,223,182,187,26,0
경상북도 의성군 단밀면(4773041000),1734,1734,36,58,86,91,126,298,385,341,286,26,1,856,856,20,28,58,55,80,164,189,153,104,5,0,878,878,16,30,28,36,46,134,196,188,182,21,1
경상북도 의성군 단북면(4773042000),1807,1807,38,52,101,82,123,315,430,352,284,28,2,872,872,23,28,60,46,79,189,223,137,80,7,0,935,935,15,24,41,36,44,126,207,215,204,21,2
경상북도 의성군 안계면(4773043000),4590,4590,241,251,361,349,487,764,857,718,488,72,2,2183,2183,119,114,201,198,259,403,421,304,154,10,0,2407,2407,122,137,160,151,228,361,436,414,334,62,2
경상북도 의성군 다인면(4773044000),3805,3805,96,124,184,192,270,606,911,783,576,60,3,1870,1870,52,64,112,121,172,326,456,348,197,20,2,1935,1935,44,60,72,71,98,280,455,435,379,40,1
경상북도 의성군 신평면(4773045000),825,825,21,12,22,30,44,148,188,180,158,22,0,399,399,9,7,14,14,23,91,105,66,62,8,0,426,426,12,5,8,16,21,57,83,114,96,14,0
경상북도 의성군 안평면(4773046000),2150,2150,49,74,74,80,144,331,577,428,351,40,2,1067,1067,23,37,43,42,103,190,296,202,122,9,0,1083,1083,26,37,31,38,41,141,281,226,229,31,2
경상북도 의성군 안사면(4773047000),841,841,16,23,31,42,51,128,201,176,152,20,1,398,398,10,14,17,24,33,74,105,72,47,2,0,443,443,6,9,14,18,18,54,96,104,105,18,1
경상북도 청송군 (4775000000),24904,24904,959,1177,1655,1661,2340,4668,5595,3981,2532,320,16,12433,12433,497,620,1011,964,1343,2494,2801,1754,888,58,3,12471,12471,462,557,644,697,997,2174,2794,2227,1644,262,13
경상북도 청송군 청송읍(4775025000),5197,5197,283,353,466,469,600,1015,930,620,405,51,5,2577,2577,157,170,272,258,318,533,463,265,135,6,0,2620,2620,126,183,194,211,282,482,467,355,270,45,5
경상북도 청송군 주왕산면(4775031500),1825,1825,48,53,91,115,140,350,472,331,202,23,0,905,905,23,33,53,71,90,180,246,144,62,3,0,920,920,25,20,38,44,50,170,226,187,140,20,0
경상북도 청송군 부남면(4775032000),2509,2509,67,95,127,119,164,481,658,471,291,35,1,1238,1238,33,54,77,66,93,258,320,213,117,6,1,1271,1271,34,41,50,53,71,223,338,258,174,29,0
경상북도 청송군 현동면(4775033000),2094,2094,77,94,133,104,196,424,448,345,241,30,2,1037,1037,36,53,80,55,114,233,219,156,85,6,0,1057,1057,41,41,53,49,82,191,229,189,156,24,2
경상북도 청송군 현서면(4775034000),2503,2503,54,98,117,123,176,463,719,437,276,39,1,1248,1248,31,55,66,77,100,244,358,192,118,7,0,1255,1255,23,43,51,46,76,219,361,245,158,32,1
경상북도 청송군 안덕면(4775035000),2596,2596,71,88,113,113,201,490,619,527,323,48,3,1248,1248,38,50,72,61,116,256,312,221,111,11,0,1348,1348,33,38,41,52,85,234,307,306,212,37,3
경상북도 청송군 파천면(4775036000),1790,1790,52,53,89,99,131,279,458,331,254,44,0,889,889,24,22,54,65,80,153,256,146,79,10,0,901,901,28,31,35,34,51,126,202,185,175,34,0
경상북도 청송군 진보면(4775037000),6390,6390,307,343,519,519,732,1166,1291,919,540,50,4,3291,3291,155,183,337,311,432,637,627,417,181,9,2,3099,3099,152,160,182,208,300,529,664,502,359,41,2
경상북도 영양군 (4776000000),16516,16516,715,920,1121,1011,1658,2908,3540,2633,1727,265,18,8183,8183,375,474,654,551,970,1600,1788,1141,563,64,3,8333,8333,340,446,467,460,688,1308,1752,1492,1164,201,15
경상북도 영양군 영양읍(4776025000),7201,7201,435,540,634,613,907,1241,1306,898,525,100,2,3548,3548,238,268,368,323,502,642,650,376,161,20,0,3653,3653,197,272,266,290,405,599,656,522,364,80,2
경상북도 영양군 입암면(4776031000),2133,2133,73,75,100,114,172,366,519,411,263,39,1,1034,1034,35,45,56,63,113,202,254,171,86,8,1,1099,1099,38,30,44,51,59,164,265,240,177,31,0
경상북도 영양군 청기면(4776032000),1723,1723,54,53,77,60,126,284,434,364,238,30,3,874,874,29,26,44,38,86,178,210,179,77,7,0,849,849,25,27,33,22,40,106,224,185,161,23,3
경상북도 영양군 일월면(4776033000),1744,1744,38,78,108,68,130,331,395,300,261,34,1,860,860,17,42,63,41,70,187,205,134,90,11,0,884,884,21,36,45,27,60,144,190,166,171,23,1
경상북도 영양군 수비면(4776034000),1710,1710,58,99,93,70,161,308,398,282,202,33,6,857,857,34,48,57,38,99,176,204,119,69,12,1,853,853,24,51,36,32,62,132,194,163,133,21,5
경상북도 영양군 석보면(4776035000),2005,2005,57,75,109,86,162,378,488,378,238,29,5,1010,1010,22,45,66,48,100,215,265,162,80,6,1,995,995,35,30,43,38,62,163,223,216,158,23,4
경상북도 영덕군 (4777000000),35962,35962,1567,2056,2342,2337,3794,6083,7524,5819,3887,531,22,17031,17031,783,1047,1354,1221,2088,3262,3614,2357,1208,94,3,18931,18931,784,1009,988,1116,1706,2821,3910,3462,2679,437,19
경상북도 영덕군 영덕읍(4777025000),10901,10901,741,923,941,1001,1552,1835,1843,1216,725,116,8,5216,5216,361,447,545,490,789,997,854,486,225,21,1,5685,5685,380,476,396,511,763,838,989,730,500,95,7
경상북도 영덕군 강구면(4777031000),6178,6178,225,297,408,387,647,1131,1395,1068,553,66,1,2893,2893,116,165,234,214,362,580,643,412,159,8,0,3285,3285,109,132,174,173,285,551,752,656,394,58,1
경상북도 영덕군 남정면(4777032000),2344,2344,47,60,122,111,175,403,551,477,342,55,1,1144,1144,26,40,73,62,113,233,292,188,107,10,0,1200,1200,21,20,49,49,62,170,259,289,235,45,1
경상북도 영덕군 달산면(4777033000),1124,1124,12,37,44,44,66,186,287,225,192,29,2,508,508,8,19,24,27,31,105,152,83,55,4,0,616,616,4,18,20,17,35,81,135,142,137,25,2
경상북도 영덕군 지품면(4777034000),1477,1477,35,33,68,55,104,255,386,292,220,28,1,732,732,19,21,41,28,70,148,198,128,70,9,0,745,745,16,12,27,27,34,107,188,164,150,19,1
경상북도 영덕군 지품면원전출장소(4777034500),539,539,9,15,16,12,26,89,143,139,81,9,0,252,252,4,7,10,8,21,50,67,57,27,1,0,287,287,5,8,6,4,5,39,76,82,54,8,0
경상북도 영덕군 축산면(4777035000),912,912,25,30,45,31,75,143,192,200,155,16,0,429,429,15,15,28,14,46,83,90,88,48,2,0,483,483,10,15,17,17,29,60,102,112,107,14,0
경상북도 영덕군 축산면축산출장소(4777035500),1719,1719,44,71,79,73,164,299,417,356,201,15,0,805,805,24,40,46,42,92,156,193,146,60,6,0,914,914,20,31,33,31,72,143,224,210,141,9,0
경상북도 영덕군 영해면(4777036000),6324,6324,336,416,462,441,681,1071,1241,918,650,106,2,2927,2927,156,213,262,227,360,541,580,376,197,15,0,3397,3397,180,203,200,214,321,530,661,542,453,91,2
경상북도 영덕군 병곡면(4777037000),2773,2773,68,129,107,121,203,433,642,552,460,58,0,1299,1299,40,59,59,71,133,241,321,221,145,9,0,1474,1474,28,70,48,50,70,192,321,331,315,49,0
경상북도 영덕군 창수면(4777038000),1671,1671,25,45,50,61,101,238,427,376,308,33,7,826,826,14,21,32,38,71,128,224,172,115,9,2,845,845,11,24,18,23,30,110,203,204,193,24,5
경상북도 청도군 (4782000000),42085,42085,1462,2258,2745,2692,4361,7166,9764,6678,4323,625,11,20707,20707,760,1149,1620,1453,2420,3820,4914,3057,1384,129,1,21378,21378,702,1109,1125,1239,1941,3346,4850,3621,2939,496,10
경상북도 청도군 화양읍(4782025000),7177,7177,448,663,593,625,1003,1206,1290,794,481,73,1,3512,3512,236,327,347,306,518,619,641,345,156,17,0,3665,3665,212,336,246,319,485,587,649,449,325,56,1
경상북도 청도군 화양읍남성현출장소(4782025100),1117,1117,41,26,62,89,89,173,274,194,148,20,1,561,561,20,20,30,52,62,94,135,88,55,4,1,556,556,21,6,32,37,27,79,139,106,93,16,0
경상북도 청도군 청도읍(4782025300),10244,10244,429,721,835,802,1333,1743,2137,1361,773,106,4,4999,4999,208,354,472,444,710,906,1054,600,230,21,0,5245,5245,221,367,363,358,623,837,1083,761,543,85,4
경상북도 청도군 청도읍유호출장소(4782025400),1589,1589,40,50,69,84,137,243,449,315,177,25,0,762,762,16,31,43,48,83,127,213,140,57,4,0,827,827,24,19,26,36,54,116,236,175,120,21,0
경상북도 청도군 각남면(4782031000),2143,2143,46,73,114,111,154,337,532,441,284,51,0,1029,1029,26,39,70,63,94,179,268,191,89,10,0,1114,1114,20,34,44,48,60,158,264,250,195,41,0
경상북도 청도군 풍각면(4782032000),3900,3900,126,149,204,255,340,655,992,641,475,62,1,1913,1913,66,64,123,139,202,360,493,293,156,17,0,1987,1987,60,85,81,116,138,295,499,348,319,45,1
경상북도 청도군 각북면(4782033000),2245,2245,62,62,122,110,148,429,610,406,260,35,1,1113,1113,35,25,77,56,76,229,330,182,101,2,0,1132,1132,27,37,45,54,72,200,280,224,159,33,1
경상북도 청도군 이서면(4782034000),4478,4478,124,266,255,230,443,749,1082,757,486,85,1,2190,2190,65,148,147,110,242,398,532,381,151,16,0,2288,2288,59,118,108,120,201,351,550,376,335,69,1
경상북도 청도군 운문면(4782035000),2095,2095,37,36,123,95,172,424,537,349,285,37,0,1039,1039,24,24,76,54,85,239,298,142,87,10,0,1056,1056,13,12,47,41,87,185,239,207,198,27,0
경상북도 청도군 금천면(4782036000),3304,3304,54,104,175,127,260,578,838,666,436,64,2,1685,1685,35,61,110,75,168,329,430,325,139,13,0,1619,1619,19,43,65,52,92,249,408,341,297,51,2
경상북도 청도군 매전면(4782037000),3793,3793,55,108,193,164,282,629,1023,754,518,67,0,1904,1904,29,56,125,106,180,340,520,370,163,15,0,1889,1889,26,52,68,58,102,289,503,384,355,52,0
경상북도 고령군 (4783000000),31133,31133,1383,1982,2451,2192,3746,5828,6412,4114,2688,329,8,15978,15978,715,1055,1432,1199,2102,3301,3367,1837,890,77,3,15155,15155,668,927,1019,993,1644,2527,3045,2277,1798,252,5
경상북도 고령군 대가야읍(4783025300),10015,10015,586,891,938,796,1507,1841,1697,1075,614,68,2,5052,5052,313,483,551,406,785,1015,833,450,202,14,0,4963,4963,273,408,387,390,722,826,864,625,412,54,2
경상북도 고령군 덕곡면(4783031000),1429,1429,35,41,87,63,92,255,371,233,227,23,2,710,710,17,23,48,36,52,143,208,97,77,8,1,719,719,18,18,39,27,40,112,163,136,150,15,1
경상북도 고령군 운수면(4783032000),1847,1847,44,52,110,104,152,322,455,342,235,30,1,929,929,18,31,64,61,99,177,239,155,76,8,1,918,918,26,21,46,43,53,145,216,187,159,22,0
경상북도 고령군 성산면(4783033000),2565,2565,65,74,198,166,239,543,618,379,249,34,0,1403,1403,29,38,117,105,160,322,348,182,93,9,0,1162,1162,36,36,81,61,79,221,270,197,156,25,0
경상북도 고령군 다산면(4783034000),8425,8425,477,746,754,724,1218,1596,1564,853,444,49,0,4383,4383,248,389,431,396,658,889,817,387,155,13,0,4042,4042,229,357,323,328,560,707,747,466,289,36,0
경상북도 고령군 개진면(4783035000),1912,1912,40,31,121,111,137,388,493,337,215,39,0,1022,1022,23,18,71,69,92,240,279,159,61,10,0,890,890,17,13,50,42,45,148,214,178,154,29,0
경상북도 고령군 우곡면(4783036000),1568,1568,31,46,66,67,136,283,359,311,248,21,0,804,804,16,18,47,43,88,169,189,147,84,3,0,764,764,15,28,19,24,48,114,170,164,164,18,0
경상북도 고령군 쌍림면(4783037000),3372,3372,105,101,177,161,265,600,855,584,456,65,3,1675,1675,51,55,103,83,168,346,454,260,142,12,1,1697,1697,54,46,74,78,97,254,401,324,314,53,2
경상북도 성주군 (4784000000),43118,43118,1885,2209,3369,3220,4651,8298,9603,5849,3520,503,11,22314,22314,952,1221,2030,1749,2777,4547,5057,2732,1139,109,1,20804,20804,933,988,1339,1471,1874,3751,4546,3117,2381,394,10
경상북도 성주군 성주읍(4784025000),13614,13614,915,1266,1426,1338,2025,2422,2159,1282,683,98,0,6912,6912,431,706,829,685,1082,1280,1094,561,226,18,0,6702,6702,484,560,597,653,943,1142,1065,721,457,80,0
경상북도 성주군 선남면(4784031000),6151,6151,196,189,461,463,596,1324,1517,890,437,74,4,3365,3365,108,105,305,271,419,738,821,440,144,14,0,2786,2786,88,84,156,192,177,586,696,450,293,60,4
경상북도 성주군 용암면(4784032000),3690,3690,112,107,219,250,332,772,999,511,337,50,1,2019,2019,55,68,137,160,220,452,566,248,102,11,0,1671,1671,57,39,82,90,112,320,433,263,235,39,1
경상북도 성주군 수륜면(4784033000),3092,3092,77,94,153,179,221,592,809,510,393,64,0,1535,1535,45,42,100,96,126,309,439,241,121,16,0,1557,1557,32,52,53,83,95,283,370,269,272,48,0
경상북도 성주군 가천면(4784034000),2015,2015,59,39,116,116,161,393,545,310,241,33,2,997,997,28,17,70,76,105,199,277,140,79,6,0,1018,1018,31,22,46,40,56,194,268,170,162,27,2
경상북도 성주군 금수면(4784035000),1205,1205,26,39,68,58,101,232,289,210,163,18,1,627,627,18,24,41,39,66,132,152,100,51,3,1,578,578,8,15,27,19,35,100,137,110,112,15,0
경상북도 성주군 대가면(4784036000),2453,2453,73,92,181,125,233,438,581,427,269,34,0,1233,1233,38,50,99,67,147,250,287,197,89,9,0,1220,1220,35,42,82,58,86,188,294,230,180,25,0
경상북도 성주군 벽진면(4784037000),3055,3055,106,80,182,170,259,568,842,525,272,50,1,1572,1572,53,43,111,84,178,307,446,257,80,13,0,1483,1483,53,37,71,86,81,261,396,268,192,37,1
경상북도 성주군 초전면(4784038000),4487,4487,185,198,315,299,433,883,1045,664,416,48,1,2283,2283,100,111,186,159,255,498,530,297,137,10,0,2204,2204,85,87,129,140,178,385,515,367,279,38,1
경상북도 성주군 월항면(4784039000),3356,3356,136,105,248,222,290,674,817,520,309,34,1,1771,1771,76,55,152,112,179,382,445,251,110,9,0,1585,1585,60,50,96,110,111,292,372,269,199,25,1
경상북도 칠곡군 (4785000000),114297,114297,9222,11439,11825,14361,20641,19701,14286,7663,4504,635,20,59540,59540,4773,6020,6733,7801,11124,10665,7438,3360,1473,151,2,54757,54757,4449,5419,5092,6560,9517,9036,6848,4303,3031,484,18
경상북도 칠곡군 왜관읍(4785025000),33202,33202,2273,3331,3822,3363,5401,6270,4574,2468,1496,193,11,16608,16608,1164,1726,2181,1793,2744,3178,2278,1010,482,51,1,16594,16594,1109,1605,1641,1570,2657,3092,2296,1458,1014,142,10
경상북도 칠곡군 북삼읍(4785025300),24382,24382,1861,3119,2903,2448,5157,4878,2358,1051,542,65,0,12696,12696,967,1634,1691,1267,2551,2664,1261,462,182,17,0,11686,11686,894,1485,1212,1181,2606,2214,1097,589,360,48,0
경상북도 칠곡군 석적읍(4785025600),30874,30874,4299,3752,2920,6764,7107,3199,1666,746,375,45,1,16683,16683,2232,1995,1508,3689,4076,1908,826,323,116,10,0,14191,14191,2067,1757,1412,3075,3031,1291,840,423,259,35,1
경상북도 칠곡군 지천면(4785031000),4200,4200,75,116,293,258,365,796,1054,692,477,71,3,2259,2259,37,66,175,156,252,479,594,315,168,17,0,1941,1941,38,50,118,102,113,317,460,377,309,54,3
경상북도 칠곡군 동명면(4785032000),5325,5325,122,167,400,337,482,1081,1382,778,482,94,0,2718,2718,61,88,256,200,302,553,728,375,144,11,0,2607,2607,61,79,144,137,180,528,654,403,338,83,0
경상북도 칠곡군 가산면(4785033000),3440,3440,71,131,232,206,353,708,890,521,272,56,0,1876,1876,37,66,155,128,216,410,494,256,95,19,0,1564,1564,34,65,77,78,137,298,396,265,177,37,0
경상북도 칠곡군 약목면(4785036000),9673,9673,302,655,1036,668,1361,2213,1744,1031,594,67,2,5028,5028,151,351,631,401,736,1176,922,450,196,14,0,4645,4645,151,304,405,267,625,1037,822,581,398,53,2
경상북도 칠곡군 기산면(4785037000),3201,3201,219,168,219,317,415,556,618,376,266,44,3,1672,1672,124,94,136,167,247,297,335,169,90,12,1,1529,1529,95,74,83,150,168,259,283,207,176,32,2
경상북도 예천군 (4790000000),55716,55716,4564,4414,4097,5413,7160,7971,9637,6701,5062,673,24,27393,27393,2311,2349,2314,2723,3876,4178,4796,3012,1708,124,2,28323,28323,2253,2065,1783,2690,3284,3793,4841,3689,3354,549,22
경상북도 예천군 예천읍(4790025000),14629,14629,783,1177,1318,1114,1864,2432,2901,1799,1085,153,3,7231,7231,388,656,777,582,1005,1210,1375,820,391,27,0,7398,7398,395,521,541,532,859,1222,1526,979,694,126,3
경상북도 예천군 용문면(4790031000),2303,2303,65,112,87,73,174,339,519,484,405,44,1,1154,1154,35,69,49,39,112,201,281,216,142,10,0,1149,1149,30,43,38,34,62,138,238,268,263,34,1
경상북도 예천군 감천면(4790034000),2635,2635,52,82,135,116,154,410,698,498,426,63,1,1311,1311,26,43,91,72,109,218,371,217,148,15,1,1324,1324,26,39,44,44,45,192,327,281,278,48,0
경상북도 예천군 보문면(4790035000),1685,1685,55,52,52,83,116,255,418,337,281,36,0,832,832,28,32,28,44,80,158,222,142,87,11,0,853,853,27,20,24,39,36,97,196,195,194,25,0
경상북도 예천군 호명면(4790036000),19677,19677,3249,2426,1760,3368,3716,2355,1498,734,498,71,2,9652,9652,1655,1250,920,1580,1834,1168,736,340,160,9,0,10025,10025,1594,1176,840,1788,1882,1187,762,394,338,62,2
경상북도 예천군 유천면(4790037000),2527,2527,148,114,203,211,237,323,458,415,360,56,2,1247,1247,78,58,128,123,153,193,212,184,106,12,0,1280,1280,70,56,75,88,84,130,246,231,254,44,2
경상북도 예천군 용궁면(4790038000),2412,2412,47,83,113,96,199,349,588,498,387,48,4,1170,1170,23,46,63,59,132,192,282,222,141,10,0,1242,1242,24,37,50,37,67,157,306,276,246,38,4
경상북도 예천군 개포면(4790039000),1501,1501,17,36,50,44,92,207,410,318,295,31,1,722,722,5,21,31,26,62,124,213,137,100,3,0,779,779,12,15,19,18,30,83,197,181,195,28,1
경상북도 예천군 지보면(4790040000),2688,2688,44,85,88,108,192,388,710,556,461,52,4,1330,1330,23,46,53,72,137,225,363,255,149,6,1,1358,1358,21,39,35,36,55,163,347,301,312,46,3
경상북도 예천군 풍양면(4790041000),3125,3125,49,116,180,113,228,480,759,610,527,62,1,1491,1491,23,57,112,77,140,255,378,269,171,9,0,1634,1634,26,59,68,36,88,225,381,341,356,53,1
경상북도 예천군 효자면(4790042000),1184,1184,22,55,46,38,83,224,360,182,146,27,1,582,582,11,35,21,18,50,109,201,91,40,6,0,602,602,11,20,25,20,33,115,159,91,106,21,1
경상북도 예천군 은풍면(4790043000),1350,1350,33,76,65,49,105,209,318,270,191,30,4,671,671,16,36,41,31,62,125,162,119,73,6,0,679,679,17,40,24,18,43,84,156,151,118,24,4
경상북도 봉화군 (4792000000),31236,31236,1330,1857,1911,1874,3163,5657,6959,4667,3268,519,31,15746,15746,679,979,1151,1027,1841,3064,3612,2115,1148,126,4,15490,15490,651,878,760,847,1322,2593,3347,2552,2120,393,27
경상북도 봉화군 봉화읍(4792025000),9904,9904,592,907,843,760,1277,1731,1715,1145,792,136,6,4872,4872,303,445,486,384,670,912,858,504,288,21,1,5032,5032,289,462,357,376,607,819,857,641,504,115,5
경상북도 봉화군 물야면(4792031000),3115,3115,93,131,129,154,230,582,822,542,368,59,5,1567,1567,46,82,83,86,136,300,434,249,134,17,0,1548,1548,47,49,46,68,94,282,388,293,234,42,5
경상북도 봉화군 봉성면(4792032000),2093,2093,54,87,126,108,176,352,537,348,267,36,2,1014,1014,29,42,76,62,112,184,269,154,79,6,1,1079,1079,25,45,50,46,64,168,268,194,188,30,1
경상북도 봉화군 법전면(4792033000),2013,2013,65,85,100,96,137,353,485,342,304,43,3,1028,1028,35,44,67,54,87,201,268,145,114,13,0,985,985,30,41,33,42,50,152,217,197,190,30,3
경상북도 봉화군 춘양면(4792034000),4387,4387,170,224,242,229,391,850,1009,691,484,91,6,2184,2184,94,121,139,123,229,449,513,312,176,26,2,2203,2203,76,103,103,106,162,401,496,379,308,65,4
경상북도 봉화군 소천면(4792035000),2199,2199,53,85,90,98,180,432,600,369,254,34,4,1110,1110,28,48,55,50,111,237,324,167,79,11,0,1089,1089,25,37,35,48,69,195,276,202,175,23,4
경상북도 봉화군 재산면(4792036000),1509,1509,32,68,63,57,124,327,399,243,174,21,1,765,765,14,44,38,31,69,174,216,114,58,7,0,744,744,18,24,25,26,55,153,183,129,116,14,1
경상북도 봉화군 명호면(4792037000),2242,2242,62,104,103,90,201,426,564,394,255,41,2,1174,1174,32,61,71,53,125,243,301,188,94,6,0,1068,1068,30,43,32,37,76,183,263,206,161,35,2
경상북도 봉화군 상운면(4792038000),1730,1730,29,38,89,58,127,272,444,380,254,38,1,889,889,10,25,56,38,84,157,224,189,95,11,0,841,841,19,13,33,20,43,115,220,191,159,27,1
경상북도 봉화군 석포면(4792039000),2044,2044,180,128,126,224,320,332,384,213,116,20,1,1143,1143,88,67,80,146,218,207,205,93,31,8,0,901,901,92,61,46,78,102,125,179,120,85,12,1
경상북도 울진군 (4793000000),48327,48327,2824,3664,4383,4181,6110,8510,8485,5606,3879,668,17,24262,24262,1463,1970,2629,2284,3352,4643,4174,2432,1202,110,3,24065,24065,1361,1694,1754,1897,2758,3867,4311,3174,2677,558,14
경상북도 울진군 울진읍(4793025000),13996,13996,1075,1606,1580,1370,2293,2412,1784,1084,673,116,3,7090,7090,570,843,920,718,1150,1278,896,465,234,16,0,6906,6906,505,763,660,652,1143,1134,888,619,439,100,3
경상북도 울진군 평해읍(4793025300),2809,2809,58,221,170,156,218,464,551,517,385,68,1,1349,1349,34,155,102,85,129,258,245,206,119,16,0,1460,1460,24,66,68,71,89,206,306,311,266,52,1
경상북도 울진군 북면(4793031000),6582,6582,748,465,715,1056,955,1028,815,456,298,43,3,3484,3484,382,250,437,571,542,590,406,217,87,2,0,3098,3098,366,215,278,485,413,438,409,239,211,41,3
경상북도 울진군 북면하당출장소(4793031500),699,699,6,23,47,27,61,140,151,126,102,15,1,362,362,4,11,28,19,42,90,84,49,33,1,1,337,337,2,12,19,8,19,50,67,77,69,14,0
경상북도 울진군 근남면(4793033000),2737,2737,105,114,203,165,282,486,589,378,349,65,1,1371,1371,59,57,113,100,175,281,303,155,116,12,0,1366,1366,46,57,90,65,107,205,286,223,233,53,1
경상북도 울진군 기성면(4793035000),2533,2533,53,89,181,125,157,420,589,440,395,84,0,1210,1210,28,42,120,79,95,234,289,188,122,13,0,1323,1323,25,47,61,46,62,186,300,252,273,71,0
경상북도 울진군 온정면(4793036000),1733,1733,48,59,103,59,143,262,405,327,281,46,0,841,841,22,34,65,35,79,159,202,142,94,9,0,892,892,26,25,38,24,64,103,203,185,187,37,0
경상북도 울진군 죽변면(4793037000),6438,6438,299,396,650,561,810,1266,1255,704,429,64,4,3300,3300,146,215,404,317,472,682,631,311,110,11,1,3138,3138,153,181,246,244,338,584,624,393,319,53,3
경상북도 울진군 후포면(4793038000),7507,7507,363,566,607,542,929,1383,1584,990,461,81,1,3680,3680,186,298,362,283,511,706,733,442,146,13,0,3827,3827,177,268,245,259,418,677,851,548,315,68,1
경상북도 울진군 금강송면(4793039000),1276,1276,22,42,33,40,107,301,316,223,170,20,2,626,626,11,23,22,24,55,163,169,100,49,9,1,650,650,11,19,11,16,52,138,147,123,121,11,1
경상북도 울진군 매화면(4793040000),2017,2017,47,83,94,80,155,348,446,361,336,66,1,949,949,21,42,56,53,102,202,216,157,92,8,0,1068,1068,26,41,38,27,53,146,230,204,244,58,1
경상북도 울릉군 (4794000000),9035,9035,392,445,824,851,1256,1811,1789,1059,513,81,14,4961,4961,201,227,506,521,768,1068,945,494,204,22,5,4074,4074,191,218,318,330,488,743,844,565,309,59,9
경상북도 울릉군 울릉읍(4794025000),6419,6419,293,349,610,652,954,1304,1232,685,288,38,14,3532,3532,152,168,363,401,572,774,649,318,120,10,5,2887,2887,141,181,247,251,382,530,583,367,168,28,9
경상북도 울릉군 서면(4794031000),868,868,37,38,77,62,97,183,175,116,76,7,0,474,474,17,26,62,36,59,104,96,49,23,2,0,394,394,20,12,15,26,38,79,79,67,53,5,0
경상북도 울릉군 서면태하출장소(4794031500),434,434,14,17,21,32,27,86,100,87,34,16,0,235,235,8,12,8,21,20,49,52,47,13,5,0,199,199,6,5,13,11,7,37,48,40,21,11,0
경상북도 울릉군 북면(4794032000),1314,1314,48,41,116,105,178,238,282,171,115,20,0,720,720,24,21,73,63,117,141,148,80,48,5,0,594,594,24,20,43,42,61,97,134,91,67,15,0
경상남도  (4800000000),3329623,3329623,262156,321732,373293,392090,533055,578495,476254,246804,127294,17871,579,1676550,1676550,134678,168347,208160,205068,274435,295775,236673,109745,40223,3334,112,1653073,1653073,127478,153385,165133,187022,258620,282720,239581,137059,87071,14537,467
경상남도 창원시 (4812000000),1034705,1034705,81826,98578,128424,132474,167133,185191,145903,64385,27018,3620,153,524287,524287,42250,51601,71724,70087,85057,91941,72261,29586,9077,674,29,510418,510418,39576,46977,56700,62387,82076,93250,73642,34799,17941,2946,124
경상남도 창원시 의창구 (4812100000),260623,260623,20939,23203,35182,34874,40571,49953,35703,13535,5798,828,37,132638,132638,10745,12270,19575,18452,20515,24504,18125,6471,1828,146,7,127985,127985,10194,10933,15607,16422,20056,25449,17578,7064,3970,682,30
경상남도 창원시 의창구 동읍(4812125000),19881,19881,1125,1831,2252,1782,3123,3896,3234,1664,868,101,5,10109,10109,555,1002,1325,965,1611,1982,1626,768,266,9,0,9772,9772,570,829,927,817,1512,1914,1608,896,602,92,5
경상남도 창원시 의창구 북면(4812131000),43444,43444,6435,3802,3826,7911,7337,6141,5056,1861,916,152,7,21916,21916,3324,1935,2083,3878,3907,2967,2622,913,266,20,1,21528,21528,3111,1867,1743,4033,3430,3174,2434,948,650,132,6
경상남도 창원시 의창구 대산면(4812132000),7149,7149,242,379,626,645,776,1318,1654,917,514,75,3,3631,3631,132,213,358,397,461,669,846,400,140,13,2,3518,3518,110,166,268,248,315,649,808,517,374,62,1
경상남도 창원시 의창구 의창동(4812151000),50736,50736,4252,4610,6975,7054,7984,9665,6662,2457,935,133,9,25673,25673,2132,2419,3827,3750,4016,4696,3305,1204,296,27,1,25063,25063,2120,2191,3148,3304,3968,4969,3357,1253,639,106,8
경상남도 창원시 의창구 팔룡동(4812152000),37605,37605,3043,3810,5580,5444,6162,7596,4183,1227,491,68,1,19285,19285,1551,2040,3087,2889,2959,3785,2196,597,167,14,0,18320,18320,1492,1770,2493,2555,3203,3811,1987,630,324,54,1
경상남도 창원시 의창구 명곡동(4812153000),41822,41822,2311,3902,6421,4273,6391,9126,6165,2279,844,104,6,21339,21339,1199,2087,3560,2279,3189,4480,3128,1082,306,28,1,20483,20483,1112,1815,2861,1994,3202,4646,3037,1197,538,76,5
경상남도 창원시 의창구 봉림동(4812154000),30238,30238,1432,2202,4877,3754,4201,6079,5024,1837,712,115,5,15761,15761,726,1153,2806,2182,2191,3041,2529,884,228,20,1,14477,14477,706,1049,2071,1572,2010,3038,2495,953,484,95,4
경상남도 창원시 의창구 용지동(4812155000),29748,29748,2099,2667,4625,4011,4597,6132,3725,1293,518,80,1,14924,14924,1126,1421,2529,2112,2181,2884,1873,623,159,15,1,14824,14824,973,1246,2096,1899,2416,3248,1852,670,359,65,0
경상남도 창원시 성산구 (4812300000),212662,212662,15972,22544,31792,28919,35089,42992,24816,7069,3012,447,10,108658,108658,8180,11889,17807,15449,16871,20848,13257,3397,880,78,2,104004,104004,7792,10655,13985,13470,18218,22144,11559,3672,2132,369,8
경상남도 창원시 성산구 반송동(4812351000),41492,41492,3177,5228,5535,4493,7301,8331,5067,1648,620,89,3,20927,20927,1623,2764,3126,2239,3428,4090,2643,806,197,11,0,20565,20565,1554,2464,2409,2254,3873,4241,2424,842,423,78,3
경상남도 창원시 성산구 중앙동(4812352000),22910,22910,1164,1442,4527,4262,3574,4124,2643,817,302,54,1,12582,12582,622,757,2540,2529,2019,2199,1368,424,113,11,0,10328,10328,542,685,1987,1733,1555,1925,1275,393,189,43,1
경상남도 창원시 성산구 상남동(4812353000),27927,27927,2039,3333,4117,3451,4683,5948,3173,759,358,62,4,14055,14055,1035,1765,2313,1818,2126,2788,1737,352,106,14,1,13872,13872,1004,1568,1804,1633,2557,3160,1436,407,252,48,3
경상남도 창원시 성산구 사파동(4812354000),45259,45259,3372,4751,6512,6264,7605,9042,5391,1533,695,93,1,22504,22504,1724,2491,3543,3264,3548,4154,2897,690,175,18,0,22755,22755,1648,2260,2969,3000,4057,4888,2494,843,520,75,1
경상남도 창원시 성산구 가음정동(4812355000),40848,40848,3602,4002,6039,6183,6441,8264,4519,1181,537,79,1,20747,20747,1826,2082,3394,3252,3110,3961,2421,544,145,11,1,20101,20101,1776,1920,2645,2931,3331,4303,2098,637,392,68,0
경상남도 창원시 성산구 성주동(4812356000),26398,26398,2160,3037,4060,3332,4252,5860,2793,602,266,36,0,13748,13748,1121,1633,2279,1798,1996,2947,1583,325,61,5,0,12650,12650,1039,1404,1781,1534,2256,2913,1210,277,205,31,0
경상남도 창원시 성산구 웅남동(4812357000),7828,7828,458,751,1002,934,1233,1423,1230,529,234,34,0,4095,4095,229,397,612,549,644,709,608,256,83,8,0,3733,3733,229,354,390,385,589,714,622,273,151,26,0
경상남도 창원시 마산합포구 (4812500000),179434,179434,13189,14017,19167,21222,26342,29534,30774,16829,7246,1059,55,89323,89323,6862,7259,10601,11240,13858,14744,14564,7531,2449,205,10,90111,90111,6327,6758,8566,9982,12484,14790,16210,9298,4797,854,45
경상남도 창원시 마산합포구 구산면(4812531000),4249,4249,113,150,288,277,391,766,1158,702,334,69,1,2203,2203,63,78,194,177,266,401,589,329,95,11,0,2046,2046,50,72,94,100,125,365,569,373,239,58,1
경상남도 창원시 마산합포구 진동면(4812532000),12215,12215,1079,1035,1055,1435,1947,1989,2058,1067,468,81,1,6274,6274,580,537,581,760,1068,1075,991,515,154,13,0,5941,5941,499,498,474,675,879,914,1067,552,314,68,1
경상남도 창원시 마산합포구 진북면(4812533000),3469,3469,64,138,260,199,315,699,887,533,315,58,1,1858,1858,34,77,156,125,200,396,495,268,100,7,0,1611,1611,30,61,104,74,115,303,392,265,215,51,1
경상남도 창원시 마산합포구 진전면(4812534000),3934,3934,52,138,221,177,289,713,990,744,516,93,1,1963,1963,23,75,149,102,174,406,533,328,156,17,0,1971,1971,29,63,72,75,115,307,457,416,360,76,1
경상남도 창원시 마산합포구 현동(4812551000),14171,14171,2140,1230,1188,2394,2503,1922,1720,750,286,38,0,7046,7046,1115,613,615,1165,1324,958,793,359,95,9,0,7125,7125,1025,617,573,1229,1179,964,927,391,191,29,0
경상남도 창원시 마산합포구 가포동(4812552000),980,980,47,38,130,105,116,155,219,113,47,8,2,515,515,25,18,73,57,58,91,115,62,11,5,0,465,465,22,20,57,48,58,64,104,51,36,3,2
경상남도 창원시 마산합포구 월영동(4812553000),40073,40073,4232,3878,4908,5877,6358,6370,5182,2329,811,123,5,19944,19944,2161,2019,2762,2994,3133,3066,2435,1084,275,15,0,20129,20129,2071,1859,2146,2883,3225,3304,2747,1245,536,108,5
경상남도 창원시 마산합포구 문화동(4812554000),11136,11136,487,697,1704,1100,1349,1862,2082,1231,541,79,4,5486,5486,248,335,950,598,728,921,961,548,183,13,1,5650,5650,239,362,754,502,621,941,1121,683,358,66,3
경상남도 창원시 마산합포구 반월중앙동(4812556500),14675,14675,848,1356,1589,1470,2227,2451,2455,1506,681,84,8,7135,7135,458,701,878,784,1132,1183,1119,636,222,22,0,7540,7540,390,655,711,686,1095,1268,1336,870,459,62,8
경상남도 창원시 마산합포구 완월동(4812557000),9136,9136,406,708,1090,842,1201,1712,1764,911,451,48,3,4443,4443,208,336,590,470,617,820,838,400,154,10,0,4693,4693,198,372,500,372,584,892,926,511,297,38,3
경상남도 창원시 마산합포구 자산동(4812558000),10637,10637,470,846,1165,930,1436,1925,2149,1189,473,50,4,5251,5251,260,485,660,520,724,899,998,530,166,8,1,5386,5386,210,361,505,410,712,1026,1151,659,307,42,3
경상남도 창원시 마산합포구 교방동(4812561000),15969,15969,1193,1306,1560,1960,2426,2500,2750,1578,594,86,16,7910,7910,622,677,841,1048,1268,1263,1290,673,204,16,8,8059,8059,571,629,719,912,1158,1237,1460,905,390,70,8
경상남도 창원시 마산합포구 오동동(4812563000),19549,19549,1024,1153,1999,2253,2974,3235,3706,2146,929,127,3,9676,9676,531,616,1042,1219,1641,1629,1715,925,331,27,0,9873,9873,493,537,957,1034,1333,1606,1991,1221,598,100,3
경상남도 창원시 마산합포구 합포동(4812564000),6816,6816,315,405,621,730,982,1147,1404,781,383,45,3,3461,3461,161,226,359,433,548,592,661,330,137,14,0,3355,3355,154,179,262,297,434,555,743,451,246,31,3
경상남도 창원시 마산합포구 산호동(4812565000),12425,12425,719,939,1389,1473,1828,2088,2250,1249,417,70,3,6158,6158,373,466,751,788,977,1044,1031,544,166,18,0,6267,6267,346,473,638,685,851,1044,1219,705,251,52,3
경상남도 창원시 마산회원구 (4812700000),189134,189134,12863,17870,21820,21136,29762,34075,30431,15003,5531,609,34,94775,94775,6612,9345,12080,11143,15169,16964,14534,6813,1998,111,6,94359,94359,6251,8525,9740,9993,14593,17111,15897,8190,3533,498,28
경상남도 창원시 마산회원구 내서읍(4812725000),64005,64005,4922,7928,8138,6429,11330,12421,7815,3436,1442,141,3,32233,32233,2530,4168,4523,3250,5447,6333,3957,1548,462,15,0,31772,31772,2392,3760,3615,3179,5883,6088,3858,1888,980,126,3
경상남도 창원시 마산회원구 회원1동(4812751000),10326,10326,376,603,922,918,1360,1734,2320,1437,590,59,7,5120,5120,200,305,531,549,760,878,1040,620,225,12,0,5206,5206,176,298,391,369,600,856,1280,817,365,47,7
경상남도 창원시 마산회원구 회원2동(4812752000),10077,10077,656,787,1127,1318,1368,1594,1830,981,359,56,1,4961,4961,342,412,588,693,724,771,868,435,116,12,0,5116,5116,314,375,539,625,644,823,962,546,243,44,1
경상남도 창원시 마산회원구 석전동(4812754500),17027,17027,1114,1236,1804,2308,2359,2872,3026,1700,553,53,2,8500,8500,573,653,954,1252,1287,1398,1396,769,205,12,1,8527,8527,541,583,850,1056,1072,1474,1630,931,348,41,1
경상남도 창원시 마산회원구 회성동(4812755000),6187,6187,152,324,573,536,703,1145,1475,854,376,43,6,3122,3122,81,171,332,308,404,585,721,355,146,15,4,3065,3065,71,153,241,228,299,560,754,499,230,28,2
경상남도 창원시 마산회원구 양덕1동(4812756000),11128,11128,553,836,1318,1277,1580,1920,2178,1068,357,38,3,5582,5582,295,446,742,696,839,941,983,502,133,5,0,5546,5546,258,390,576,581,741,979,1195,566,224,33,3
경상남도 창원시 마산회원구 양덕2동(4812757000),31528,31528,3125,3422,3330,4018,5576,5279,4297,1771,628,81,1,15574,15574,1589,1786,1875,1960,2731,2501,2054,807,257,14,0,15954,15954,1536,1636,1455,2058,2845,2778,2243,964,371,67,1
경상남도 창원시 마산회원구 합성1동(4812758000),9373,9373,654,584,1126,1254,1322,1624,1626,854,290,35,4,4757,4757,342,289,616,683,730,799,788,400,103,6,1,4616,4616,312,295,510,571,592,825,838,454,187,29,3
경상남도 창원시 마산회원구 합성2동(4812759000),7641,7641,265,466,943,766,1089,1377,1592,863,258,21,1,3832,3832,132,256,506,451,585,698,704,409,86,5,0,3809,3809,133,210,437,315,504,679,888,454,172,16,1
경상남도 창원시 마산회원구 구암1동(4812760000),9010,9010,397,665,955,860,1190,1765,1926,906,303,41,2,4496,4496,187,339,552,490,623,880,882,419,116,8,0,4514,4514,210,326,403,370,567,885,1044,487,187,33,2
경상남도 창원시 마산회원구 구암2동(4812761000),9522,9522,502,801,1265,1069,1367,1705,1708,816,259,28,2,4748,4748,266,400,650,579,722,818,804,396,107,6,0,4774,4774,236,401,615,490,645,887,904,420,152,22,2
경상남도 창원시 마산회원구 봉암동(4812762000),3310,3310,147,218,319,383,518,639,638,317,116,13,2,1850,1850,75,120,211,232,317,362,337,153,42,1,0,1460,1460,72,98,108,151,201,277,301,164,74,12,2
경상남도 창원시 진해구 (4812900000),192852,192852,18863,20944,20463,26323,35369,28637,24179,11949,5431,677,17,98893,98893,9851,10838,11661,13803,18644,14881,11781,5374,1922,134,4,93959,93959,9012,10106,8802,12520,16725,13756,12398,6575,3509,543,13
경상남도 창원시 진해구 충무동(4812953000),17066,17066,1482,1818,2100,2169,2931,2201,2132,1420,718,92,3,8839,8839,750,914,1324,1209,1548,1206,997,600,270,20,1,8227,8227,732,904,776,960,1383,995,1135,820,448,72,2
경상남도 창원시 진해구 여좌동(4812954000),8602,8602,335,645,821,688,1171,1379,1579,1239,667,77,1,4256,4256,188,350,492,389,612,699,717,521,269,18,1,4346,4346,147,295,329,299,559,680,862,718,398,59,0
경상남도 창원시 진해구 태백동(4812955000),4922,4922,169,278,474,367,601,851,1035,728,373,46,0,2487,2487,92,150,280,211,344,454,501,312,131,12,0,2435,2435,77,128,194,156,257,397,534,416,242,34,0
경상남도 창원시 진해구 경화동(4812956000),11260,11260,1023,996,1138,1501,1741,1819,1749,879,371,40,3,5709,5709,556,525,636,812,902,897,833,413,126,9,0,5551,5551,467,471,502,689,839,922,916,466,245,31,3
경상남도 창원시 진해구 병암동(4812957000),7496,7496,540,744,783,798,1259,1160,1199,657,316,39,1,3718,3718,285,400,431,426,647,561,556,297,111,3,1,3778,3778,255,344,352,372,612,599,643,360,205,36,0
경상남도 창원시 진해구 석동(4812958000),17355,17355,1449,2407,2160,2114,3388,2767,1969,758,297,44,2,8886,8886,747,1248,1222,1119,1627,1446,994,358,113,12,0,8469,8469,702,1159,938,995,1761,1321,975,400,184,32,2
경상남도 창원시 진해구 이동(4812959000),8559,8559,357,538,1052,989,1280,1519,1664,801,316,42,1,4533,4533,188,303,634,609,745,768,793,382,107,4,0,4026,4026,169,235,418,380,535,751,871,419,209,38,1
경상남도 창원시 진해구 자은동(4812960000),21456,21456,2371,2242,2287,3188,3791,3433,2628,1016,446,53,1,10722,10722,1212,1161,1250,1610,1922,1655,1306,457,137,12,0,10734,10734,1159,1081,1037,1578,1869,1778,1322,559,309,41,1
경상남도 창원시 진해구 덕산동(4812961000),10181,10181,1041,1198,1169,1289,1725,1413,1325,685,307,28,1,5005,5005,543,629,653,653,851,699,601,278,92,6,0,5176,5176,498,569,516,636,874,714,724,407,215,22,1
경상남도 창원시 진해구 풍호동(4812962000),25885,25885,3412,3239,2286,3835,5063,3471,2934,1106,484,53,2,12943,12943,1816,1633,1263,1814,2590,1659,1462,513,186,7,0,12942,12942,1596,1606,1023,2021,2473,1812,1472,593,298,46,2
경상남도 창원시 진해구 웅천동(4812963000),12862,12862,1806,970,1250,2467,2085,1767,1472,648,349,47,1,6537,6537,964,480,646,1244,1122,909,748,292,120,12,0,6325,6325,842,490,604,1223,963,858,724,356,229,35,1
경상남도 창원시 진해구 웅동1동(4812964000),6431,6431,491,687,609,713,1090,1072,996,473,256,44,0,3288,3288,262,353,354,374,579,566,504,223,67,6,0,3143,3143,229,334,255,339,511,506,492,250,189,38,0
경상남도 창원시 진해구 웅동2동(4812965000),40777,40777,4387,5182,4334,6205,9244,5785,3497,1539,531,72,1,21970,21970,2248,2692,2476,3333,5155,3362,1769,728,193,13,1,18807,18807,2139,2490,1858,2872,4089,2423,1728,811,338,59,0
경상남도 진주시 (4817000000),347056,347056,27708,34859,44842,41213,53788,57182,47243,25676,12662,1804,79,171584,171584,14354,18380,24669,21141,26818,28192,22557,11213,3928,316,16,175472,175472,13354,16479,20173,20072,26970,28990,24686,14463,8734,1488,63
경상남도 진주시 문산읍(4817025000),8146,8146,609,647,792,905,1022,1387,1418,813,463,89,1,4136,4136,337,346,445,473,555,732,753,355,127,13,0,4010,4010,272,301,347,432,467,655,665,458,336,76,1
경상남도 진주시 내동면(4817031000),4076,4076,345,451,422,418,654,685,568,321,181,29,2,2041,2041,187,235,218,202,324,359,304,157,51,4,0,2035,2035,158,216,204,216,330,326,264,164,130,25,2
경상남도 진주시 정촌면(4817032000),8400,8400,932,506,1074,1615,1161,1273,1060,475,251,49,4,4291,4291,470,265,595,864,630,606,560,228,68,5,0,4109,4109,462,241,479,751,531,667,500,247,183,44,4
경상남도 진주시 금곡면(4817033000),2210,2210,40,105,147,122,176,379,476,409,298,57,1,1043,1043,20,58,91,69,111,201,249,155,84,5,0,1167,1167,20,47,56,53,65,178,227,254,214,52,1
경상남도 진주시 진성면(4817035000),1900,1900,45,54,123,121,140,340,487,286,260,42,2,932,932,26,26,71,70,91,188,245,126,79,10,0,968,968,19,28,52,51,49,152,242,160,181,32,2
경상남도 진주시 일반성면(4817036000),2588,2588,100,185,204,174,271,499,517,349,260,27,2,1272,1272,49,103,127,85,156,274,267,143,60,6,2,1316,1316,51,82,77,89,115,225,250,206,200,21,0
경상남도 진주시 이반성면(4817037000),1591,1591,28,42,73,67,93,275,428,317,237,31,0,793,793,20,27,48,46,59,165,226,134,61,7,0,798,798,8,15,25,21,34,110,202,183,176,24,0
경상남도 진주시 사봉면(4817038000),1481,1481,26,49,62,70,149,210,363,304,217,30,1,737,737,13,31,37,43,105,129,180,137,56,6,0,744,744,13,18,25,27,44,81,183,167,161,24,1
경상남도 진주시 지수면(4817039000),1458,1458,37,69,105,65,138,251,313,253,189,37,1,736,736,18,30,70,41,92,145,162,125,48,5,0,722,722,19,39,35,24,46,106,151,128,141,32,1
경상남도 진주시 대곡면(4817040000),3240,3240,50,139,212,160,268,575,720,584,456,73,3,1613,1613,29,78,140,93,174,331,361,269,123,14,1,1627,1627,21,61,72,67,94,244,359,315,333,59,2
경상남도 진주시 금산면(4817041000),20986,20986,2129,2731,2252,2406,3697,3363,2511,1208,610,77,2,10523,10523,1118,1458,1290,1221,1781,1661,1231,551,202,9,1,10463,10463,1011,1273,962,1185,1916,1702,1280,657,408,68,1
경상남도 진주시 집현면(4817042000),4717,4717,225,414,418,369,649,879,830,544,336,52,1,2364,2364,116,208,248,187,344,479,444,225,102,11,0,2353,2353,109,206,170,182,305,400,386,319,234,41,1
경상남도 진주시 미천면(4817043000),1593,1593,18,51,76,56,103,288,382,324,259,35,1,779,779,8,30,47,29,73,168,210,141,65,8,0,814,814,10,21,29,27,30,120,172,183,194,27,1
경상남도 진주시 명석면(4817044000),3993,3993,133,189,331,222,425,730,994,563,354,49,3,1962,1962,68,96,181,121,234,377,512,249,115,8,1,2031,2031,65,93,150,101,191,353,482,314,239,41,2
경상남도 진주시 대평면(4817045000),1041,1041,24,39,99,48,91,179,253,157,126,23,2,497,497,10,18,57,26,54,100,138,63,28,3,0,544,544,14,21,42,22,37,79,115,94,98,20,2
경상남도 진주시 수곡면(4817046000),2221,2221,56,97,139,104,211,400,529,344,306,34,1,1078,1078,32,49,77,51,142,233,272,140,76,6,0,1143,1143,24,48,62,53,69,167,257,204,230,28,1
경상남도 진주시 천전동(4817051500),27468,27468,1508,2450,4232,2666,3885,4482,4111,2725,1233,168,8,13459,13459,811,1336,2309,1435,1931,2153,1848,1167,429,38,2,14009,14009,697,1114,1923,1231,1954,2329,2263,1558,804,130,6
경상남도 진주시 성북동(4817055500),10644,10644,430,728,1445,1156,1549,1774,1867,1118,488,83,6,5253,5253,232,380,766,624,831,874,856,495,178,16,1,5391,5391,198,348,679,532,718,900,1011,623,310,67,5
경상남도 진주시 중앙동(4817056500),11001,11001,323,644,1052,821,1351,1876,2422,1681,728,90,13,5295,5295,171,353,601,471,754,955,1049,708,214,16,3,5706,5706,152,291,451,350,597,921,1373,973,514,74,10
경상남도 진주시 상봉동(4817059500),14013,14013,569,1031,1799,1263,1860,2580,2557,1583,679,90,2,6934,6934,323,551,943,683,1027,1305,1170,691,225,16,0,7079,7079,246,480,856,580,833,1275,1387,892,454,74,2
경상남도 진주시 상대동(4817067300),19533,19533,971,1581,2903,2017,2767,3547,3236,1785,659,66,1,9682,9682,484,814,1612,1087,1415,1703,1477,815,261,14,0,9851,9851,487,767,1291,930,1352,1844,1759,970,398,52,1
경상남도 진주시 하대동(4817067800),24568,24568,1343,2428,3735,2519,3632,4926,3674,1580,641,86,4,12266,12266,714,1310,2100,1387,1731,2348,1742,729,192,11,2,12302,12302,629,1118,1635,1132,1901,2578,1932,851,449,75,2
경상남도 진주시 상평동(4817068000),11653,11653,710,1028,1514,1355,1700,2075,1926,957,345,43,0,5920,5920,343,507,837,739,918,1054,944,435,136,7,0,5733,5733,367,521,677,616,782,1021,982,522,209,36,0
경상남도 진주시 초장동(4817069500),26791,26791,3289,4009,3318,3637,5276,4051,1949,859,354,43,6,13570,13570,1774,2263,1833,1687,2482,2054,999,366,100,10,2,13221,13221,1515,1746,1485,1950,2794,1997,950,493,254,33,4
경상남도 진주시 평거동(4817071000),27502,27502,2068,3417,4071,2999,4614,5112,2994,1374,731,120,2,13170,13170,1046,1769,2176,1488,2035,2412,1440,549,234,21,0,14332,14332,1022,1648,1895,1511,2579,2700,1554,825,497,99,2
경상남도 진주시 신안동(4817071500),11666,11666,640,1098,1598,1124,1584,2071,1943,1031,509,66,2,5550,5550,333,576,848,573,758,953,842,463,192,12,0,6116,6116,307,522,750,551,826,1118,1101,568,317,54,2
경상남도 진주시 이현동(4817072000),12021,12021,657,1243,1554,1084,1760,2311,1969,996,386,56,5,5931,5931,343,710,900,556,823,1095,912,470,111,10,1,6090,6090,314,533,654,528,937,1216,1057,526,275,46,4
경상남도 진주시 판문동(4817073000),21101,21101,2339,3009,2337,2430,4080,3235,2224,978,416,52,1,10060,10060,1180,1446,1243,1109,1934,1575,1060,381,122,10,0,11041,11041,1159,1563,1094,1321,2146,1660,1164,597,294,42,1
경상남도 진주시 가호동(4817074000),27120,27120,2376,2573,5336,4180,4089,3987,2762,1247,501,69,0,13692,13692,1273,1317,3037,2238,2000,1897,1273,506,142,9,0,13428,13428,1103,1256,2299,1942,2089,2090,1489,741,359,60,0
경상남도 진주시 충무공동(4817075000),32334,32334,5688,3852,3419,7040,6393,3442,1760,511,189,38,2,16005,16005,2806,1990,1722,3443,3254,1666,831,240,47,6,0,16329,16329,2882,1862,1697,3597,3139,1776,929,271,142,32,2
경상남도 통영시 (4822000000),126798,126798,9232,12679,10911,13221,21058,22141,20844,11181,4867,648,16,63718,63718,4629,6558,6085,6795,11332,11429,10158,5077,1525,126,4,63080,63080,4603,6121,4826,6426,9726,10712,10686,6104,3342,522,12
경상남도 통영시 산양읍(4822025000),4613,4613,109,211,284,302,529,917,1066,711,425,57,2,2429,2429,44,111,173,173,346,539,580,333,122,8,0,2184,2184,65,100,111,129,183,378,486,378,303,49,2
경상남도 통영시 용남면(4822031000),12512,12512,1181,1421,1047,1386,2222,2127,1688,920,450,70,0,6268,6268,563,728,573,675,1170,1121,866,396,160,16,0,6244,6244,618,693,474,711,1052,1006,822,524,290,54,0
경상남도 통영시 도산면(4822033000),2888,2888,72,118,165,150,266,505,756,519,300,37,0,1478,1478,42,65,101,83,172,295,372,250,92,6,0,1410,1410,30,53,64,67,94,210,384,269,208,31,0
경상남도 통영시 광도면(4822034000),30972,30972,3729,4006,2687,4536,6569,4524,3029,1287,529,76,0,15660,15660,1893,2079,1426,2207,3470,2347,1475,592,156,15,0,15312,15312,1836,1927,1261,2329,3099,2177,1554,695,373,61,0
경상남도 통영시 욕지면(4822035000),1991,1991,46,95,107,106,260,404,488,293,174,18,0,1108,1108,25,55,63,71,175,236,257,156,68,2,0,883,883,21,40,44,35,85,168,231,137,106,16,0
경상남도 통영시 한산면(4822036000),1980,1980,29,49,83,76,163,341,474,432,301,31,1,1028,1028,18,23,53,46,108,221,261,200,91,7,0,952,952,11,26,30,30,55,120,213,232,210,24,1
경상남도 통영시 사량면(4822037000),1481,1481,18,32,66,67,109,304,400,263,192,29,1,737,737,8,15,42,51,63,179,217,110,48,4,0,744,744,10,17,24,16,46,125,183,153,144,25,1
경상남도 통영시 도천동(4822051000),8800,8800,365,802,873,686,1250,1635,1682,1046,408,53,0,4373,4373,171,383,515,375,686,839,809,455,135,5,0,4427,4427,194,419,358,311,564,796,873,591,273,48,0
경상남도 통영시 명정동(4822053000),2914,2914,86,174,214,164,363,540,669,486,188,28,2,1424,1424,34,81,127,90,217,291,320,194,63,7,0,1490,1490,52,93,87,74,146,249,349,292,125,21,2
경상남도 통영시 중앙동(4822055000),3921,3921,114,219,265,263,505,803,916,574,242,20,0,1932,1932,49,107,156,146,310,419,422,244,73,6,0,1989,1989,65,112,109,117,195,384,494,330,169,14,0
경상남도 통영시 정량동(4822059000),8928,8928,455,660,648,833,1310,1808,1844,975,353,39,3,4536,4536,228,336,371,464,781,924,851,459,114,8,0,4392,4392,227,324,277,369,529,884,993,516,239,31,3
경상남도 통영시 북신동(4822060000),10491,10491,674,953,955,1054,1552,1759,2074,1052,359,55,4,5048,5048,337,503,536,565,785,786,900,492,128,13,3,5443,5443,337,450,419,489,767,973,1174,560,231,42,1
경상남도 통영시 미수동(4822066500),11173,11173,836,1364,1010,1086,1901,2014,1872,771,283,34,2,5491,5491,428,715,552,514,964,986,923,336,67,5,1,5682,5682,408,649,458,572,937,1028,949,435,216,29,1
경상남도 통영시 봉평동(4822067000),10320,10320,469,960,949,951,1499,1998,1934,1065,429,66,0,5313,5313,218,508,560,532,834,1059,972,474,137,19,0,5007,5007,251,452,389,419,665,939,962,591,292,47,0
경상남도 통영시 무전동(4822070000),13814,13814,1049,1615,1558,1561,2560,2462,1952,787,234,35,1,6893,6893,571,849,837,803,1251,1187,933,386,71,5,0,6921,6921,478,766,721,758,1309,1275,1019,401,163,30,1
경상남도 사천시 (4824000000),110461,110461,7960,10164,10568,11550,17577,18327,16862,10709,5879,840,25,55738,55738,4128,5251,6305,6244,9335,9752,8140,4608,1839,129,7,54723,54723,3832,4913,4263,5306,8242,8575,8722,6101,4040,711,18
경상남도 사천시 사천읍(4824025000),17719,17719,1338,1806,2239,2249,3128,3023,2068,1125,646,93,4,9243,9243,700,886,1318,1285,1703,1610,1039,483,203,16,0,8476,8476,638,920,921,964,1425,1413,1029,642,443,77,4
경상남도 사천시 정동면(4824031000),13283,13283,1409,1528,1470,1894,2434,1992,1311,740,426,78,1,6679,6679,715,808,833,978,1213,1041,648,299,131,13,0,6604,6604,694,720,637,916,1221,951,663,441,295,65,1
경상남도 사천시 사남면(4824032000),15500,15500,1913,2032,1554,2277,3109,1899,1345,833,466,71,1,8086,8086,1023,1020,973,1214,1628,1082,642,355,139,10,0,7414,7414,890,1012,581,1063,1481,817,703,478,327,61,1
경상남도 사천시 용현면(4824033000),7561,7561,632,629,517,821,1223,1184,1256,788,433,76,2,3792,3792,302,341,300,428,682,625,599,356,145,13,1,3769,3769,330,288,217,393,541,559,657,432,288,63,1
경상남도 사천시 축동면(4824034000),1595,1595,37,42,117,88,157,279,403,246,204,22,0,843,843,24,22,70,54,98,173,218,113,65,6,0,752,752,13,20,47,34,59,106,185,133,139,16,0
경상남도 사천시 곤양면(4824035000),3416,3416,84,146,255,182,334,596,764,604,397,49,5,1746,1746,52,78,164,106,200,337,391,274,131,12,1,1670,1670,32,68,91,76,134,259,373,330,266,37,4
경상남도 사천시 곤명면(4824036000),2817,2817,69,79,152,125,253,522,689,506,374,46,2,1394,1394,42,50,97,66,164,301,342,211,113,7,1,1423,1423,27,29,55,59,89,221,347,295,261,39,1
경상남도 사천시 서포면(4824037000),3487,3487,76,133,228,154,315,660,791,625,436,67,2,1722,1722,39,70,146,87,203,376,385,281,127,7,1,1765,1765,37,63,82,67,112,284,406,344,309,60,1
경상남도 사천시 동서동(4824051000),6062,6062,158,290,376,414,687,1048,1469,1072,479,68,1,2964,2964,81,154,229,253,404,558,672,447,156,10,0,3098,3098,77,136,147,161,283,490,797,625,323,58,1
경상남도 사천시 선구동(4824052000),5073,5073,223,297,453,427,659,956,1022,674,325,37,0,2523,2523,118,160,287,245,368,477,475,290,98,5,0,2550,2550,105,137,166,182,291,479,547,384,227,32,0
경상남도 사천시 동서금동(4824053000),6372,6372,429,495,527,655,956,1094,1120,757,298,38,3,3108,3108,214,271,308,342,501,553,496,320,95,7,1,3264,3264,215,224,219,313,455,541,624,437,203,31,2
경상남도 사천시 벌용동(4824055000),15228,15228,970,1644,1566,1283,2464,2866,2370,1351,647,66,1,7396,7396,506,840,896,642,1175,1443,1123,562,202,7,0,7832,7832,464,804,670,641,1289,1423,1247,789,445,59,1
경상남도 사천시 향촌동(4824057000),6813,6813,330,623,696,529,1134,1278,1162,668,332,60,1,3523,3523,157,339,419,309,601,702,580,297,109,9,1,3290,3290,173,284,277,220,533,576,582,371,223,51,0
경상남도 사천시 남양동(4824059500),5276,5276,289,414,408,440,695,888,1029,656,387,68,2,2588,2588,153,208,258,229,371,448,500,295,118,7,1,2688,2688,136,206,150,211,324,440,529,361,269,61,1
경상남도 사천시 신수출장소(4824089000),259,259,3,6,10,12,29,42,63,64,29,1,0,131,131,2,4,7,6,24,26,30,25,7,0,0,128,128,1,2,3,6,5,16,33,39,22,1,0
경상남도 사천남양출장소 (4824500000),0,0,0,0,0,0,0,0,0,0,0,0,0,0,0,0,0,0,0,0,0,0,0,0,0,0,0,0,0,0,0,0,0,0,0,0,0,0,0
경상남도 김해시 (4825000000),540686,540686,48096,60670,68563,68269,97762,97230,60346,26550,11718,1429,53,273479,273479,24511,31495,37452,35180,48618,49872,30825,11589,3666,258,13,267207,267207,23585,29175,31111,33089,49144,47358,29521,14961,8052,1171,40
경상남도 김해시 진영읍(4825025000),55739,55739,6383,6098,5330,8610,10914,8298,6121,2638,1187,156,4,28723,28723,3283,3173,2965,4462,5868,4297,3053,1205,389,27,1,27016,27016,3100,2925,2365,4148,5046,4001,3068,1433,798,129,3
경상남도 김해시 주촌면(4825032000),18232,18232,2790,1269,2116,3973,2983,2731,1567,491,279,33,0,9321,9321,1408,654,1073,2028,1567,1380,887,240,79,5,0,8911,8911,1382,615,1043,1945,1416,1351,680,251,200,28,0
경상남도 김해시 진례면(4825033000),6481,6481,217,308,595,531,773,1440,1406,745,393,73,0,3544,3544,122,168,384,291,489,833,766,342,140,9,0,2937,2937,95,140,211,240,284,607,640,403,253,64,0
경상남도 김해시 한림면(4825034000),7434,7434,178,292,599,571,691,1562,1843,1021,602,74,1,4052,4052,94,174,389,368,449,905,1001,492,172,8,0,3382,3382,84,118,210,203,242,657,842,529,430,66,1
경상남도 김해시 생림면(4825035000),3801,3801,82,120,306,246,351,812,966,578,308,32,0,2031,2031,52,63,191,152,216,451,527,270,103,6,0,1770,1770,30,57,115,94,135,361,439,308,205,26,0
경상남도 김해시 상동면(4825036000),3125,3125,78,140,259,216,326,712,814,382,163,32,3,1722,1722,47,74,155,139,209,396,446,196,52,8,0,1403,1403,31,66,104,77,117,316,368,186,111,24,3
경상남도 김해시 대동면(4825037000),5976,5976,155,213,413,392,558,1063,1696,963,447,75,1,3100,3100,73,118,259,237,325,567,901,459,146,15,0,2876,2876,82,95,154,155,233,496,795,504,301,60,1
경상남도 김해시 동상동(4825051000),9726,9726,559,668,1313,1211,1360,1945,1625,712,294,38,1,4978,4978,293,316,740,680,699,1004,832,312,95,6,1,4748,4748,266,352,573,531,661,941,793,400,199,32,0
경상남도 김해시 회현동(4825052000),9173,9173,598,559,1048,1202,1209,1682,1601,873,346,49,6,4596,4596,314,297,585,623,632,833,798,374,130,9,1,4577,4577,284,262,463,579,577,849,803,499,216,40,5
경상남도 김해시 부원동(4825053000),9883,9883,573,637,1397,1203,1400,2068,1599,705,276,23,2,5084,5084,309,337,769,667,741,1030,805,326,99,1,0,4799,4799,264,300,628,536,659,1038,794,379,177,22,2
경상남도 김해시 내외동(4825054000),73747,73747,4683,7500,12267,8398,11624,16278,8087,3176,1564,161,9,36776,36776,2454,3867,6658,4423,5435,7952,4262,1259,430,34,2,36971,36971,2229,3633,5609,3975,6189,8326,3825,1917,1134,127,7
경상남도 김해시 북부동(4825055000),80478,80478,7207,10429,10863,9377,15283,14916,7723,3176,1334,164,6,40315,40315,3698,5479,5912,4698,7237,7590,3945,1322,404,30,0,40163,40163,3509,4950,4951,4679,8046,7326,3778,1854,930,134,6
경상남도 김해시 칠산서부동(4825056500),9526,9526,544,716,1227,962,1351,1974,1651,746,325,29,1,5028,5028,286,375,674,561,731,1073,883,332,111,2,0,4498,4498,258,341,553,401,620,901,768,414,214,27,1
경상남도 김해시 활천동(4825058000),40285,40285,2499,3827,5995,4309,6290,8674,5453,2231,908,99,0,20468,20468,1295,2009,3244,2337,3168,4361,2800,965,267,22,0,19817,19817,1204,1818,2751,1972,3122,4313,2653,1266,641,77,0
경상남도 김해시 삼안동(4825059000),33212,33212,1511,3022,5721,2927,4903,7451,4747,1934,901,92,3,17004,17004,762,1592,3207,1643,2444,3732,2501,827,277,18,1,16208,16208,749,1430,2514,1284,2459,3719,2246,1107,624,74,2
경상남도 김해시 불암동(4825060000),7648,7648,506,737,1004,775,1204,1545,1161,493,194,24,5,3872,3872,264,361,553,420,600,772,605,218,70,7,2,3776,3776,242,376,451,355,604,773,556,275,124,17,3
경상남도 김해시 장유1동(4825061000),57018,57018,5253,8018,7062,6887,11981,9508,4822,2346,1021,112,8,28403,28403,2586,4126,3807,3439,5789,4988,2309,997,335,23,4,28615,28615,2667,3892,3255,3448,6192,4520,2513,1349,686,89,4
경상남도 김해시 장유2동(4825062000),36348,36348,3556,5126,4355,4463,7755,6088,2989,1411,530,74,1,18285,18285,1783,2661,2400,2274,3746,3217,1439,583,170,11,1,18063,18063,1773,2465,1955,2189,4009,2871,1550,828,360,63,0
경상남도 김해시 장유3동(4825063000),72854,72854,10724,10991,6693,12016,16806,8483,4475,1929,646,89,2,36177,36177,5388,5651,3487,5738,8273,4491,2065,870,197,17,0,36677,36677,5336,5340,3206,6278,8533,3992,2410,1059,449,72,2
경상남도 장유출장소 (4825200000),0,0,0,0,0,0,0,0,0,0,0,0,0,0,0,0,0,0,0,0,0,0,0,0,0,0,0,0,0,0,0,0,0,0,0,0,0,0,0
경상남도 밀양시 (4827000000),104383,104383,5458,7713,8950,8722,12846,18552,21438,12764,7009,905,26,51224,51224,2797,4041,5201,4618,6802,9379,10476,5572,2162,171,5,53159,53159,2661,3672,3749,4104,6044,9173,10962,7192,4847,734,21
경상남도 밀양시 삼랑진읍(4827025000),5346,5346,142,238,315,329,500,971,1385,927,476,61,2,2666,2666,78,121,193,191,305,498,703,412,153,11,1,2680,2680,64,117,122,138,195,473,682,515,323,50,1
경상남도 밀양시 삼랑진임천출장소(4827025100),1310,1310,18,53,131,71,97,226,335,220,137,22,0,650,650,9,29,72,44,66,127,157,99,44,3,0,660,660,9,24,59,27,31,99,178,121,93,19,0
경상남도 밀양시 하남읍(4827025300),7109,7109,275,403,477,473,760,1309,1639,1081,621,67,4,3561,3561,151,213,293,275,462,695,784,488,189,11,0,3548,3548,124,190,184,198,298,614,855,593,432,56,4
경상남도 밀양시 부북면(4827031000),5192,5192,115,229,361,323,475,995,1338,788,496,70,2,2681,2681,65,125,244,197,287,547,691,346,166,13,0,2511,2511,50,104,117,126,188,448,647,442,330,57,2
경상남도 밀양시 상동면(4827032000),3070,3070,58,85,155,143,203,520,944,569,343,50,0,1466,1466,28,46,100,80,129,258,451,273,89,12,0,1604,1604,30,39,55,63,74,262,493,296,254,38,0
경상남도 밀양시 산외면(4827033000),2817,2817,61,114,174,148,260,551,742,473,256,35,3,1442,1442,34,68,116,82,160,297,377,221,82,4,1,1375,1375,27,46,58,66,100,254,365,252,174,31,2
경상남도 밀양시 산내면(4827034000),3929,3929,87,222,199,170,355,732,1066,684,358,54,2,2014,2014,47,125,126,99,225,391,556,329,109,7,0,1915,1915,40,97,73,71,130,341,510,355,249,47,2
경상남도 밀양시 단장면(4827035000),4278,4278,74,148,213,241,308,875,1278,708,380,50,3,2105,2105,41,75,131,137,180,432,655,338,107,8,1,2173,2173,33,73,82,104,128,443,623,370,273,42,2
경상남도 밀양시 상남면(4827036000),8362,8362,436,514,647,640,984,1476,1808,1130,642,84,1,4142,4142,221,259,393,341,558,759,915,482,195,19,0,4220,4220,215,255,254,299,426,717,893,648,447,65,1
경상남도 밀양시 초동면(4827037000),3411,3411,83,124,168,163,305,569,938,642,383,34,2,1690,1690,40,71,93,98,193,301,463,300,126,4,1,1721,1721,43,53,75,65,112,268,475,342,257,30,1
경상남도 밀양시 무안면(4827038000),4995,4995,96,258,304,236,373,858,1320,859,608,80,3,2446,2446,52,147,171,139,204,474,673,382,191,13,0,2549,2549,44,111,133,97,169,384,647,477,417,67,3
경상남도 밀양시 청도면(4827039000),1794,1794,35,58,92,65,130,277,507,347,253,30,0,872,872,16,30,61,39,81,120,280,157,82,6,0,922,922,19,28,31,26,49,157,227,190,171,24,0
경상남도 밀양시 내일동(4827051000),2692,2692,64,137,221,190,302,507,612,421,217,21,0,1299,1299,32,73,147,96,161,255,281,181,69,4,0,1393,1393,32,64,74,94,141,252,331,240,148,17,0
경상남도 밀양시 내이동(4827052000),16075,16075,1332,1403,1920,2137,2436,2805,2387,1087,475,92,1,7949,7949,641,735,1082,1116,1235,1406,1129,436,146,23,0,8126,8126,691,668,838,1021,1201,1399,1258,651,329,69,1
경상남도 밀양시 삼문동(4827053000),20213,20213,1880,2547,2149,2103,3464,3322,2651,1366,651,78,2,9747,9747,995,1343,1212,1014,1630,1574,1193,568,202,15,1,10466,10466,885,1204,937,1089,1834,1748,1458,798,449,63,1
경상남도 밀양시 가곡동(4827054000),7925,7925,377,619,764,702,1043,1430,1473,945,516,56,0,3667,3667,196,300,398,369,503,706,691,336,155,13,0,4258,4258,181,319,366,333,540,724,782,609,361,43,0
경상남도 밀양시 교동(4827055000),5865,5865,325,561,660,588,851,1129,1015,517,197,21,1,2827,2827,151,281,369,301,423,539,477,224,57,5,0,3038,3038,174,280,291,287,428,590,538,293,140,16,1
경상남도 거제시 (4831000000),243902,243902,25739,27845,23812,35293,47488,39315,27500,10998,5078,807,27,127950,127950,13318,14592,13488,18541,25788,21152,14132,5244,1559,127,9,115952,115952,12421,13253,10324,16752,21700,18163,13368,5754,3519,680,18
경상남도 거제시 일운면(4831031000),8011,8011,553,633,673,839,1246,1595,1448,624,344,55,1,4102,4102,283,339,388,431,655,846,751,296,105,7,1,3909,3909,270,294,285,408,591,749,697,328,239,48,0
경상남도 거제시 동부면(4831032000),3109,3109,82,117,224,218,341,623,716,502,251,34,1,1619,1619,48,66,128,139,207,339,353,244,88,6,1,1490,1490,34,51,96,79,134,284,363,258,163,28,0
경상남도 거제시 남부면(4831033000),1608,1608,28,62,85,89,154,335,397,281,158,19,0,807,807,13,33,49,50,91,199,212,110,47,3,0,801,801,15,29,36,39,63,136,185,171,111,16,0
경상남도 거제시 거제면(4831034000),7204,7204,394,567,545,600,968,1289,1415,817,503,102,4,3559,3559,207,284,302,311,536,654,733,367,155,9,1,3645,3645,187,283,243,289,432,635,682,450,348,93,3
경상남도 거제시 둔덕면(4831035000),2930,2930,67,148,209,151,306,563,732,452,258,42,2,1525,1525,39,83,138,89,181,299,386,219,82,9,0,1405,1405,28,65,71,62,125,264,346,233,176,33,2
경상남도 거제시 사등면(4831036000),12024,12024,1385,1136,923,1732,2205,1887,1522,804,375,53,2,6252,6252,698,595,530,866,1239,1035,773,397,107,12,0,5772,5772,687,541,393,866,966,852,749,407,268,41,2
경상남도 거제시 사등면가조출장소(4831036600),1105,1105,35,51,66,75,109,230,299,161,67,12,0,563,563,17,31,38,49,62,119,159,70,14,4,0,542,542,18,20,28,26,47,111,140,91,53,8,0
경상남도 거제시 연초면(4831037000),8192,8192,485,671,765,847,1358,1687,1367,607,349,55,1,4509,4509,273,359,458,488,799,978,733,297,115,9,0,3683,3683,212,312,307,359,559,709,634,310,234,46,1
경상남도 거제시 하청면(4831038000),3596,3596,184,270,284,295,452,669,718,427,250,46,1,1863,1863,95,148,142,172,275,359,362,218,88,4,0,1733,1733,89,122,142,123,177,310,356,209,162,42,1
경상남도 거제시 하청면칠천출장소(4831038500),1079,1079,30,29,46,63,103,204,261,205,117,21,0,543,543,19,15,23,34,68,119,138,91,34,2,0,536,536,11,14,23,29,35,85,123,114,83,19,0
경상남도 거제시 장목면(4831039000),3152,3152,77,111,202,178,379,580,719,525,329,49,3,1613,1613,42,67,116,106,246,320,370,238,100,7,1,1539,1539,35,44,86,72,133,260,349,287,229,42,2
경상남도 거제시 장목면외포출장소(4831039500),1401,1401,52,69,73,95,185,266,315,201,125,20,0,700,700,27,34,45,50,108,150,163,82,39,2,0,701,701,25,35,28,45,77,116,152,119,86,18,0
경상남도 거제시 장승포동(4831051000),6160,6160,396,662,656,638,1192,1194,875,365,164,17,1,3426,3426,215,348,388,375,722,702,469,162,42,3,0,2734,2734,181,314,268,263,470,492,406,203,122,14,1
경상남도 거제시 능포동(4831053000),9308,9308,510,941,976,875,1596,1904,1647,611,220,27,1,5036,5036,276,523,553,491,905,1046,863,303,70,5,1,4272,4272,234,418,423,384,691,858,784,308,150,22,0
경상남도 거제시 아주동(4831054000),27114,27114,4394,3468,2301,5731,6119,2979,1509,423,163,27,0,14535,14535,2270,1801,1315,3023,3441,1665,776,202,37,5,0,12579,12579,2124,1667,986,2708,2678,1314,733,221,126,22,0
경상남도 거제시 옥포1동(4831055000),7384,7384,608,643,858,1063,1328,1373,1075,315,107,14,0,3991,3991,305,347,535,598,752,733,537,156,26,2,0,3393,3393,303,296,323,465,576,640,538,159,81,12,0
경상남도 거제시 옥포2동(4831056000),26317,26317,2422,3013,2866,3545,4994,4833,3371,912,312,49,0,13685,13685,1241,1618,1566,1860,2657,2431,1763,446,97,6,0,12632,12632,1181,1395,1300,1685,2337,2402,1608,466,215,43,0
경상남도 거제시 장평동(4831057000),20703,20703,1564,2240,2777,3301,4403,3886,1875,466,159,28,4,11801,11801,816,1172,1677,2085,2619,2182,961,241,43,4,1,8902,8902,748,1068,1100,1216,1784,1704,914,225,116,24,3
경상남도 거제시 고현동(4831058000),35265,35265,3400,4235,4077,4889,6939,6002,4000,1224,432,66,1,18159,18159,1791,2185,2285,2549,3555,3073,1980,589,135,16,1,17106,17106,1609,2050,1792,2340,3384,2929,2020,635,297,50,0
경상남도 거제시 상문동(4831059000),34460,34460,5607,5028,2984,6451,7609,4112,1821,612,192,42,2,17493,17493,2834,2581,1565,3116,3923,2196,913,290,68,6,1,16967,16967,2773,2447,1419,3335,3686,1916,908,322,124,36,1
경상남도 거제시 수양동(4831060000),23780,23780,3466,3751,2222,3618,5502,3104,1418,464,203,29,3,12169,12169,1809,1963,1247,1659,2747,1707,737,226,67,6,1,11611,11611,1657,1788,975,1959,2755,1397,681,238,136,23,2
경상남도 양산시 (4833000000),353291,353291,34018,34505,40426,48469,61205,58699,44393,21348,9064,1132,32,177200,177200,17357,17744,21669,24932,31079,29645,21769,9620,3135,247,3,176091,176091,16661,16761,18757,23537,30126,29054,22624,11728,5929,885,29
경상남도 양산시 물금읍(4833025300),120926,120926,15867,12731,14219,20936,22383,17007,11222,4545,1770,242,4,59759,59759,8062,6510,7056,10343,11229,8367,5473,2109,570,40,0,61167,61167,7805,6221,7163,10593,11154,8640,5749,2436,1200,202,4
경상남도 양산시 동면(4833031000),35123,35123,4767,2868,3214,6302,6476,4714,4175,1863,647,96,1,17822,17822,2469,1453,1736,3182,3483,2344,1996,915,225,19,0,17301,17301,2298,1415,1478,3120,2993,2370,2179,948,422,77,1
경상남도 양산시 원동면(4833032000),3375,3375,82,111,161,201,280,599,964,623,308,46,0,1742,1742,47,57,97,124,167,320,505,312,102,11,0,1633,1633,35,54,64,77,113,279,459,311,206,35,0
경상남도 양산시 상북면(4833033000),12833,12833,524,821,1299,1065,1627,2690,2682,1395,630,96,4,6533,6533,264,412,766,615,859,1392,1383,602,216,24,0,6300,6300,260,409,533,450,768,1298,1299,793,414,72,4
경상남도 양산시 하북면(4833034000),8302,8302,177,587,812,566,923,1846,1925,900,471,86,9,4343,4343,94,315,496,334,488,969,1040,439,148,20,0,3959,3959,83,272,316,232,435,877,885,461,323,66,9
경상남도 양산시 중앙동(4833051000),11497,11497,450,622,1415,1269,1458,2408,2365,1023,427,60,0,6137,6137,227,361,842,768,817,1267,1200,479,156,20,0,5360,5360,223,261,573,501,641,1141,1165,544,271,40,0
경상남도 양산시 양주동(4833051500),33349,33349,2470,4196,4547,3307,6018,6262,3553,2063,845,86,2,16160,16160,1259,2197,2413,1619,2734,3075,1645,867,332,18,1,17189,17189,1211,1999,2134,1688,3284,3187,1908,1196,513,68,1
경상남도 양산시 삼성동(4833052000),22134,22134,1341,1771,3163,3007,3457,4559,3092,1161,510,72,1,11624,11624,693,930,1860,1747,1835,2239,1631,522,150,17,0,10510,10510,648,841,1303,1260,1622,2320,1461,639,360,55,1
경상남도 양산시 강서동(4833053000),9091,9091,734,1010,1054,1075,1649,1544,1212,545,238,30,0,4562,4562,353,474,563,589,828,818,609,252,73,3,0,4529,4529,381,536,491,486,821,726,603,293,165,27,0
경상남도 양산시 서창동(4833054000),28318,28318,2235,3271,3204,3168,5363,4934,3668,1729,664,78,4,14797,14797,1145,1687,1845,1714,2833,2690,1835,790,244,13,1,13521,13521,1090,1584,1359,1454,2530,2244,1833,939,420,65,3
경상남도 양산시 소주동(4833055000),20313,20313,1388,1803,2202,2268,3394,3863,2993,1566,764,70,2,10154,10154,710,914,1218,1195,1715,2009,1460,661,254,18,0,10159,10159,678,889,984,1073,1679,1854,1533,905,510,52,2
경상남도 양산시 평산동(4833056000),30625,30625,2409,3190,3192,3020,5389,5169,4178,2727,1241,107,3,14922,14922,1223,1648,1733,1506,2721,2613,1845,1134,470,28,1,15703,15703,1186,1542,1459,1514,2668,2556,2333,1593,771,79,2
경상남도 양산시 덕계동(4833057000),17405,17405,1574,1524,1944,2285,2788,3104,2364,1208,549,63,2,8645,8645,811,786,1044,1196,1370,1542,1147,538,195,16,0,8760,8760,763,738,900,1089,1418,1562,1217,670,354,47,2
경상남도 양산시웅상출장소 (4833200000),0,0,0,0,0,0,0,0,0,0,0,0,0,0,0,0,0,0,0,0,0,0,0,0,0,0,0,0,0,0,0,0,0,0,0,0,0,0,0
경상남도 의령군 (4872000000),26624,26624,1043,1482,1990,1713,2800,4533,5567,3946,3078,466,6,13069,13069,529,795,1127,908,1616,2527,2929,1640,902,95,1,13555,13555,514,687,863,805,1184,2006,2638,2306,2176,371,5
경상남도 의령군 의령읍(4872025000),9540,9540,672,909,989,940,1470,1616,1467,878,530,68,1,4711,4711,348,487,519,450,778,878,708,374,152,17,0,4829,4829,324,422,470,490,692,738,759,504,378,51,1
경상남도 의령군 가례면(4872031000),1695,1695,30,51,100,83,127,308,433,281,241,39,2,844,844,17,27,55,48,84,176,249,117,61,10,0,851,851,13,24,45,35,43,132,184,164,180,29,2
경상남도 의령군 칠곡면(4872032000),1182,1182,18,28,78,57,81,214,310,208,156,32,0,579,579,12,16,50,37,49,110,161,87,50,7,0,603,603,6,12,28,20,32,104,149,121,106,25,0
경상남도 의령군 대의면(4872033000),1030,1030,29,23,68,49,67,176,244,188,159,27,0,492,492,10,16,44,27,43,106,127,77,38,4,0,538,538,19,7,24,22,24,70,117,111,121,23,0
경상남도 의령군 화정면(4872034000),1517,1517,25,51,119,62,132,266,360,255,218,29,0,744,744,11,25,80,28,82,149,196,94,74,5,0,773,773,14,26,39,34,50,117,164,161,144,24,0
경상남도 의령군 용덕면(4872035000),1540,1540,35,54,87,99,126,281,363,245,214,36,0,760,760,16,24,46,61,74,160,205,106,62,6,0,780,780,19,30,41,38,52,121,158,139,152,30,0
경상남도 의령군 정곡면(4872036000),1435,1435,43,38,85,52,110,249,342,260,222,34,0,692,692,19,18,44,32,68,147,184,102,66,12,0,743,743,24,20,41,20,42,102,158,158,156,22,0
경상남도 의령군 지정면(4872037000),1846,1846,39,56,113,80,150,303,481,340,255,29,0,938,938,21,29,67,42,92,164,275,161,82,5,0,908,908,18,27,46,38,58,139,206,179,173,24,0
경상남도 의령군 낙서면(4872038000),752,752,17,29,28,29,53,100,221,138,121,15,1,356,356,11,19,17,20,37,53,110,52,36,1,0,396,396,6,10,11,9,16,47,111,86,85,14,1
경상남도 의령군 부림면(4872039000),2807,2807,80,154,199,134,277,514,563,505,325,56,0,1351,1351,36,81,123,86,166,284,275,209,86,5,0,1456,1456,44,73,76,48,111,230,288,296,239,51,0
경상남도 의령군 봉수면(4872040000),990,990,25,31,45,50,73,127,231,205,175,28,0,520,520,16,20,30,33,60,73,143,82,57,6,0,470,470,9,11,15,17,13,54,88,123,118,22,0
경상남도 의령군 궁류면(4872041500),1126,1126,12,32,37,35,55,194,262,223,239,37,0,526,526,5,19,28,14,34,115,141,87,77,6,0,600,600,7,13,9,21,21,79,121,136,162,31,0
경상남도 의령군 유곡면(4872042000),1164,1164,18,26,42,43,79,185,290,220,223,36,2,556,556,7,14,24,30,49,112,155,92,61,11,1,608,608,11,12,18,13,30,73,135,128,162,25,1
경상남도 함안군 (4873000000),63573,63573,3884,5885,5338,5335,9193,11147,11336,6654,4205,583,13,32279,32279,1941,3135,3129,2729,4964,6142,5883,2976,1263,113,4,31294,31294,1943,2750,2209,2606,4229,5005,5453,3678,2942,470,9
경상남도 함안군 가야읍(4873025000),18504,18504,1222,1983,2006,1780,2816,3368,2826,1487,888,123,5,9322,9322,623,1094,1188,882,1464,1755,1391,636,260,29,0,9182,9182,599,889,818,898,1352,1613,1435,851,628,94,5
경상남도 함안군 칠원읍(4873025300),19278,19278,1812,2628,1566,1911,3746,3152,2546,1229,588,94,6,9776,9776,886,1374,874,901,1892,1752,1309,592,171,23,2,9502,9502,926,1254,692,1010,1854,1400,1237,637,417,71,4
경상남도 함안군 함안면(4873031000),2412,2412,56,115,148,153,223,398,588,400,295,36,0,1215,1215,24,65,86,84,131,226,312,183,97,7,0,1197,1197,32,50,62,69,92,172,276,217,198,29,0
경상남도 함안군 군북면(4873032000),6143,6143,293,306,446,518,585,988,1343,883,687,92,2,3180,3180,142,167,285,298,373,578,727,384,205,19,2,2963,2963,151,139,161,220,212,410,616,499,482,73,0
경상남도 함안군 법수면(4873033000),2867,2867,67,77,172,142,266,553,733,480,336,41,0,1467,1467,33,44,105,93,179,323,388,199,94,9,0,1400,1400,34,33,67,49,87,230,345,281,242,32,0
경상남도 함안군 대산면(4873034000),3448,3448,62,135,220,147,295,581,814,665,459,70,0,1718,1718,34,72,134,85,187,338,420,286,151,11,0,1730,1730,28,63,86,62,108,243,394,379,308,59,0
경상남도 함안군 칠서면(4873035000),5336,5336,278,440,419,383,779,1054,964,612,356,51,0,2771,2771,153,212,236,216,437,603,527,276,105,6,0,2565,2565,125,228,183,167,342,451,437,336,251,45,0
경상남도 함안군 칠북면(4873036000),1935,1935,18,56,113,86,157,343,527,363,247,25,0,992,992,7,26,71,53,104,205,276,159,86,5,0,943,943,11,30,42,33,53,138,251,204,161,20,0
경상남도 함안군 산인면(4873038000),2749,2749,60,122,203,169,263,548,718,379,252,35,0,1381,1381,29,67,126,91,155,273,384,188,65,3,0,1368,1368,31,55,77,78,108,275,334,191,187,32,0
경상남도 함안군 여항면(4873039000),901,901,16,23,45,46,63,162,277,156,97,16,0,457,457,10,14,24,26,42,89,149,73,29,1,0,444,444,6,9,21,20,21,73,128,83,68,15,0
경상남도 창녕군 (4874000000),60951,60951,3117,4149,4737,4959,7007,10780,12348,8051,5111,678,14,30349,30349,1620,2250,2731,2738,3902,5787,6146,3512,1555,108,0,30602,30602,1497,1899,2006,2221,3105,4993,6202,4539,3556,570,14
경상남도 창녕군 창녕읍(4874025000),16872,16872,1288,1540,1682,1828,2320,2847,2735,1590,914,126,2,8354,8354,660,800,943,956,1220,1471,1299,700,281,24,0,8518,8518,628,740,739,872,1100,1376,1436,890,633,102,2
경상남도 창녕군 남지읍(4874025300),12093,12093,901,952,887,1125,1736,2110,2218,1327,736,101,0,6079,6079,464,521,499,599,959,1137,1081,572,230,17,0,6014,6014,437,431,388,526,777,973,1137,755,506,84,0
경상남도 창녕군 고암면(4874031000),2034,2034,59,144,114,99,131,316,426,395,298,51,1,1018,1018,28,96,67,55,82,168,240,170,102,10,0,1016,1016,31,48,47,44,49,148,186,225,196,41,1
경상남도 창녕군 성산면(4874032000),1586,1586,37,30,90,96,116,295,412,272,211,27,0,740,740,14,22,47,58,72,146,204,124,48,5,0,846,846,23,8,43,38,44,149,208,148,163,22,0
경상남도 창녕군 대합면(4874033000),3913,3913,101,199,269,248,390,714,836,658,446,52,0,2027,2027,51,140,173,140,227,439,434,277,140,6,0,1886,1886,50,59,96,108,163,275,402,381,306,46,0
경상남도 창녕군 이방면(4874034000),2542,2542,68,274,131,136,187,405,574,399,334,32,2,1182,1182,38,100,76,80,118,209,279,179,95,8,0,1360,1360,30,174,55,56,69,196,295,220,239,24,2
경상남도 창녕군 유어면(4874035000),1768,1768,37,48,85,103,133,279,430,387,234,32,0,864,864,25,21,52,69,76,169,215,158,74,5,0,904,904,12,27,33,34,57,110,215,229,160,27,0
경상남도 창녕군 대지면(4874036000),2575,2575,133,171,208,186,282,454,496,370,238,32,5,1349,1349,75,110,127,104,171,271,256,149,82,4,0,1226,1226,58,61,81,82,111,183,240,221,156,28,5
경상남도 창녕군 계성면(4874037000),2366,2366,63,73,167,129,208,489,534,387,280,34,2,1184,1184,37,38,102,80,121,278,278,156,93,1,0,1182,1182,26,35,65,49,87,211,256,231,187,33,2
경상남도 창녕군 영산면(4874038000),5505,5505,194,349,475,417,645,1066,1196,714,397,52,0,2786,2786,99,196,283,246,359,564,601,320,111,7,0,2719,2719,95,153,192,171,286,502,595,394,286,45,0
경상남도 창녕군 장마면(4874039000),1866,1866,37,66,97,102,152,328,434,357,263,30,0,920,920,22,44,65,57,100,174,221,155,73,9,0,946,946,15,22,32,45,52,154,213,202,190,21,0
경상남도 창녕군 도천면(4874040000),2761,2761,90,138,210,192,281,496,660,388,261,43,2,1358,1358,49,69,102,123,151,271,333,174,80,6,0,1403,1403,41,69,108,69,130,225,327,214,181,37,2
경상남도 창녕군 길곡면(4874041000),1530,1530,31,46,89,74,127,288,433,254,162,26,0,768,768,18,27,61,47,81,130,230,128,44,2,0,762,762,13,19,28,27,46,158,203,126,118,24,0
경상남도 창녕군 부곡면(4874042000),3540,3540,78,119,233,224,299,693,964,553,337,40,0,1720,1720,40,66,134,124,165,360,475,250,102,4,0,1820,1820,38,53,99,100,134,333,489,303,235,36,0
경상남도 고성군 (4882000000),51009,51009,2459,4166,3817,3694,6241,8985,9927,6769,4286,651,14,25603,25603,1236,2282,2251,2041,3464,4904,4967,3012,1332,113,1,25406,25406,1223,1884,1566,1653,2777,4081,4960,3757,2954,538,13
경상남도 고성군 고성읍(4882025000),24298,24298,1775,2678,2231,2304,3688,4292,3839,2217,1118,153,3,12211,12211,913,1485,1295,1204,1926,2238,1831,948,345,26,0,12087,12087,862,1193,936,1100,1762,2054,2008,1269,773,127,3
경상남도 고성군 삼산면(4882031000),1751,1751,42,81,83,86,165,287,457,323,198,28,1,895,895,20,48,54,57,96,167,241,149,59,4,0,856,856,22,33,29,29,69,120,216,174,139,24,1
경상남도 고성군 하일면(4882032000),1861,1861,25,112,87,88,143,291,455,389,232,39,0,910,910,12,62,55,52,95,165,207,178,74,10,0,951,951,13,50,32,36,48,126,248,211,158,29,0
경상남도 고성군 하이면(4882033000),2725,2725,99,181,235,189,296,475,597,373,237,42,1,1417,1417,46,94,149,119,175,253,316,173,83,9,0,1308,1308,53,87,86,70,121,222,281,200,154,33,1
경상남도 고성군 상리면(4882034000),1588,1588,23,66,74,61,134,273,371,319,227,39,1,781,781,12,36,48,30,82,141,204,143,77,8,0,807,807,11,30,26,31,52,132,167,176,150,31,1
경상남도 고성군 대가면(4882035000),1672,1672,34,66,77,73,128,289,413,300,239,53,0,856,856,16,39,42,52,75,172,227,145,73,15,0,816,816,18,27,35,21,53,117,186,155,166,38,0
경상남도 고성군 영현면(4882036000),858,858,14,26,45,34,47,112,210,199,150,21,0,381,381,9,12,23,17,26,60,101,89,42,2,0,477,477,5,14,22,17,21,52,109,110,108,19,0
경상남도 고성군 영오면(4882037000),1429,1429,39,56,100,70,120,253,325,233,198,34,1,699,699,14,29,66,43,77,142,170,99,56,3,0,730,730,25,27,34,27,43,111,155,134,142,31,1
경상남도 고성군 개천면(4882038000),1116,1116,23,72,57,41,74,173,278,182,182,33,1,547,547,11,37,35,24,48,99,141,87,58,7,0,569,569,12,35,22,17,26,74,137,95,124,26,1
경상남도 고성군 구만면(4882039000),1020,1020,27,34,48,40,66,180,247,195,153,28,2,512,512,13,16,32,27,38,112,140,80,47,6,1,508,508,14,18,16,13,28,68,107,115,106,22,1
경상남도 고성군 회화면(4882040000),3585,3585,143,308,253,222,394,635,792,506,293,39,0,1741,1741,66,153,133,110,207,332,407,232,96,5,0,1844,1844,77,155,120,112,187,303,385,274,197,34,0
경상남도 고성군 마암면(4882041000),1734,1734,19,53,77,61,165,341,404,338,239,36,1,868,868,8,28,49,40,97,202,218,147,75,4,0,866,866,11,25,28,21,68,139,186,191,164,32,1
경상남도 고성군 동해면(4882042000),3063,3063,64,143,171,155,277,571,709,564,358,50,1,1587,1587,31,82,97,104,193,339,363,269,103,6,0,1476,1476,33,61,74,51,84,232,346,295,255,44,1
경상남도 고성군 거류면(4882043000),4309,4309,132,290,279,270,544,813,830,631,462,56,2,2198,2198,65,161,173,162,329,482,401,273,144,8,0,2111,2111,67,129,106,108,215,331,429,358,318,48,2
경상남도 남해군 (4884000000),42688,42688,1561,2951,3201,2403,4510,7181,8426,6634,4938,868,15,20629,20629,811,1611,1976,1245,2421,3869,4114,2928,1504,149,1,22059,22059,750,1340,1225,1158,2089,3312,4312,3706,3434,719,14
경상남도 남해군 남해읍(4884025000),13158,13158,839,1421,1539,1108,1920,2201,1993,1223,781,131,2,6439,6439,416,751,924,543,921,1129,945,544,250,16,0,6719,6719,423,670,615,565,999,1072,1048,679,531,115,2
경상남도 남해군 이동면(4884031000),3711,3711,71,244,215,146,328,620,782,679,537,88,1,1781,1781,35,155,131,76,179,355,373,291,165,20,1,1930,1930,36,89,84,70,149,265,409,388,372,68,0
경상남도 남해군 상주면(4884032000),1642,1642,47,104,98,82,138,307,331,267,230,38,0,807,807,27,54,66,40,76,180,166,115,78,5,0,835,835,20,50,32,42,62,127,165,152,152,33,0
경상남도 남해군 삼동면(4884033000),3884,3884,124,174,201,190,371,650,860,707,509,97,1,1881,1881,70,100,124,102,213,362,421,322,153,14,0,2003,2003,54,74,77,88,158,288,439,385,356,83,1
경상남도 남해군 미조면(4884034000),2298,2298,78,173,173,123,251,451,509,332,172,36,0,1193,1193,38,92,124,67,140,243,261,163,60,5,0,1105,1105,40,81,49,56,111,208,248,169,112,31,0
경상남도 남해군 남면(4884035000),3484,3484,59,193,186,135,310,582,699,706,522,86,6,1656,1656,33,99,120,79,182,320,337,324,141,21,0,1828,1828,26,94,66,56,128,262,362,382,381,65,6
경상남도 남해군 서면(4884036000),2584,2584,50,88,118,101,205,409,557,497,481,76,2,1239,1239,29,54,87,55,129,242,271,213,150,9,0,1345,1345,21,34,31,46,76,167,286,284,331,67,2
경상남도 남해군 고현면(4884037000),3524,3524,112,178,204,162,312,556,710,642,529,118,1,1649,1649,63,106,109,88,180,295,337,286,157,28,0,1875,1875,49,72,95,74,132,261,373,356,372,90,1
경상남도 남해군 설천면(4884038000),2849,2849,51,114,160,106,194,462,678,532,453,98,1,1348,1348,25,57,101,60,110,248,347,236,147,17,0,1501,1501,26,57,59,46,84,214,331,296,306,81,1
경상남도 남해군 창선면(4884039000),5554,5554,130,262,307,250,481,943,1307,1049,724,100,1,2636,2636,75,143,190,135,291,495,656,434,203,14,0,2918,2918,55,119,117,115,190,448,651,615,521,86,1
경상남도 하동군 (4885000000),44326,44326,1755,2788,3296,2713,4825,8233,9151,6338,4420,787,20,22133,22133,914,1515,1966,1503,2676,4546,4737,2753,1355,163,5,22193,22193,841,1273,1330,1210,2149,3687,4414,3585,3065,624,15
경상남도 하동군 하동읍(4885025000),9877,9877,555,869,962,823,1329,1787,1696,1137,621,97,1,4870,4870,282,448,543,435,679,960,835,474,193,21,0,5007,5007,273,421,419,388,650,827,861,663,428,76,1
경상남도 하동군 화개면(4885031000),3066,3066,87,201,234,119,352,696,631,453,248,43,2,1551,1551,43,113,131,63,182,399,335,186,88,10,1,1515,1515,44,88,103,56,170,297,296,267,160,33,1
경상남도 하동군 악양면(4885032000),3522,3522,100,188,189,155,335,714,788,573,404,75,1,1739,1739,62,106,120,85,187,377,417,236,140,9,0,1783,1783,38,82,69,70,148,337,371,337,264,66,1
경상남도 하동군 적량면(4885033000),1931,1931,48,89,127,96,182,336,439,302,274,38,0,941,941,30,55,69,54,102,182,231,131,75,12,0,990,990,18,34,58,42,80,154,208,171,199,26,0
경상남도 하동군 횡천면(4885034000),1872,1872,53,70,110,101,148,343,436,291,271,47,2,924,924,26,36,65,57,96,176,236,139,78,13,2,948,948,27,34,45,44,52,167,200,152,193,34,0
경상남도 하동군 고전면(4885035000),2267,2267,63,122,146,108,219,391,521,352,277,67,1,1122,1122,38,56,99,65,124,221,272,152,84,11,0,1145,1145,25,66,47,43,95,170,249,200,193,56,1
경상남도 하동군 금남면(4885036000),3466,3466,90,145,251,183,324,649,779,582,390,71,2,1765,1765,48,73,166,123,187,382,388,256,128,14,0,1701,1701,42,72,85,60,137,267,391,326,262,57,2
경상남도 하동군 진교면(4885037000),5961,5961,348,435,461,421,781,1048,1123,723,522,96,3,2951,2951,159,241,279,213,433,556,568,324,157,21,0,3010,3010,189,194,182,208,348,492,555,399,365,75,3
경상남도 하동군 양보면(4885038000),1752,1752,22,72,83,76,141,296,381,349,274,55,3,858,858,13,33,56,47,80,162,206,163,88,9,1,894,894,9,39,27,29,61,134,175,186,186,46,2
경상남도 하동군 북천면(4885039000),1746,1746,62,85,93,102,146,281,400,304,236,37,0,851,851,28,50,49,59,83,167,217,126,64,8,0,895,895,34,35,44,43,63,114,183,178,172,29,0
경상남도 하동군 청암면(4885040000),1489,1489,59,128,74,85,125,256,393,219,123,26,1,779,779,35,87,39,45,75,141,211,111,31,4,0,710,710,24,41,35,40,50,115,182,108,92,22,1
경상남도 하동군 옥종면(4885041000),4309,4309,149,229,259,233,379,830,979,643,510,94,4,2164,2164,80,125,152,130,227,463,519,291,156,20,1,2145,2145,69,104,107,103,152,367,460,352,354,74,3
경상남도 하동군 금성면(4885042000),3068,3068,119,155,307,211,364,606,585,410,270,41,0,1618,1618,70,92,198,127,221,360,302,164,73,11,0,1450,1450,49,63,109,84,143,246,283,246,197,30,0
경상남도 산청군 (4886000000),34668,34668,1281,2069,2375,2079,3430,6372,7546,5227,3703,572,14,17048,17048,671,1116,1359,1108,1896,3462,3904,2321,1098,111,2,17620,17620,610,953,1016,971,1534,2910,3642,2906,2605,461,12
경상남도 산청군 산청읍(4886025000),6801,6801,369,540,629,605,813,1136,1199,852,551,104,3,3291,3291,187,284,361,304,409,594,600,375,158,19,0,3510,3510,182,256,268,301,404,542,599,477,393,85,3
경상남도 산청군 차황면(4886031000),1387,1387,42,37,59,57,108,221,343,263,226,31,0,679,679,21,25,31,34,64,141,175,119,61,8,0,708,708,21,12,28,23,44,80,168,144,165,23,0
경상남도 산청군 오부면(4886032000),1074,1074,36,46,45,45,89,169,219,204,189,31,1,518,518,16,29,22,21,56,104,116,84,64,6,0,556,556,20,17,23,24,33,65,103,120,125,25,1
경상남도 산청군 생초면(4886033000),2028,2028,53,92,98,85,135,312,454,428,324,45,2,980,980,36,56,58,49,93,181,232,172,95,7,1,1048,1048,17,36,40,36,42,131,222,256,229,38,1
경상남도 산청군 금서면(4886034000),2885,2885,87,160,151,188,266,523,606,494,345,64,1,1426,1426,48,86,86,103,159,293,315,210,110,16,0,1459,1459,39,74,65,85,107,230,291,284,235,48,1
경상남도 산청군 삼장면(4886035000),1827,1827,31,71,104,67,148,386,449,324,219,27,1,901,901,22,44,59,42,82,202,232,139,74,5,0,926,926,9,27,45,25,66,184,217,185,145,22,1
경상남도 산청군 시천면(4886036000),4158,4158,120,283,303,208,447,880,943,571,345,56,2,2060,2060,58,156,164,106,236,470,462,267,124,16,1,2098,2098,62,127,139,102,211,410,481,304,221,40,1
경상남도 산청군 단성면(4886037000),5597,5597,161,207,347,279,523,1142,1381,892,577,85,3,2816,2816,98,111,205,157,309,607,728,424,168,9,0,2781,2781,63,96,142,122,214,535,653,468,409,76,3
경상남도 산청군 신안면(4886038000),5655,5655,310,488,489,412,649,1067,1142,586,453,59,0,2782,2782,154,242,286,215,325,543,621,260,126,10,0,2873,2873,156,246,203,197,324,524,521,326,327,49,0
경상남도 산청군 생비량면(4886039000),1177,1177,36,43,54,58,83,176,319,219,158,31,0,564,564,16,21,31,34,56,109,162,92,38,5,0,613,613,20,22,23,24,27,67,157,127,120,26,0
경상남도 산청군 신등면(4886040000),2079,2079,36,102,96,75,169,360,491,394,316,39,1,1031,1031,15,62,56,43,107,218,261,179,80,10,0,1048,1048,21,40,40,32,62,142,230,215,236,29,1
경상남도 함양군 (4887000000),39008,39008,1758,2934,3083,2581,4317,6801,7535,5501,3880,599,19,18824,18824,885,1525,1749,1328,2365,3650,3765,2268,1166,120,3,20184,20184,873,1409,1334,1253,1952,3151,3770,3233,2714,479,16
경상남도 함양군 함양읍(4887025000),18434,18434,1273,1882,1925,1622,2640,3230,2821,1789,1093,155,4,8929,8929,641,969,1072,797,1335,1702,1318,739,333,22,1,9505,9505,632,913,853,825,1305,1528,1503,1050,760,133,3
경상남도 함양군 마천면(4887031000),2160,2160,42,109,92,99,171,462,516,358,260,49,2,1040,1040,19,58,56,55,103,245,272,145,81,6,0,1120,1120,23,51,36,44,68,217,244,213,179,43,2
경상남도 함양군 휴천면(4887032000),1591,1591,35,63,66,65,139,292,356,322,215,37,1,787,787,18,30,38,30,87,180,205,129,65,5,0,804,804,17,33,28,35,52,112,151,193,150,32,1
경상남도 함양군 유림면(4887033000),1639,1639,21,66,89,67,98,269,373,341,265,49,1,774,774,6,30,58,37,62,143,201,157,72,8,0,865,865,15,36,31,30,36,126,172,184,193,41,1
경상남도 함양군 수동면(4887034000),2443,2443,55,187,203,145,215,382,530,401,292,33,0,1198,1198,29,105,110,83,139,211,266,158,88,9,0,1245,1245,26,82,93,62,76,171,264,243,204,24,0
경상남도 함양군 지곡면(4887035000),2056,2056,58,100,101,106,168,343,458,384,294,43,1,997,997,32,47,70,62,97,183,244,156,96,10,0,1059,1059,26,53,31,44,71,160,214,228,198,33,1
경상남도 함양군 안의면(4887036000),4518,4518,124,246,239,236,410,719,997,818,613,112,4,2138,2138,57,132,140,124,257,389,487,328,194,30,0,2380,2380,67,114,99,112,153,330,510,490,419,82,4
경상남도 함양군 서하면(4887037000),1437,1437,36,44,77,57,99,254,379,244,216,31,0,686,686,22,24,53,33,59,131,194,99,66,5,0,751,751,14,20,24,24,40,123,185,145,150,26,0
경상남도 함양군 서상면(4887038000),1832,1832,51,94,114,83,144,301,416,348,248,30,3,857,857,25,45,54,42,88,160,221,152,59,9,2,975,975,26,49,60,41,56,141,195,196,189,21,1
경상남도 함양군 백전면(4887039000),1559,1559,39,66,83,55,117,284,406,285,192,31,1,769,769,22,40,48,34,68,148,210,129,59,11,0,790,790,17,26,35,21,49,136,196,156,133,20,1
경상남도 함양군 병곡면(4887040000),1339,1339,24,77,94,46,116,265,283,211,192,29,2,649,649,14,45,50,31,70,158,147,76,53,5,0,690,690,10,32,44,15,46,107,136,135,139,24,2
경상남도 거창군 (4888000000),61877,61877,3711,5924,5997,4930,7703,10403,10525,6966,4926,769,23,30361,30361,1915,3214,3579,2546,3921,5418,5151,2896,1543,172,6,31516,31516,1796,2710,2418,2384,3782,4985,5374,4070,3383,597,17
경상남도 거창군 거창읍(4888025000),41188,41188,3266,5059,4913,4029,6158,6865,5646,3209,1770,263,10,20365,20365,1683,2766,2906,1999,2998,3424,2660,1305,562,60,2,20823,20823,1583,2293,2007,2030,3160,3441,2986,1904,1208,203,8
경상남도 거창군 주상면(4888031000),1524,1524,19,61,73,60,101,255,377,281,253,44,0,753,753,12,33,50,31,71,141,208,120,77,10,0,771,771,7,28,23,29,30,114,169,161,176,34,0
경상남도 거창군 웅양면(4888032000),1886,1886,46,90,127,68,162,324,390,349,286,43,1,927,927,26,52,77,38,91,201,185,145,99,13,0,959,959,20,38,50,30,71,123,205,204,187,30,1
경상남도 거창군 고제면(4888033000),1405,1405,31,42,79,54,98,287,358,234,177,44,1,717,717,18,20,48,40,56,166,187,106,56,19,1,688,688,13,22,31,14,42,121,171,128,121,25,0
경상남도 거창군 북상면(4888034000),1542,1542,24,55,68,63,124,268,364,281,253,41,1,757,757,11,33,40,38,76,157,188,121,83,9,1,785,785,13,22,28,25,48,111,176,160,170,32,0
경상남도 거창군 위천면(4888035000),1974,1974,44,150,102,89,163,326,469,319,261,51,0,920,920,24,71,60,45,93,181,229,125,84,8,0,1054,1054,20,79,42,44,70,145,240,194,177,43,0
경상남도 거창군 마리면(4888036000),1998,1998,35,86,111,98,150,331,482,343,326,36,0,954,954,17,44,66,57,86,189,259,129,100,7,0,1044,1044,18,42,45,41,64,142,223,214,226,29,0
경상남도 거창군 남상면(4888037000),2343,2343,54,72,134,122,165,408,554,419,355,58,2,1143,1143,25,41,91,88,95,219,288,185,102,9,0,1200,1200,29,31,43,34,70,189,266,234,253,49,2
경상남도 거창군 남하면(4888038000),1451,1451,32,45,76,61,105,232,358,258,247,34,3,674,674,13,22,46,35,64,124,185,111,70,3,1,777,777,19,23,30,26,41,108,173,147,177,31,2
경상남도 거창군 신원면(4888039000),1490,1490,34,37,55,45,93,222,359,366,235,44,0,719,719,20,24,37,26,67,126,172,169,65,13,0,771,771,14,13,18,19,26,96,187,197,170,31,0
경상남도 거창군 가조면(4888040000),3714,3714,92,182,210,200,292,652,838,652,517,76,3,1777,1777,49,88,121,121,173,353,421,279,159,12,1,1937,1937,43,94,89,79,119,299,417,373,358,64,2
경상남도 거창군 가북면(4888041000),1362,1362,34,45,49,41,92,233,330,255,246,35,2,655,655,17,20,37,28,51,137,169,101,86,9,0,707,707,17,25,12,13,41,96,161,154,160,26,2
경상남도 합천군 (4889000000),43617,43617,1550,2371,2963,2472,4172,7423,9364,7107,5452,713,30,21075,21075,812,1242,1700,1384,2381,4108,4759,2930,1614,142,3,22542,22542,738,1129,1263,1088,1791,3315,4605,4177,3838,571,27
경상남도 합천군 합천읍(4889025000),11223,11223,798,1122,1197,994,1649,1960,1678,1072,669,78,6,5473,5473,419,581,643,496,835,996,818,442,228,13,2,5750,5750,379,541,554,498,814,964,860,630,441,65,4
경상남도 합천군 봉산면(4889031000),1436,1436,22,43,58,50,97,248,384,267,235,31,1,687,687,12,23,31,26,54,125,219,121,68,8,0,749,749,10,20,27,24,43,123,165,146,167,23,1
경상남도 합천군 묘산면(4889032000),1564,1564,17,61,57,71,102,234,379,321,278,44,0,758,758,11,35,34,45,57,136,207,133,92,8,0,806,806,6,26,23,26,45,98,172,188,186,36,0
경상남도 합천군 가야면(4889033000),4248,4248,96,202,260,208,376,848,965,738,491,60,4,2090,2090,45,109,151,119,231,489,477,316,139,14,0,2158,2158,51,93,109,89,145,359,488,422,352,46,4
경상남도 합천군 야로면(4889034000),2404,2404,70,126,129,133,221,385,585,381,326,47,1,1141,1141,33,70,76,80,130,206,292,150,97,7,0,1263,1263,37,56,53,53,91,179,293,231,229,40,1
경상남도 합천군 율곡면(4889035000),2240,2240,41,61,135,99,160,373,563,434,327,45,2,1132,1132,25,31,91,65,103,228,300,178,107,4,0,1108,1108,16,30,44,34,57,145,263,256,220,41,2
경상남도 합천군 초계면(4889036000),2465,2465,72,117,187,139,226,393,571,426,285,47,2,1184,1184,36,65,110,92,132,198,276,179,83,13,0,1281,1281,36,52,77,47,94,195,295,247,202,34,2
경상남도 합천군 쌍책면(4889037000),1267,1267,24,26,48,47,74,189,374,253,207,25,0,606,606,13,8,30,30,54,103,196,110,55,7,0,661,661,11,18,18,17,20,86,178,143,152,18,0
경상남도 합천군 덕곡면(4889038000),855,855,12,20,44,23,58,141,209,169,161,18,0,424,424,7,11,27,14,42,90,104,73,53,3,0,431,431,5,9,17,9,16,51,105,96,108,15,0
경상남도 합천군 청덕면(4889039000),1645,1645,28,38,78,82,109,268,401,329,263,48,1,792,792,19,21,43,49,71,156,218,124,84,7,0,853,853,9,17,35,33,38,112,183,205,179,41,1
경상남도 합천군 적중면(4889040000),1413,1413,30,53,78,60,87,226,318,296,242,21,2,659,659,11,25,45,39,63,124,158,117,73,3,1,754,754,19,28,33,21,24,102,160,179,169,18,1
경상남도 합천군 대양면(4889041000),1871,1871,133,86,119,157,196,279,356,272,243,28,2,921,921,66,51,67,84,118,168,191,102,69,5,0,950,950,67,35,52,73,78,111,165,170,174,23,2
경상남도 합천군 쌍백면(4889042000),1770,1770,37,47,72,59,91,282,431,366,346,39,0,831,831,25,23,47,39,59,171,230,136,92,9,0,939,939,12,24,25,20,32,111,201,230,254,30,0
경상남도 합천군 삼가면(4889043000),3206,3206,76,120,204,120,284,544,721,622,451,64,0,1474,1474,36,63,126,73,164,307,334,251,109,11,0,1732,1732,40,57,78,47,120,237,387,371,342,53,0
경상남도 합천군 가회면(4889044000),1739,1739,26,71,73,64,115,311,399,385,254,41,0,828,828,11,33,43,38,76,175,210,171,62,9,0,911,911,15,38,30,26,39,136,189,214,192,32,0
경상남도 합천군 대병면(4889045000),2026,2026,32,99,119,72,155,358,502,334,313,36,6,972,972,20,55,74,36,78,211,252,141,91,14,0,1054,1054,12,44,45,36,77,147,250,193,222,22,6
경상남도 합천군 용주면(4889046000),2245,2245,36,79,105,94,172,384,528,442,361,41,3,1103,1103,23,38,62,59,114,225,277,186,112,7,0,1142,1142,13,41,43,35,58,159,251,256,249,34,3
제주특별자치도  (5000000000),674484,674484,59731,70313,82061,81786,112368,112891,81269,45495,24296,4078,196,338422,338422,30727,36776,43386,41241,57732,58751,40362,20665,8170,597,15,336062,336062,29004,33537,38675,40545,54636,54140,40907,24830,16126,3481,181
제주특별자치도 제주시 (5011000000),492168,492168,45205,52878,63157,62155,82911,81095,55924,30124,15800,2789,130,246287,246287,23204,27632,33238,31403,42092,41689,27702,13616,5293,407,11,245881,245881,22001,25246,29919,30752,40819,39406,28222,16508,10507,2382,119
제주특별자치도 제주시 한림읍(5011025000),21224,21224,1499,1760,2065,2114,3480,3890,3088,1958,1166,191,13,10906,10906,751,971,1171,1090,1895,2179,1598,856,357,37,1,10318,10318,748,789,894,1024,1585,1711,1490,1102,809,154,12
제주특별자치도 제주시 애월읍(5011025300),37127,37127,3460,3483,3664,4371,6531,6435,4574,2634,1641,324,10,19031,19031,1811,1829,1996,2190,3521,3467,2400,1234,542,39,2,18096,18096,1649,1654,1668,2181,3010,2968,2174,1400,1099,285,8
제주특별자치도 제주시 구좌읍(5011025600),15425,15425,914,1133,1329,1566,2332,2815,2333,1607,1182,205,9,7930,7930,501,589,753,811,1365,1615,1197,743,328,25,3,7495,7495,413,544,576,755,967,1200,1136,864,854,180,6
제주특별자치도 제주시 조천읍(5011025900),25380,25380,2205,2221,2665,3022,4142,4400,3357,1989,1172,197,10,12990,12990,1165,1147,1485,1518,2218,2351,1748,916,411,30,1,12390,12390,1040,1074,1180,1504,1924,2049,1609,1073,761,167,9
제주특별자치도 제주시 한경면(5011031000),9097,9097,519,565,751,787,1405,1646,1536,987,757,138,6,4585,4585,266,279,417,396,835,944,777,441,211,19,0,4512,4512,253,286,334,391,570,702,759,546,546,119,6
제주특별자치도 제주시 추자면(5011032000),1632,1632,60,79,110,103,191,303,335,265,157,29,0,872,872,29,40,53,67,123,198,178,132,49,3,0,760,760,31,39,57,36,68,105,157,133,108,26,0
제주특별자치도 제주시 우도면(5011033000),1722,1722,87,101,156,174,259,349,261,176,135,24,0,897,897,46,47,85,100,174,188,148,72,33,4,0,825,825,41,54,71,74,85,161,113,104,102,20,0
제주특별자치도 제주시 일도1동(5011051000),2464,2464,93,130,236,219,329,483,513,304,131,25,1,1301,1301,46,65,132,128,191,298,258,129,47,7,0,1163,1163,47,65,104,91,138,185,255,175,84,18,1
제주특별자치도 제주시 일도2동(5011052000),32678,32678,2742,3683,4314,3787,5020,5406,4267,2300,1024,129,6,16089,16089,1374,1951,2331,1903,2489,2608,2012,1015,380,25,1,16589,16589,1368,1732,1983,1884,2531,2798,2255,1285,644,104,5
제주특별자치도 제주시 이도1동(5011053000),7541,7541,491,731,1069,889,1055,1297,1050,566,329,57,7,3744,3744,250,378,528,484,545,647,529,260,115,8,0,3797,3797,241,353,541,405,510,650,521,306,214,49,7
제주특별자치도 제주시 이도2동(5011054000),49555,49555,4484,6138,7371,6539,8320,7786,5120,2525,1085,182,5,24287,24287,2329,3153,3720,3295,4052,3784,2392,1165,368,29,0,25268,25268,2155,2985,3651,3244,4268,4002,2728,1360,717,153,5
제주특별자치도 제주시 삼도1동(5011055000),13503,13503,1061,1407,1697,1453,2160,2227,1637,1201,578,79,3,6617,6617,534,681,904,744,1097,1124,765,518,239,11,0,6886,6886,527,726,793,709,1063,1103,872,683,339,68,3
제주특별자치도 제주시 삼도2동(5011056000),7923,7923,467,667,922,909,1194,1438,1221,687,340,67,11,4101,4101,243,363,516,507,646,786,618,286,124,10,2,3822,3822,224,304,406,402,548,652,603,401,216,57,9
제주특별자치도 제주시 용담1동(5011057000),6962,6962,398,597,897,633,1078,1304,1025,657,315,53,5,3579,3579,207,306,498,351,594,700,500,297,120,6,0,3383,3383,191,291,399,282,484,604,525,360,195,47,5
제주특별자치도 제주시 용담2동(5011058000),14625,14625,1071,1382,1857,1556,2159,2481,2111,1297,607,100,4,7426,7426,548,733,1009,854,1140,1299,1032,588,216,7,0,7199,7199,523,649,848,702,1019,1182,1079,709,391,93,4
제주특별자치도 제주시 건입동(5011059000),8922,8922,626,759,1025,960,1267,1513,1489,826,382,73,2,4538,4538,306,407,568,500,669,827,734,379,133,15,0,4384,4384,320,352,457,460,598,686,755,447,249,58,2
제주특별자치도 제주시 화북동(5011060000),24380,24380,2446,3004,3132,2838,4117,4081,2694,1317,634,109,8,12112,12112,1247,1614,1660,1445,2066,1978,1329,571,190,12,0,12268,12268,1199,1390,1472,1393,2051,2103,1365,746,444,97,8
제주특별자치도 제주시 삼양동(5011061000),25767,25767,3625,3173,2871,3840,4838,3440,2225,1098,543,113,1,12938,12938,1859,1692,1520,1895,2458,1727,1079,498,192,18,0,12829,12829,1766,1481,1351,1945,2380,1713,1146,600,351,95,1
제주특별자치도 제주시 봉개동(5011062000),5271,5271,542,433,648,785,823,799,613,350,232,45,1,2744,2744,285,235,348,414,441,438,328,165,83,7,0,2527,2527,257,198,300,371,382,361,285,185,149,38,1
제주특별자치도 제주시 아라동(5011063000),38176,38176,4590,4499,5542,5949,6866,5402,3091,1431,652,149,5,18889,18889,2328,2185,2740,2938,3411,2821,1577,648,222,19,0,19287,19287,2262,2314,2802,3011,3455,2581,1514,783,430,130,5
제주특별자치도 제주시 오라동(5011064000),15790,15790,2201,1750,1841,2541,2862,2258,1339,610,315,65,8,8002,8002,1109,964,1006,1231,1476,1133,681,283,108,10,1,7788,7788,1092,786,835,1310,1386,1125,658,327,207,55,7
제주특별자치도 제주시 연동(5011065000),41949,41949,3011,4148,7143,6071,7161,7029,4571,1937,743,130,5,20534,20534,1529,2197,3570,3122,3387,3364,2182,891,263,29,0,21415,21415,1482,1951,3573,2949,3774,3665,2389,1046,480,101,5
제주특별자치도 제주시 노형동(5011066000),55222,55222,5175,7336,8430,6870,9798,9654,4779,2080,931,164,5,27056,27056,2692,3869,4415,3324,4464,4741,2276,930,324,21,0,28166,28166,2483,3467,4015,3546,5334,4913,2503,1150,607,143,5
제주특별자치도 제주시 외도동(5011067000),21982,21982,2755,2951,2472,3109,4280,3263,1718,888,456,88,2,11021,11021,1401,1567,1297,1527,2128,1717,834,408,133,9,0,10961,10961,1354,1384,1175,1582,2152,1546,884,480,323,79,2
제주특별자치도 제주시 이호동(5011068000),4568,4568,387,408,592,616,699,810,581,276,173,25,1,2372,2372,199,211,322,334,389,424,307,119,64,3,0,2196,2196,188,197,270,282,310,386,274,157,109,22,1
제주특별자치도 제주시 도두동(5011069000),3283,3283,296,340,358,454,545,586,396,158,120,28,2,1726,1726,149,159,194,235,318,331,223,72,41,4,0,1557,1557,147,181,164,219,227,255,173,86,79,24,2
제주특별자치도 서귀포시 (5013000000),182316,182316,14526,17435,18904,19631,29457,31796,25345,15371,8496,1289,66,92135,92135,7523,9144,10148,9838,15640,17062,12660,7049,2877,190,4,90181,90181,7003,8291,8756,9793,13817,14734,12685,8322,5619,1099,62
제주특별자치도 서귀포시 대정읍(5013025000),21859,21859,1860,2567,1804,1978,4002,3618,2799,1840,1186,191,14,10622,10622,999,1310,965,883,1902,1927,1385,824,397,28,2,11237,11237,861,1257,839,1095,2100,1691,1414,1016,789,163,12
제주특별자치도 서귀포시 남원읍(5013025300),18729,18729,1132,1511,1925,1622,2691,3574,2898,1948,1255,168,5,9685,9685,613,813,1078,846,1504,1981,1479,896,444,31,0,9044,9044,519,698,847,776,1187,1593,1419,1052,811,137,5
제주특별자치도 서귀포시 성산읍(5013025900),15437,15437,890,1044,1410,1444,2111,3120,2752,1544,933,181,8,8083,8083,463,558,764,781,1223,1738,1499,733,300,24,0,7354,7354,427,486,646,663,888,1382,1253,811,633,157,8
제주특별자치도 서귀포시 안덕면(5013031000),12121,12121,891,991,1340,1307,1927,2194,1648,1043,660,113,7,6261,6261,450,542,736,691,1055,1232,861,484,197,12,1,5860,5860,441,449,604,616,872,962,787,559,463,101,6
제주특별자치도 서귀포시 표선면(5013032000),12334,12334,821,968,1223,1104,1916,2393,1988,1176,656,84,5,6313,6313,420,537,688,550,1075,1276,992,550,217,8,0,6021,6021,401,431,535,554,841,1117,996,626,439,76,5
제주특별자치도 서귀포시 송산동(5013051000),4061,4061,221,325,424,358,582,759,667,481,210,31,3,2149,2149,120,179,235,197,346,429,336,230,72,4,1,1912,1912,101,146,189,161,236,330,331,251,138,27,2
제주특별자치도 서귀포시 정방동(5013052000),2126,2126,109,136,172,206,318,439,418,213,95,19,1,1074,1074,55,80,87,117,178,229,198,93,35,2,0,1052,1052,54,56,85,89,140,210,220,120,60,17,1
제주특별자치도 서귀포시 중앙동(5013053000),3383,3383,165,224,325,266,449,696,673,379,193,13,0,1614,1614,78,118,182,138,242,342,283,156,73,2,0,1769,1769,87,106,143,128,207,354,390,223,120,11,0
제주특별자치도 서귀포시 천지동(5013054000),3453,3453,160,237,344,361,514,676,613,361,167,20,0,1746,1746,80,129,187,196,277,366,289,155,62,5,0,1707,1707,80,108,157,165,237,310,324,206,105,15,0
제주특별자치도 서귀포시 효돈동(5013055000),5267,5267,371,405,536,559,729,906,821,553,343,42,2,2660,2660,171,222,261,296,408,504,417,251,124,6,0,2607,2607,200,183,275,263,321,402,404,302,219,36,2
제주특별자치도 서귀포시 영천동(5013056000),5151,5151,282,434,563,452,724,980,759,556,332,66,3,2622,2622,130,217,328,237,399,540,381,265,118,7,0,2529,2529,152,217,235,215,325,440,378,291,214,59,3
제주특별자치도 서귀포시 동홍동(5013057000),23193,23193,2067,3165,2791,2424,3938,3949,2723,1457,589,87,3,11321,11321,1033,1619,1472,1186,1934,1978,1245,635,200,19,0,11872,11872,1034,1546,1319,1238,2004,1971,1478,822,389,68,3
제주특별자치도 서귀포시 서홍동(5013058000),10810,10810,1178,1424,1235,1209,1972,1613,1132,722,283,40,2,5342,5342,582,713,652,555,1000,846,551,332,100,11,0,5468,5468,596,711,583,654,972,767,581,390,183,29,2
제주특별자치도 서귀포시 대륜동(5013059000),15033,15033,1553,1346,1544,2206,2566,2272,1931,1075,469,66,5,7619,7619,839,730,817,1093,1367,1171,940,486,167,9,0,7414,7414,714,616,727,1113,1199,1101,991,589,302,57,5
제주특별자치도 서귀포시 대천동(5013060000),13878,13878,1653,1256,1446,2170,2476,2025,1550,839,396,64,3,7064,7064,872,667,751,1046,1337,1082,770,406,126,7,0,6814,6814,781,589,695,1124,1139,943,780,433,270,57,3
제주특별자치도 서귀포시 중문동(5013061000),11573,11573,934,1149,1344,1539,2002,1897,1344,810,488,61,5,5956,5956,494,586,703,787,1098,1037,694,379,168,10,0,5617,5617,440,563,641,752,904,860,650,431,320,51,5
제주특별자치도 서귀포시 예래동(5013062000),3908,3908,239,253,478,426,540,685,629,374,241,43,0,2004,2004,124,124,242,239,295,384,340,174,77,5,0,1904,1904,115,129,236,187,245,301,289,200,164,38,0
,,,,,,,,,,,,,,,,,,,,,,,,,,,,,,,,,,,,,,,
